0 0.27841422420225953 0.5641915078893665 0.03481292069139794 0.06989583774894789
0 0.3926659069678514 0.29290183964786454 0.03569345909205772 0.04651290145127884
0 0.5078422775801071 0.258603739918017 0.06551735141192587 0.052237111795565117
0 0.47699177969167816 0.4319221888295578 0.03816524122451135 0.0778174651536098
0 0.5398494808661771 0.475565550625123 0.050710705331134066 0.07981647477225665
0 0.6597073397999503 0.4953919557045989 0.05797763605166182 0.061339293283910835
0 0.6946158857224575 0.5857639845605395 0.05116534639736088 0.09544147477225665
0 0.7894486640939874 0.5249480248492253 0.04887542069139776 0.0703869110699257
0 0.9009771974800824 0.5085095477147161 0.0550799565847754 0.06904266587924912
0 0.11513532271119145 0.6390401965492882 0.05779577962517113 0.05508929328391084
0 0.5264963715366925 0.6119569184111379 0.046949207838416385 0.05783234736759475
0 0.6850700188046185 0.18815237457907283 0.029579851411925873 0.05098214664195542
0 0.6924756903539462 0.2830382886442234 0.032659387305303156 0.04952877404661713
0 0.23411996958340603 0.3663517194147789 0.04400606426490725 0.06397321996293304
0 0.14659723753009468 0.36407740208425105 0.041852530878812376 0.04360615626060227