0 0.47109375 0.3163933279360484 0.040625 0.056722714672181596
0 0.3 0.25354043395927456 0.028125 0.03626476400381797
0 0.4484375 0.16353195727245734 0.040625 0.047347714672181594
0 0.73671875 0.2718962512333228 0.0328125 0.04256930800445433
0 0.88359375 0.285030955880051 0.0453125 0.05677725867281787
0 0.67890625 0.32413146057450426 0.0375 0.04262385200509069
0 0.44609375 0.4979342292727755 0.03125 0.05661362667090888
0 0.34921875 0.3709364719525931 0.0375 0.05668635200509069
0 0.39140625 0.33997682594686607 0.034375 0.06289998933799978
0 0.778125 0.5573519458943685 0.0375 0.05356135200509069
0 0.4515625 0.6174018446053664 0.0375 0.04418635200509069
0 0.3296875 0.7547574886219112 0.028125 0.05032726400381797
0 0.2796875 0.6194017912953654 0.05 0.059956802673454136
0 0.25625 0.7743620112985471 0.0421875 0.06767839600572696
0 0.3578125 0.6231802246180932 0.034375 0.048837489337999786
0 0.4359375 0.6964899079408209 0.053125 0.05374316534054522
0 0.303125 0.44725407129218375 0.040625 0.0629727146721816
0 0.3 0.5386966839592746 0.0375 0.05668635200509069
0 0.54375 0.4374228959261853 0.0375 0.050436352005090515
0 0.49609375 0.6778211765993213 0.059375 0.060065890674726855
0 0.56171875 0.8090888105904126 0.05 0.06933180267345414
0 0.615625 0.7826803045830948 0.034375 0.06289998933799978
0 0.72265625 0.09080988323523179 0.03125 0.0534886266709089
0 0.825 0.04118150588800515 0.040625 0.036410214672181564
0 0.59609375 0.2540013212524128 0.040625 0.05359771467218159
0 0.40859375 0.12258933127786617 0.0640625 0.05387043467536321
0 0.83984375 0.6527275332193234 0.025 0.05654090133672707