0 0.57734375 0.715625 0.0515625 0.04375
0 0.39296875 0.37734375 0.040625 0.05546875
0 0.440625 0.33359375 0.04375 0.0484375
0 0.7125 0.3140625 0.03828125 0.0390625
0 0.7515625 0.6609375 0.03046875 0.05390625
0 0.77265625 0.60546875 0.02890625 0.046875
0 0.30234375 0.41015625 0.0328125 0.0390625
0 0.22578125 0.3734375 0.0359375 0.05859375
0 0.83203125 0.0375 0.01875 0.0421875
0 0.9421875 0.246875 0.0265625 0.04375
0 0.53046875 0.584375 0.0484375 0.0453125
0 0.5578125 0.24140625 0.04140625 0.0421875
0 0.7578125 0.7375 0.0265625 0.0421875
0 0.0859375 0.2546875 0.028125 0.04375
0 0.0703125 0.48203125 0.04375 0.05078125
0 0.359375 0.5421875 0.0328125 0.06015625
0 0.41484375 0.584375 0.028125 0.05078125
0 0.671875 0.5859375 0.04609375 0.0421875
0 0.24609375 0.67109375 0.02265625 0.0421875
0 0.40234375 0.66796875 0.03046875 0.05390625
0 0.51015625 0.76953125 0.03515625 0.0375
0 0.82890625 0.80546875 0.03125 0.040625