0 0.1713690245947713 0.16903016864259202 0.05098214664195542 0.028706802673454223
0 0.056376452454919936 0.2640801339910913 0.06446429328391082 0.05697725334181776
0 0.4564930143431523 0.300813781269912 0.049583337748947895 0.03337612133990877
0 0.4242335858500314 0.3300836579408209 0.04127976442797028 0.019222714672181597
0 0.552207307627063 0.2434729012571853 0.025873019237293703 0.025290901336727067
0 0.5954662343060854 0.25702632391791286 0.04495040145127884 0.0348840773392725
0 0.618164635124392 0.34500758191441305 0.030997028855940557 0.03784544533736343
0 0.6517955906593549 0.3211882739099587 0.033958337748947895 0.03319430800445433
0 0.7046502613479273 0.2612223805697317 0.0386458377489479 0.03324885200509069
0 0.7554240768643568 0.2161184185630502 0.035684528855940555 0.03789998933799978
0 0.7887375738691318 0.1790269512253686 0.032232146641955596 0.02848862667090888
0 0.4008977456540127 0.528712061943048 0.06849702885594056 0.03828179734245403
0 0.1877975449283733 0.5483722233052285 0.0633730192372937 0.025727253341817757
0 0.2805207582678845 0.5543216839592746 0.03455853847458741 0.05038180800445424
0 0.3336804746026205 0.597435337285184 0.04338790145127884 0.034865896005727134
0 0.2479860220628826 0.6585642886298653 0.04495040145127884 0.0348840773392725
0 0.26964771253690295 0.7762330466263655 0.04484127404661713 0.0317590773392725
0 0.344074793662429 0.7917665926161841 0.02609127404661713 0.031540901336727066
0 0.3372072347694215 0.7871609086171387 0.04969246515360961 0.03650112133990877
0 0.4625594096343453 0.842710379933185 0.05098214664195542 0.02870680267345449
0 0.47771072759784544 0.6324632232654576 0.03702877404661713 0.03166817067154533
0 0.495736530500403 0.5635314099300033 0.02932540145127884 0.03470226400381797
0 0.5689086464723194 0.6150024559198218 0.03870040145127884 0.03481135200509069
0 0.6384746128070554 0.6579252052435042 0.03535714664195542 0.028524989337999785
0 0.33087044393258147 0.677904087285184 0.043060519237293704 0.025490896005727137
0 0.4028644950210406 0.6512955866088663 0.051145837748947896 0.03339430267345413
0 0.5777057823145016 0.5196263212524128 0.04684028366526398 0.044277258672817864
0 0.8112548591788584 0.7418173052196415 0.034176592558271324 0.03944430800445424
0 0.6734547919331485 0.5060172599061407 0.028888891832631814 0.022202264003817973
0 0.4894815852170592 0.45193083859804856 0.05109127404661713 0.03183180267345413
0 0.5290450822218343 0.4147666459261853 0.04640377404661713 0.03177725867281787
0 0.6484498466498045 0.3946348645767314 0.04371528366526398 0.044240896005727046
0 0.6070783129845407 0.4388484885821402 0.04138889183263199 0.022347714672181596
0 0.7058630425661206 0.38303374590232264 0.020277783665263983 0.043968176002545434
0 0.8027752481010835 0.3584780938892778 0.028998019237293705 0.025327264003817972
0 0.7647742510963084 0.39562410522759583 0.04327877404661713 0.03174089600572696
0 0.13237346806401656 0.3241085673138191 0.054161710344286275 0.03030566534054513
0 0.2567683220550333 0.22816826396404713 0.035520837748947987 0.033212489337999786
0 0.20511405281773962 0.25375915730427406 0.03864583774894799 0.03324885200509069
0 0.253477141747814 0.3000523546308198 0.030560519237293703 0.025345445337363513
0 0.4678521549946579 0.19916037460218478 0.041770837748947895 0.033285214672181596
0 0.6569518605296207 0.1735320239099587 0.03255952885594056 0.03786362667090888
0 0.7081696201482676 0.16044113056973172 0.05432540145127884 0.034993165340545127