1 0.6164581273785054 0.961288111704166 0.0362850098858317 0.04767508700597247
1 0.544201125401339 0.9723360208984719 0.03552100593149898 0.02892508700597247
1 0.6655959643366437 0.9429732163775689 0.02716467787060921 0.0537068814588892
4 0.7635731382901013 0.5114127854317702 0.06644735376405234 0.0983297036472223
4 0.5338843438038584 0.7274962995838189 0.057581689733607534 0.11061149810013901
0 0.6532564263133724 0.7286204288585063 0.06443918479069151 0.08735583605604162
0 0.049167728726871224 0.6688396125571875 0.09833545745374245 0.14963893692972227
0 0.2626937292025723 0.4871674659963192 0.10126802273741298 0.11006729065319458
0 0.06224008444949932 0.8880253704409722 0.12448016889899864 0.22394925911805572
0 0.15922790061020992 0.8618784848980207 0.1458112015966055 0.1688617156150695
6 0.34344107452648653 0.8232484767298954 0.1687685405319101 0.19593336189159735
0 0.568422394753073 0.09057752783232591 0.15053319368794008 0.13150718597979177