0 0.6821544916714052 0.7469905702637994 0.11593801779449713 0.08502950585373234
8 0.7976150069944443 0.8189923144100669 0.06090300790866543 0.03784543364502539
8 0.6961413958160183 0.6875201214934634 0.07678267589344294 0.04418633723582168
8 0.7180694284392629 0.8421167179026673 0.08972834486680377 0.05519656010845857
4 0.7989388601898428 0.12547568120913857 0.31350272037968574 0.25095136241827715
7 0.11957357862954343 0.7674551447120016 0.04795733893530465 0.026835210772388506
7 0.1375051779449714 0.8431500363007451 0.02939833992388783 0.03141362646343282
7 0.08901198672848923 0.7269983163549745 0.05589717292769343 0.03000566256778665
7 0.22873106132933785 0.6847693888582691 0.03421317391627667 0.034565897540672096
7 0.1278078898845192 0.6626949218393646 0.0741670118629981 0.056668156517662285
7 0.18514288741306123 0.6506398285534187 0.034340507908665385 0.0376908975406721
0 0.18341590273610048 0.7233233496306577 0.052002851786885886 0.0877818011314682
0 0.07660217003630601 0.8059954699457708 0.060712006920082204 0.033157933645025395
0 0.04661623969423876 0.741310801229664 0.03535917984777566 0.0626908975406721
0 0.042594654181794166 0.33576932835702705 0.006377333992388779 0.0031613614363184437
0 0.09369423916276613 0.3432863916869395 0.006759335969555113 0.012536361436318444