0 0.5501112001666157 0.2721070351318837 0.26018844499482013 0.22893671939110263
0 0.39208468445085004 0.20304933452386145 0.21854460049533805 0.20540637749004845
0 0.3486343990903772 0.06038699064564089 0.25422092721213974 0.10081171939110264
0 0.013433145575720543 0.41729758794672145 0.026866291151441086 0.10959517589344295
4 0.3141822005809005 0.41356107018940536 0.18711050992479752 0.16669670456235508
8 0.09655793714144638 0.6997837771860373 0.13608735731976357 0.07572419467652339
9 0.859276376759583 0.44046835186124805 0.025368181141081435 0.07589133794672147
4 0.8360272754356753 0.33463484592974896 0.04444782092583353 0.1172166749048598
0 0.8826261395798646 0.3928903563098723 0.06381855913900907 0.16479201186299805
1 0.7845611288264975 0.2464371675648481 0.018317660462916763 0.05844916996194396
1 0.7679922129868973 0.23245558060670976 0.017517139784752445 0.041261669961943956
1 0.8744070328792735 0.2164406028498312 0.021733758891340216 0.06482650395433272
8 0.9323777748165029 0.585121618667162 0.028784279569504533 0.0822686719391104
8 0.9521038856509231 0.38006670414242555 0.035907574854774894 0.10127333992388783
8 0.9485551623249435 0.1873698681728704 0.04230312406898662 0.10465300790866539