1 0.52421875 0.225 0.04296875 0.0609375
1 0.5359375 0.4015625 0.02734375 0.0234375
0 0.1921875 0.13671875 0.03984375 0.0421875
0 0.165625 0.24375 0.05703125 0.0328125
9 0.24140625 0.2296875 0.04765625 0.028125
6 0.6609375 0.36875 0.140625 0.10546875
6 0.68203125 0.0375 0.11015625 0.07265625
1 0.19453125 0.5953125 0.06015625 0.08515625
1 0.46796875 0.796875 0.0375 0.09453125
1 0.30703125 0.73125 0.04453125 0.0609375
1 0.29609375 0.62890625 0.0421875 0.09453125
1 0.08828125 0.70546875 0.059375 0.08828125
1 0.340625 0.83828125 0.0359375 0.09453125
1 0.14921875 0.51015625 0.0359375 0.040625
7 0.18984375 0.50859375 0.025 0.0390625
0 0.746875 0.5703125 0.19140625 0.1234375
0 0.6078125 0.79453125 0.05234375 0.12734375
0 0.796875 0.9203125 0.13828125 0.1390625
0 0.6359375 0.884375 0.05390625 0.13984375