8 0.865625 0.10691598410830712 0.0359375 0.042089340912471004
0 0.78671875 0.10856866741612388 0.040625 0.054780341901054186
0 0.80390625 0.2102120804579856 0.025 0.054143671939110224
0 0.86171875 0.1961376515987931 0.0328125 0.03258700692008221
0 0.14921875 0.3181385518634356 0.1546875 0.13442803262324476
0 0.14921875 0.1962635518634356 0.14375 0.10585736364988403
0 0.05546875 0.10633357163509911 0.0625 0.16504667984777566
0 0.4234375 0.0374337440313199 0.075 0.0686810158173308
4 0.3171875 0.24098184977253853 0.1125 0.0952090237259962
0 0.74453125 0.9118501763133725 0.184375 0.12313770555093839
0 0.63984375 0.8122096150583967 0.046875 0.08316000988583169
0 0.71796875 0.7785575152486771 0.0484375 0.07384867688202626
0 0.7390625 0.836291760800053 0.053125 0.06153967787060921
0 0.8 0.7939649979484715 0.1171875 0.13915002471457943
1 0.425 0.4772138270351255 0.0828125 0.03462435079830275
1 0.053125 0.6142415721293907 0.10625 0.0730793557412186
8 0.40546875 0.8514471644875554 0.084375 0.07531301779449713
8 0.02578125 0.7192619945627925 0.0515625 0.08335101087441502