0 0.47109375 0.678125 0.03984375 0.05546875
0 0.3 0.74296875 0.028125 0.0359375
0 0.4484375 0.83125 0.040625 0.046875
0 0.73671875 0.71953125 0.0328125 0.0421875
0 0.88359375 0.7046875 0.0453125 0.05546875
0 0.67890625 0.66796875 0.0375 0.0421875
0 0.44609375 0.496875 0.03125 0.05703125
0 0.34921875 0.625 0.03828125 0.05546875
0 0.39140625 0.65546875 0.034375 0.06171875
0 0.778125 0.43359375 0.03828125 0.05390625
0 0.4515625 0.37734375 0.03828125 0.04375
0 0.3296875 0.24140625 0.028125 0.05078125
0 0.2796875 0.37734375 0.05078125 0.05859375
0 0.25625 0.22265625 0.0421875 0.0671875
0 0.3578125 0.37265625 0.03359375 0.0484375
0 0.4359375 0.2984375 0.05234375 0.05234375
0 0.303125 0.54921875 0.040625 0.06328125
0 0.3 0.4578125 0.0375 0.05703125
0 0.54375 0.55625 0.03828125 0.04921875
0 0.49609375 0.31640625 0.06015625 0.05859375
0 0.56171875 0.184375 0.05078125 0.06875
0 0.615625 0.21015625 0.03515625 0.06328125
0 0.72265625 0.90078125 0.03125 0.05390625
0 0.825 0.94921875 0.04140625 0.0359375
0 0.59609375 0.7390625 0.03984375 0.05390625
0 0.40859375 0.87265625 0.06328125 0.05390625
0 0.83984375 0.3375 0.02578125 0.05703125