0 0.505522333609085 0.7638487027370877 0.0287795649348082 0.03782726400381797
0 0.4279234391289721 0.822332817393361 0.04484094155801373 0.06300907733927233
0 0.3542211120192994 0.9261839760502705 0.0417704886359143 0.06609771467218159
0 0.3292260296280303 0.20934137404517977 0.044540932629559826 0.0458215773392725
0 0.2940464602289953 0.25503513470718 0.04815685633066593 0.0739829400063634
0 0.2412606051161453 0.369287991366953 0.028970479707460584 0.048764764003817976
0 0.5528429874213936 0.3807276674092692 0.04204322402541756 0.0817227146721815
0 0.47115661079818805 0.4047822380649061 0.04651253571381488 0.06927725867281787
0 0.5426106452941871 0.2954350574076784 0.045031856330665934 0.0739465773392725
0 0.23278030885231876 0.7208232193666347 0.04780230032431154 0.05367044000636341
0 0.24343539083325555 0.7818970793682257 0.05772277110331832 0.08502952800763612
0 0.21470859862661884 0.950347087364726 0.044540932629559826 0.04582157733927232
0 0.3697269297934814 0.6645924953850886 0.06720686525911974 0.09138861600890866
0 0.5922578636375618 0.18192708808081445 0.049664809252765355 0.07087612133990877
0 0.7043778084419865 0.07070887209576833 0.0339579886359143 0.06600680800445433