9 0.7590407402374426 0.4972894141313896 0.08470225292686635 0.05821384992375016
9 0.6070060624461496 0.5468685739912852 0.06895907825883114 0.03753767401194459
9 0.7699721324153614 0.09369228865642426 0.07522725897699054 0.04080814437666673
9 0.7186096203151131 0.12686715814746588 0.06585225897699054 0.040589938829583394
0 0.49602206888905725 0.26776034260864623 0.11428975897699054 0.04171733415618064
0 0.5502328459182244 0.32135877450437544 0.08007838544042371 0.06904224715020835
0 0.6062874031980128 0.2890742577868755 0.07532725292686634 0.05799564437666671
6 0.9652533370394298 0.45525130375840367 0.06949332592114033 0.04854790919430556
0 0.547138620413309 0.058041156913194905 0.1754636083130606 0.08376067021222237
0 0.6696539698475747 0.03667726282086862 0.11274543969514958 0.04480596656500009
0 0.6351522257013074 0.14835899201930608 0.12564541549465283 0.11384690729444454
0 0.8512004482793566 0.36039078580663264 0.16914997579950325 0.07267769984750014
0 0.7485567164297293 0.30644620858430616 0.17887949980360834 0.1338334053945835
8 0.6587856893023663 0.31685507209142416 0.04700226502711473 0.022966027735416717
8 0.911111258584207 0.3196034380670841 0.06582498789975162 0.03590243882958344
8 0.595767538834828 0.2263378684442019 0.06898634933607006 0.0422251740119445
6 0.9480481772021179 0.7446768264598272 0.10390364559576426 0.10407186379145834
6 0.8487406071347102 0.8774509992375007 0.17881586729005078 0.12289590539458359
6 0.6937581913454697 0.9482342652441496 0.20380677693097127 0.10353146951170089
6 0.4165820921075955 0.8455203602760768 0.06122839149054773 0.051418336056041625
0 0.3255151679305398 0.49891615757878505 0.11622496369925477 0.10581620174736131
7 0.1400917940993853 0.7172264804327084 0.07553633118569744 0.09393314437666671
7 0.20407300174851586 0.8390118678755212 0.06636131908544902 0.1280899388295836
7 0.03583608615566714 0.7890086018236111 0.05352497579950318 0.06998649810013902
7 0.047437182368479235 0.9033256749618751 0.042369307181592354 0.03223192496187508