4 0.5006696333951115 0.08202286436013931 0.14707838584218216 0.09865831838861124
4 0.7369865901112007 0.14381892201517424 0.06435516587924894 0.05457970364722229
0 0.4274627679713493 0.23044087414378506 0.11210318511654283 0.080670731382639
0 0.5248932955613455 0.4406900027528824 0.10240080290255768 0.07107752583555574
4 0.11361354438021916 0.35136509109003483 0.046369057711881066 0.07601829255305556
0 0.2008556279528159 0.20405563962701406 0.05607143992586625 0.08561149810013893
0 0.08579860154394606 0.07314851890170146 0.05541667549789595 0.06686149810013893
9 0.08644095308789213 0.14431500408406256 0.04889385698624164 0.05890352773541672
9 0.030329851543946063 0.0718574694147917 0.045496038474587386 0.05101829255305559
9 0.1604463935619125 0.26410213364309043 0.03951885698624165 0.058685322188333354
9 0.019724679041275003 0.38106881525447917 0.039449358082550005 0.06838763050895835
9 0.013606143013758334 0.13786367591180557 0.027212286027516668 0.04447735182361114
9 0.08991563875258908 0.26871559203996537 0.048948420688572546 0.06046602773541672
8 0.24854905037066893 0.42800293911392384 0.03623016587924912 0.053925087005972296
0 0.25802328720864304 0.2014768067051044 0.05062004809323426 0.0636273953265973
8 0.21106889773826376 0.3817812493344099 0.061140885842182156 0.09665810087368065
8 0.2754538346689051 0.26208765159486136 0.049166675497895974 0.06671602773541671
8 0.1690327090783419 0.21973453780340294 0.04420635698624169 0.058794424961874994
8 0.02690969646447016 0.19218815321038196 0.04231647477225653 0.049383057370694504
8 0.3340971699707823 0.3963730390376739 0.06043155771188111 0.07634560087368066
8 0.7468401843139346 0.7124786562476049 0.0877579495445131 0.09883884992375017
8 0.24711051362536204 0.7602705784565974 0.08797620435383653 0.10508884992374998
1 0.1739309631698751 0.6616135664887501 0.061775802902557686 0.07013196846486114
1 0.09516855690927287 0.7004383707253126 0.06511905771188109 0.07645470364722229
9 0.33763382070427095 0.8100725163362503 0.0332688569862416 0.05853985182361114
9 0.11185011462115395 0.6257656790459376 0.0520734206885725 0.060538762917777864
9 0.15396569275145508 0.6064169202122224 0.05045635698624169 0.0589398953265972
9 0.06349943857510384 0.4878104309457987 0.04495040145127882 0.035393292553055566
8 0.31747512124457594 0.5812928996950003 0.0488938569862416 0.05890352773541672
8 0.35032233757931197 0.6258429867009726 0.02076885698624169 0.05824891109416654
8 0.26252223721649226 0.6324001515948614 0.07498513103285882 0.09073540919430556
8 0.08846465600614821 0.9371934883164933 0.07498513103285878 0.09073540919430556
1 0.1640673459320144 0.854509581306389 0.03261409255827141 0.039789851823611146
1 0.11153262297385642 0.8587600170018405 0.027762901451278844 0.034993249050069154
1 0.1362151644436687 0.846042464665139 0.02954365626060227 0.041279616641249815
1 0.08455346072280441 0.8252929003605903 0.042207347367594836 0.04625805737069442
1 0.09243044810893267 0.801237804520903 0.045659729581579954 0.055705792553055744
1 0.05605643849028582 0.8129013499237502 0.045714293283910815 0.057268292553055745
1 0.19708077569107962 0.5808363451740974 0.03261409255827137 0.039789851823611146
8 0.034796508183066455 0.8843399388295834 0.04426092068857253 0.06035692496187508
8 0.012960007993807384 0.9452949694147919 0.02592001598761477 0.06366376291777769
8 0.04375238984889742 0.672657556420764 0.05083830290255766 0.06987739532659738
8 0.04028016026731747 0.7273086888295834 0.05407243030721938 0.07307513050895835
8 0.2519071741471336 0.510960909478646 0.04905754809323426 0.06359102773541672
8 0.34790915490983987 0.5382157001318406 0.033541675497895974 0.06635235182361114