8 0.3731242345077094 0.6746867290838104 0.034197937584671045 0.05715928213245362
8 0.16203624830251934 0.6061400029029939 0.03732293758467105 0.05725021034569906
8 0.3058714574839165 0.5970641827655919 0.03058161465389251 0.04769335391920819
8 0.3233389184743359 0.6326750738318186 0.024004066033373572 0.0412614974927175
8 0.32565941429046436 0.7364903956185733 0.030417840343632995 0.044568353919208194
8 0.2617131009706243 0.7666121531404207 0.030417840343632995 0.044568353919208194
8 0.3062343848918222 0.8123709340192331 0.03387038896415202 0.050909282132453625
8 0.26006763455313797 0.5863707236735342 0.03058161465389251 0.04769335391920819
8 0.29241646709485486 0.6380157916993651 0.033706614653892505 0.04778428213245363
8 0.31119412256735035 0.6986266827655918 0.034689260515449585 0.06653428213245363
8 0.28400418079880774 0.7454191147397609 0.03715916327441153 0.05412521034569906
8 0.2196451096770516 0.782549390208297 0.03715916327441153 0.05412521034569906
8 0.26795537765573296 0.6178025801000249 0.03074538896415202 0.05081835391920819
8 0.2999589721832375 0.5586692724990352 0.03748671189493056 0.06037521034569906
8 0.31228631105653254 0.7790045045523465 0.03058161465389251 0.04769335391920819
8 0.24146920002068462 0.8268676915410804 0.03748671189493056 0.06037521034569906
8 0.1735712918346557 0.6922820913827958 0.02712906603337357 0.04135242570596276
8 0.20025662256735033 0.6953987311953815 0.024004066033373572 0.0412614974927175
8 0.22549896200647224 0.7156346748480331 0.03074538896415202 0.05081835391920819
8 0.08609122399225984 0.6008099937317939 0.030909163274411577 0.053943353919208195
8 0.1277497795101838 0.5770602566639175 0.03074538896415202 0.05081835391920819
8 0.13764707993972514 0.6319523451437197 0.024004066033373572 0.0412614974927175
8 0.15656085424998462 0.6356229144231917 0.02729284034363304 0.044477425705962935
8 0.33448885967705155 0.785891002045064 0.03074538896415202 0.05081835391920819
8 0.33485070782260073 0.8225642879384413 0.02540279172311406 0.03818196159934004
8 0.29129105834299907 0.705848149379497 0.03715916327441153 0.05412521034569906
1 0.9009194431232797 0.8772580804292293 0.04439180913596843 0.07305706677218993
1 0.8493569431232796 0.8757577649106807 0.04447369629109836 0.07461956677218992
1 0.7714565931687082 0.7884647018994148 0.04398237336031983 0.06524456677218957
1 0.7834320499752561 0.9276635942192828 0.036251760515449406 0.06657974623907634
1 0.7351306688130201 0.8693138851272251 0.03773237336031983 0.06506271034569906
1 0.5366157671857119 0.4750684769722394 0.05427142017181659 0.02342077962517113
1 0.6720641027796466 0.8269157849689405 0.03888543758467104 0.057295674452321775
1 0.6438881931232796 0.8697792348897982 0.048915534825708915 0.07006845909205772
1 0.7039935334669127 0.9152114068348375 0.03387038896415202 0.050909282132453625
1 0.7290588104907056 0.9810360174844703 0.09982293758467105 0.03792796503105933
1 0.9645835526887897 0.9922768774407753 0.044316566033373306 0.015446245118449298
1 0.9930771291260709 0.9480596960934271 0.013845741747858043 0.10388060781314579
1 0.9874850087621981 0.7434490332530809 0.025029982475603774 0.06193771034569906
1 0.6808537680902231 0.5034471927282148 0.048915534825709095 0.07006845909205772
0 0.7979648614860739 0.847740413498755 0.041921906377006476 0.0854661385589445
0 0.9407587918346557 0.7146049677345323 0.04439180913596843 0.07305706677218975
4 0.6879370912481442 0.08788202870073433 0.11806168249628843 0.13916545157021037
4 0.5176688568519765 0.06888667313217343 0.072837713703953 0.1097674565847753
0 0.9289267217887824 0.08562216138718393 0.1421465564224352 0.11976223370266399