4 0.1703125 0.46875 0.0921875 0.0796875
4 0.32578125 0.35078125 0.03203125 0.05
0 0.05546875 0.3328125 0.078125 0.0671875
0 0.05546875 0.0953125 0.0625 0.05703125
0 0.85234375 0.084375 0.08203125 0.1515625
0 0.8484375 0.33125 0.11796875 0.0890625
8 0.61015625 0.0421875 0.0703125 0.084375
8 0.765625 0.33984375 0.0359375 0.05
8 0.68359375 0.4140625 0.078125 0.03984375
8 0.7328125 0.02578125 0.071875 0.0515625
8 0.6671875 0.0921875 0.04375 0.06953125
8 0.57734375 0.15390625 0.078125 0.11171875
8 0.7578125 0.1453125 0.08984375 0.121875
0 0.54375 0.03359375 0.05390625 0.0671875
0 0.20625 0.76953125 0.09453125 0.08671875
8 0.12734375 0.675 0.03984375 0.04453125
8 0.27421875 0.76171875 0.0484375 0.05703125
8 0.09921875 0.73828125 0.06015625 0.06953125
1 0.73828125 0.51875 0.078125 0.01953125
1 0.73984375 0.60078125 0.078125 0.0765625
1 0.7453125 0.71875 0.06796875 0.0796875
1 0.54140625 0.7046875 0.10390625 0.14921875
1 0.54375 0.85390625 0.09609375 0.096875
1 0.61953125 0.96640625 0.128125 0.0671875
1 0.9328125 0.80234375 0.134375 0.1765625
1 0.89140625 0.89609375 0.21640625 0.11875
1 0.771875 0.9828125 0.0921875 0.034375
1 0.73515625 0.84453125 0.06796875 0.06953125
1 0.63046875 0.8078125 0.05625 0.07421875
1 0.92265625 0.53359375 0.0859375 0.05