0 0.8153731980426343 0.3424083433608796 0.07343859468490806 0.13688493030721932
8 0.8505101720241808 0.20775309036565473 0.03201361600890849 0.06671627404661713
8 0.7702788740451798 0.3595759959932848 0.04160679201145392 0.08579365626060227
8 0.8785266313653622 0.2665204551564447 0.04958292401336308 0.10012897477225646
0 0.36338343670431644 0.2899206833872623 0.12013178134945379 0.1228968413771451
0 0.24523342071131612 0.3373363420101172 0.1149715666772722 0.08210815027015243
0 0.07122375604708873 0.34922123920022685 0.11188292934436313 0.08512402286549073
0 0.09104645472626999 0.442063503628197 0.07594542934436313 0.0838690577118811
8 0.15321010005567925 0.41533980172143126 0.05701361600890866 0.06758929328391083
8 0.38136018268618094 0.15700897966639799 0.09634883601209036 0.0923908858421822
8 0.0474755313494538 0.12035962921876024 0.09175224267981759 0.10003969473518963
9 0.2065425433640895 0.2336830631541767 0.04264203333863614 0.04053571996293313
9 0.07273970802831689 0.2110491166048885 0.04269657733927246 0.045223219962933124
9 0.16433631468808993 0.16348712504240898 0.044204533338636144 0.04059028366526398
9 0.16257436736154415 0.2134052794889127 0.033357940006363315 0.048020837748947984
9 0.24357147071927035 0.395848246456621 0.03955339600572696 0.043551592558271325
9 0.43632313940163325 0.5181572999921509 0.06638861600890866 0.06791667549789579
8 0.6299304254455402 0.8482242898253498 0.04218859468490823 0.13579365626060208
9 0.6243616781110404 0.8394395668671917 0.03088746801399935 0.10416171034428637
0 0.3694105487746314 0.8078894333872622 0.1195317973424542 0.07133434137714509
0 0.2510059941119948 0.8334300920101173 0.1145715773392725 0.04773315027015244
0 0.07690542278004023 0.837502489200227 0.11146475867281788 0.0491865228654909
0 0.09626449745381263 0.8905010036281971 0.07554544000636335 0.04949405771188111
8 0.15856450278481274 0.8754960517214313 0.05668635200509069 0.03946429328391084
8 0.38806909476445006 0.7335714796663979 0.09589430267345422 0.053328385842182156
8 0.054320803429313766 0.7086408792187602 0.09126134667409055 0.057852194735189676
9 0.21283328477081337 0.7743080631541768 0.04244203866963625 0.023348219962933216
9 0.079121356102768 0.7594866166048885 0.04247840133672711 0.026473219962933215
9 0.1709725014321773 0.733799625042409 0.04400453866963625 0.023402783665263983
9 0.16895601543599528 0.7618427794889128 0.03312158267027256 0.027708337748947896
9 0.24904405211644914 0.866160746456621 0.039353401336727066 0.026364092558271324
9 0.44121391812535793 0.9384697999921506 0.06606135200509052 0.03979167549789579