0 0.4046612706844554 0.25233276049134823 0.055487451599006296 0.13909124373179385
0 0.24000283128389333 0.024354484989558715 0.06906816256778665 0.04870896997911743
0 0.3348209484757484 0.2012309132360576 0.05049087939029935 0.08582985141192578
0 0.7917698643631847 0.04370791825062251 0.07398292154477701 0.08741583650124501
0 0.6454766473442802 0.14374605601814405 0.05040906615858276 0.07176735141192578
8 0.699960135145836 0.24139629433966156 0.0597295240041051 0.06266513605166182
8 0.7453266564194665 0.11505510319429244 0.029978391490547728 0.050863818025830954
8 0.859779520979043 0.04452599135752538 0.05049087939029917 0.0858298514119258
1 0.14622816461089008 0.690394016297336 0.2869930234149299 0.45827446740532807
1 0.29546964050858915 0.6899584441148701 0.109430583916172 0.281262023356965
1 0.3738491705628184 0.731435238783736 0.11746125253408284 0.3189893438900784
8 0.9846674541330891 0.9237695589876449 0.030665091733821724 0.09323317445232178
9 0.512212233794535 0.7414741653476286 0.09453177088084708 0.13710284639736087