0 0.23742607297388885 0.4578200028393738 0.06694345909205772 0.046457988635914306
0 0.39043271568946836 0.6174422390396561 0.03721049498543501 0.04437729139585791
0 0.4877623567556951 0.6347581984545771 0.044477425705962935 0.025763659090609535
0 0.5309260203874642 0.4543536781620377 0.05140938730530316 0.049310253246410876
0 0.20875916686396728 0.5728858952908918 0.0608753155185485 0.05259889448011279
0 0.18446987219510133 0.6505472451287361 0.06051160266556703 0.040098894480112966
0 0.23781984421928284 0.7397148851446221 0.03743781551854841 0.05218979139585791
0 0.2959683471887837 0.4034012840889618 0.054579851411925784 0.05092730032431163
0 0.3628436101209074 0.4475155227248761 0.06413670783841656 0.057340941558013725
0 0.39869619358614455 0.49889679058178366 0.06082985141192578 0.05103639448011297
0 0.3593595942857898 0.2741052962638265 0.06055706677218975 0.04166139448011297
0 0.4363683751646022 0.317615562902918 0.04207985141192587 0.05070911201270887
0 0.4603119920159342 0.38909114244822274 0.04300585391920819 0.028861385551659246
0 0.6405691080093364 0.6264935052717104 0.041943459092057725 0.04602161201270878
0 0.173692530416594 0.36066258482031055 0.07957985141192578 0.05136367694751698
0 0.2551196898252209 0.5291864882288773 0.04144335391920828 0.028834112012708957
0 0.5325209272888085 0.6433479943146618 0.044704746239076346 0.033576159090609535