0 0.3752824489944788 0.42421875 0.029506968464861137 0.059375
0 0.3092067733670137 0.2421875 0.032341027735416715 0.046875
0 0.14663077213274273 0.41328125 0.042152438829583395 0.065625
0 0.5140377841005901 0.33671875 0.06082970364722229 0.0625
0 0.6602380240326038 0.46640625 0.041716027735416716 0.046875
0 0.7844561208222218 0.5 0.043242160144236055 0.0453125
0 0.9444883503049997 0.3375 0.024673998100139018 0.053125
0 0.8458339511786803 0.2796875 0.047893292553055744 0.04375
0 0.8438558367216318 0.16328125 0.036883057370694416 0.040625
0 0.6798010691511105 0.7 0.042079703647222286 0.0625
0 0.5718788131671869 0.73828125 0.05468880642076392 0.0671875
0 0.646296278497916 0.796875 0.04193423328249999 0.05625
0 0.4221509168906591 0.76015625 0.03223192496187508 0.0421875
0 0.48805128666604125 0.6140625 0.044986498100139015 0.053125
0 0.5400339735957636 0.4953125 0.05450696846486114 0.059375
0 0.46283569396048574 0.4890625 0.054216027735416714 0.046875
0 0.20065908301881885 0.6765625 0.05265352773541672 0.046875
0 0.15214688820531186 0.78046875 0.06588087955902786 0.078125
0 0.32273606440145786 0.5671875 0.0711502610179167 0.103125
0 0.35520111265409665 0.6828125 0.0516001740119445 0.06875
0 0.6890962547496526 0.1328125 0.041716027735416716 0.046875
0 0.8142325801690273 0.596875 0.04513196846486132 0.059375
0 0.12854900009690923 0.61953125 0.03582970364722229 0.0625
0 0.07168205746760367 0.57890625 0.041099085106111176 0.0875