0 0.32890625 0.1375 0.0328125 0.05546875
0 0.4421875 0.19375 0.040625 0.06015625
0 0.58125 0.45390625 0.04609375 0.05546875
0 0.66328125 0.365625 0.04296875 0.05234375
0 0.68203125 0.25234375 0.05390625 0.06640625
0 0.72734375 0.3609375 0.04140625 0.05859375
0 0.7875 0.4640625 0.03515625 0.05703125
0 0.89296875 0.45859375 0.04609375 0.06484375
0 0.8484375 0.3109375 0.040625 0.05703125
0 0.80390625 0.225 0.02890625 0.05703125
0 0.7890625 0.1359375 0.0375 0.05859375
0 0.56796875 0.65234375 0.040625 0.05859375
0 0.390625 0.51875 0.04765625 0.05234375
0 0.4015625 0.63671875 0.0359375 0.05703125
0 0.33515625 0.79375 0.04765625 0.05234375
0 0.8328125 0.81484375 0.0390625 0.05859375
0 0.79375 0.69765625 0.0453125 0.05546875
0 0.78359375 0.6015625 0.0453125 0.04375
0 0.54921875 0.93671875 0.08828125 0.06328125
0 0.83203125 0.9171875 0.0890625 0.06015625
0 0.11796875 0.515625 0.03046875 0.0375
0 0.1515625 0.56796875 0.0328125 0.040625
0 0.19296875 0.69765625 0.04765625 0.06171875
0 0.146875 0.7625 0.04765625 0.0453125
0 0.215625 0.08671875 0.065625 0.0734375
0 0.60234375 0.1359375 0.0515625 0.05234375
0 0.2296875 0.3703125 0.0375 0.05234375
0 0.4734375 0.83125 0.0359375 0.0796875
0 0.71640625 0.66640625 0.053125 0.0421875
0 0.90390625 0.17421875 0.03359375 0.06328125
0 0.45859375 0.11328125 0.0359375 0.0375
0 0.6171875 0.70390625 0.025 0.05078125