1 0.20284013213626642 0.4810181831300001 0.062975188998964 0.045168336056041626
1 0.3799484416895603 0.4734089709334032 0.02474744292790545 0.028670513867708358
0 0.09909427812627172 0.8109946642282987 0.04407963978475231 0.04160692496187508
0 0.20488835980547213 0.8400483442241669 0.0354323858558109 0.05701371941479181
9 0.19435542825010624 0.7639397859035418 0.03030823821317572 0.047529616641249994
6 0.3529579102580289 0.3476452515186114 0.11279971463952716 0.14309799620027785
6 0.030587489351331515 0.31884157218833337 0.06117497870266303 0.11104790919430556
1 0.5577971900369305 0.8193248022397921 0.08714043507002263 0.06133884992375016
1 0.7720952462804556 0.550578721502084 0.09549659057054054 0.039682055470833436
1 0.6989744617485523 0.7099887826725005 0.062975188998964 0.045168336056041626
1 0.5961212894988113 0.7185442054501742 0.09571491439185813 0.04436955547083343
1 0.6630047667537322 0.9281387174180213 0.09026543507002245 0.06141158510611113
1 0.8075703658013282 0.6788862126683688 0.09542381596343467 0.038119555470833434
1 0.47053047643086066 0.8626552685204519 0.042298815963434676 0.036883057370694416
7 0.470860116215613 0.8219939009292713 0.04022689371369381 0.02590918977951375
0 0.5585230136488512 0.26639917078090325 0.1323160020669146 0.193498039703264
0 0.7762648236164298 0.4106804201153132 0.13059933664159917 0.05610714247680555
0 0.9108518010762385 0.224545511205348 0.14546666542531525 0.14073671561506956
0 0.8674185165443351 0.3846465566081952 0.143099336641599 0.05639808320625006