0 0.7487648699351575 0.30916266064476583 0.07903683664159918 0.05624468281352515
0 0.7910572237402642 0.37585275353440323 0.05501713978475227 0.0427896778706093
0 0.20306503391273076 0.09359212699575688 0.052037688998963993 0.045787343878220546
0 0.10590108953708328 0.06223735623551021 0.068172111248705 0.057361513840164434
0 0.5759973039717228 0.33812862456147996 0.04200771753501122 0.031342841901054186
0 0.45303487717386764 0.574982684333581 0.05850601282028158 0.05072951186299814
0 0.6646529656774937 0.7370210638007958 0.06126713978475227 0.0430443458553869
0 0.7555519474805286 0.7180256660819733 0.05458049214211709 0.03341467787060939
0 0.9160313751069531 0.7848351171842872 0.040372442927905185 0.029716674904859807
0 0.5874504567861536 0.7980593814815622 0.034267992142117266 0.032587006920082116
0 0.5618404888368576 0.6756922915576744 0.04862159057054072 0.039410009885831696
0 0.37330452771198697 0.6734891685162502 0.051164393713693725 0.027037343878220453
0 0.24133959016076503 0.7675190583264073 0.06112159057054054 0.0399193458553869
0 0.7264768010762385 0.2331121552075584 0.03455909057054072 0.038837006920082205
0 0.7586814871797184 0.07944332714666866 0.04037244292790536 0.029716674904859786
0 0.5559845186112499 0.19642128562617533 0.04862159057054072 0.039410009885831696