0 0.152581240625 0.7225402671875 0.1763943078125 0.7135887359375 0.173338390625 0.6659148765625 0.1511666578125 0.664004259375 0.1369243484375 0.679350253125 0.138944796875 0.711855890625 0.152581240625 0.7225402671875
0 0.199827353125 0.5419958859375 0.20066086875 0.5658408968749999 0.21394389375 0.591709653125 0.2211407796875 0.580782859375 0.2319737515625 0.5329473890624999 0.23232717187500002 0.5177630062499999 0.22414530625 0.51135238125 0.2115948171875 0.5136670296875 0.199827353125 0.5419958859375
0 0.4098754953125 0.22727192812500002 0.41934527343749994 0.238004784375 0.4346230515625 0.2378270125 0.44459771718749996 0.22686789843750002 0.44113789062500003 0.1965476171875 0.4230823359375 0.19675771250000001 0.4116682921875 0.2099021859375 0.4098754953125 0.22727192812500002
0 0.3440175484375 0.312614040625 0.35687096875 0.29728420624999996 0.3521737203125 0.26047249687499996 0.3452292765625 0.26055330312499997 0.3351031453125 0.278020009375 0.3359871484375 0.2996958234375 0.3440175484375 0.312614040625
0 0.19623995156250001 0.33818829687499996 0.17937133125 0.347059021875 0.1828816453125 0.375210103125 0.1969724890625 0.366371703125 0.19623995156250001 0.33818829687499996
0 0.2375302125 0.652156278125 0.24760585468750002 0.63685876875 0.24667136250000002 0.6173521531249999 0.239878384375 0.6109253671875 0.2314440734375 0.615360728125 0.230989675 0.6348835046875 0.2375302125 0.652156278125
0 0.6740470375000001 0.86827515625 0.6859916625 0.8919908765625 0.70275930625 0.887458546875 0.70727939375 0.8722256828124999 0.7051074796875 0.8462276359375001 0.6884913015625 0.8442523718749999 0.6771782359375 0.8530584515624999 0.6740470375000001 0.86827515625
0 0.66260188125 0.1072262546875 0.6629048125 0.0942110703125 0.6491169 0.0900342875 0.64618765625 0.09657420156249999 0.65550596875 0.11381465312500001 0.66260188125 0.1072262546875
0 0.5513163171875 0.4142951765625 0.567579075 0.4314548203125 0.59447285 0.40945578437499996 0.596467603125 0.3834092546875 0.5898260890625 0.3704748765625 0.5647756 0.3729349734375 0.5533615578125 0.3860794484375 0.5513163171875 0.4142951765625
0 0.43007817187499997 0.31378124375 0.427754790625 0.2942907890625 0.414168834375 0.28143721718750003 0.4000275015625 0.2924448171875 0.40904288437499997 0.32270045 0.43007817187499997 0.31378124375
0 0.28065833906250004 0.2309441140625 0.284193446875 0.19837383125000002 0.268814690625 0.20289000000000001 0.2571482046875 0.226880459375 0.2595725625 0.2420325203125 0.28065833906250004 0.2309441140625