8 0.597987877947159 0.1483292111021585 0.08303267589344294 0.04848227360693613
8 0.7603167815974805 0.20044690599577838 0.0800350098858317 0.05142526308359248
8 0.8504496916735927 0.22637309818797524 0.10433467292769336 0.03569384727034208
8 0.6390811101526619 0.23011056114451076 0.09164367193911023 0.03027830517696728
8 0.7477743137264337 0.049195219135840594 0.09059050790866544 0.04268729991529541
0 0.661217389810157 0.08853000589695638 0.1925350098858317 0.057977641923965595
0 0.6833417406084598 0.012362555565196675 0.10140067391627668 0.02472511113039335
0 0.22037091943047127 0.36828945548755077 0.10939885771838495 0.12172235253201391
0 0.30506425441144325 0.35556267135727093 0.08659802768032883 0.13598227360693613
0 0.10839750144569371 0.381046331697088 0.10263952174882984 0.1088583314853265
0 0.3754854782511702 0.08101072141374069 0.11344968775644108 0.10637036831702944
0 0.3148769476050918 0.22950840557225538 0.11437551779449713 0.09083637357870131
0 0.18419197479112906 0.10851961333770625 0.1520320266917457 0.13511699459715382
6 0.33879338380429597 0.9241159793062484 0.14970552273741297 0.11627598933548207
6 0.1855304154389575 0.7833985159967771 0.20655238342154753 0.248966662970653
6 0.18093439323301713 0.4945103212443314 0.15340352570316257 0.13052049985882555
6 0.3771594999256379 0.7667816214419755 0.08538835475263547 0.10629477360693614