0 0.2031891296875 0.7215542671875 0.22639611406250001 0.71246534375 0.2200067421875 0.66481573125 0.1976834890625 0.6630344234375001 0.1845018234375 0.6784612375 0.18879508125 0.7109507109375001 0.2031891296875 0.7215542671875
0 0.2378590296875 0.5407593453125 0.240359271875 0.564596275 0.25546054375 0.5903842109374999 0.261899828125 0.5794170078125 0.2693993453125 0.5315249640624999 0.26869212187499997 0.5163405812499999 0.26005569375 0.5099784484375001 0.247656725 0.5123658343749999 0.2378590296875 0.5407593453125
0 0.42608820156249994 0.224855421875 0.43631558281249994 0.2355317046875 0.45159336093749997 0.23526503124999998 0.4608104234375 0.22424934218749998 0.45522930781250004 0.1939533078125 0.437173753125 0.19426846874999998 0.42666883437500003 0.2074775984375 0.42608820156249994 0.224855421875
0 0.366139559375 0.3105693046875 0.37793233593750003 0.2951667328125 0.3706592359375 0.25838735156250003 0.3637147921875 0.2585085671875 0.3548008265625 0.276031846875 0.3572000359375 0.2976995796875 0.366139559375 0.3105693046875
0 0.22002869062500002 0.3370002484375 0.2037661515625 0.34596795625 0.20924623437499998 0.3740947921875 0.22273099531249999 0.365175571875 0.22002869062500002 0.3370002484375
0 0.283289440625 0.6506853609375 0.2923044375 0.635331278125 0.2900062609375 0.6158327453125 0.282758721875 0.60944636875 0.27462745 0.6139302203125 0.2755367390625 0.633452996875 0.283289440625 0.6506853609375
0 0.73526136875 0.864234175 0.7488727203125001 0.8878771593750001 0.7653373234374999 0.8832478453125001 0.7687967671875 0.8679907359374999 0.7648066046875 0.8420088531250001 0.7480389062499999 0.8401305718750001 0.7373319234375 0.8490013078124999 0.73526136875 0.864234175
0 0.6706324734375 0.1033549953125 0.67002628125 0.0903398109375 0.655935328125 0.086243846875 0.6534606468749999 0.0927999265625 0.663991125 0.109983803125 0.6706324734375 0.1033549953125
0 0.5807113171875 0.4110300640625 0.598186240625 0.42809272500000006 0.623564809375 0.40594013125000006 0.623741315625 0.3798855203125 0.616190678125 0.3669915515625 0.591291709375 0.36959712499999997 0.580786790625 0.3828062546875 0.5807113171875 0.4110300640625
0 0.452351703125 0.31123542656250003 0.4486646375 0.29176113593749997 0.43416955625 0.2789883828125 0.4207858265625 0.29007680156250004 0.4319224984375 0.3202758625 0.452351703125 0.31123542656250003
0 0.29702256562499996 0.22927923125 0.2982848640625 0.1966927828125 0.28320915 0.20129785312499998 0.273209390625 0.22535296875 0.27669439375 0.240488865625 0.29702256562499996 0.22927923125