0 0.2802168102292115 0.522206012871831 0.04865767589344294 0.04648015785015538
0 0.2611895790122919 0.43182393657758916 0.03896434091247105 0.03812162628012441
0 0.2968843398867068 0.38221804970353385 0.038518671939110224 0.02718412628012441
0 0.1998501723962208 0.3804819734798793 0.03414950692008221 0.03472361049510884
0 0.1412564223962208 0.3770692761671849 0.04684050790866538 0.04013915258848364
0 0.8118488122063778 0.5437728018402597 0.03721083992388792 0.03334312101845249
0 0.5365450646778358 0.5159916231551783 0.04827567391627667 0.037105157850155376
0 0.6194530651721275 0.5184711520237864 0.035775673916276673 0.03637711575678075
0 0.42744729589475555 0.5989112679923284 0.04945617193911023 0.027821163111827297
0 0.20875435121823224 0.7193015497741211 0.0519100098858317 0.04978716837349921
0 0.3799091096211892 0.6893318706655167 0.0584146778706093 0.05640118942018653
0 0.6111816032325796 0.3370923494070678 0.051209672927693364 0.032599668373499216
0 0.7772456605332227 0.4704949255601353 0.04996550790866543 0.0403211631118273
0 0.19475415410743208 0.46710971821820735 0.05726867193911027 0.028276189420186525
0 0.4339585755522508 0.4583317706231644 0.051400673916276673 0.03728716837349921