4 0.1455691335840085 0.5292682346435466 0.09589900496239871 0.08076019867918127
4 0.2955434007475163 0.6454279419557747 0.033578787427387444 0.05036362667090888
0 0.03251057340928741 0.6665420626591366 0.06502114681857482 0.06809656667727211
0 0.022946097706807 0.9040420626591367 0.045892195413614 0.05697725334181776
0 0.8096978302359675 0.9057070825509598 0.0883091368892682 0.1525079293443632
0 0.817289968158693 0.6588775358848235 0.12289815260503403 0.0904442813494537
8 0.5655454158441093 0.9507126892505038 0.07424232878371625 0.0851931600095451
8 0.7348777284977752 0.651247396562732 0.03826628742738745 0.050418170671545325
8 0.6563032723353035 0.577983166573868 0.08001713978475226 0.04153406667727229
8 0.6874375324694979 0.9656917045671864 0.07427656203449332 0.052398841343090655
8 0.6249054532714968 0.900049070576095 0.046952082712657627 0.06925907733927232
8 0.5379363002521782 0.8393757472549581 0.0833647717116218 0.1134090666772721
8 0.718004789913096 0.8458695532304592 0.0963014193542568 0.12292951734563573
0 0.4987389055050272 0.9600791459261853 0.056254308105551945 0.06780566534054486
0 0.19551574545188605 0.2280688139720013 0.09782537799792804 0.08859088001272664
8 0.11220663172198167 0.32351822131604624 0.04266268899896399 0.0442227146721816
8 0.26312062241635675 0.23509042596277446 0.0510573858558109 0.05681362133990877
8 0.08702900330976888 0.2605642353198642 0.06257708271265772 0.06944089067472685
1 0.7158666710113959 0.47265931989977733 0.07899829528527036 0.019659066677272286
1 0.7212498378844534 0.39060988856623186 0.08169095574818712 0.07747156667727229
1 0.7322130707209457 0.27257750389882285 0.07246150496239867 0.08048747867599956
1 0.5276518492569929 0.2890126679265034 0.11011136228216216 0.15119996801399935
1 0.5369455742356023 0.1397666459261852 0.10138702564056316 0.09800224267981758
1 0.617966595947224 0.030362017962297188 0.13125430810555194 0.060724035924594376
1 0.9236065122011091 0.18680199387336946 0.14259853060296165 0.17812609468490823
1 0.8865667386274605 0.09353379921232374 0.2211558701400449 0.12125902402927138
1 0.7710744793218355 0.012964885284070448 0.093788541356329 0.025929770568140897
1 0.7279151765929672 0.14691443256686823 0.07195208271265763 0.06954997867599957
1 0.6215174733259795 0.18485133191441303 0.059743181141081084 0.07565452800763603
1 0.9009330297789017 0.45567017254141484 0.08826628742738762 0.050999973344999464