0 0.309375 0.18480937779304024 0.040625 0.048767139784752264
0 0.2421875 0.4355949358985921 0.04375 0.055162688998963996
0 0.27734375 0.5581762572387102 0.03125 0.032705492142117265
0 0.44921875 0.352514800457066 0.034375 0.05785104135632881
0 0.4953125 0.5136491995474433 0.04375 0.055162688998963996
0 0.50625 0.6498585272977022 0.046875 0.05843323821317572
0 0.675 0.5162176197302696 0.03125 0.03583049214211727
0 0.71640625 0.45960159264196443 0.0234375 0.02609161910658777
0 0.60546875 0.26633108974648023 0.034375 0.0406635413563289
0 0.6875 0.2687604228734227 0.04375 0.06922518899896399
0 0.7359375 0.03301676457986451 0.046875 0.06603352915972902
0 0.7890625 0.228092573411542 0.0515625 0.06177656203449331
0 0.43359375 0.01898215146913268 0.0484375 0.03796430293826536
0 0.5578125 0.15292571526320892 0.04375 0.052037688998963993
0 0.59765625 0.4127887127820095 0.0375 0.05487159057054054
0 0.63046875 0.34172919603278656 0.0359375 0.050111315963434676
0 0.17734375 0.3878338320934852 0.040625 0.06751713978475227
0 0.22578125 0.1519840692732036 0.0375 0.05799659057054059
0 0.725 0.18576383230288215 0.0515625 0.07115156203449331
0 0.5125 0.31597367886927874 0.0453125 0.058360463606069855
0 0.4859375 0.25392959719007835 0.0609375 0.0559632096771284
0 0.23359375 0.6289639462376744 0.04375 0.08016268899896399
0 0.190625 0.8911214979330854 0.03125 0.054580492142117264
0 0.06484375 0.08838610380510692 0.0359375 0.04073631596343472
0 0.1984375 0.020870041046742595 0.0421875 0.04174008209348519
0 0.05625 0.2653488641441891 0.03125 0.05458049214211709
0 0.6171875 0.03176678773922831 0.0375 0.06353357547845662