0 0.5423458577340483 0.09000085186314383 0.10232878742738745 0.051745506492821766
0 0.23625409967127772 0.4505802471573309 0.06940927956950453 0.08239548863591431
0 0.34216357382582674 0.9465803141207341 0.0825642510334573 0.09667617694751698
0 0.7273156315170939 0.7351572134688156 0.04407963978475245 0.04136138555165925
0 0.18266660339533136 0.8624802293004235 0.07307793507002258 0.06060230925276535
0 0.6696594509951852 0.5629179748329013 0.05225601282028158 0.049310253246410876
0 0.8015880012428542 0.466703268257354 0.06439213978475244 0.041715941558013725
0 0.8297450804408554 0.5336549890363609 0.058142139784752446 0.04160684740221221
0 0.5166714997951122 0.4062161870904914 0.09978598428423417 0.06419095941492117
0 0.49511117700725193 0.3151411736978108 0.06533820967712849 0.06202844155801355
0 0.7428081224163567 0.25144073254353905 0.07434933664159918 0.05437958279171564
0 0.6217914551290145 0.18052248619698702 0.04171661910658777 0.024146612012708825
0 0.8123244098437443 0.20261349471840367 0.08103598428423453 0.06386367694751698
0 0.8503637572387103 0.29241238027006283 0.06889985731976367 0.07145798863591431
0 0.2626133542193917 0.2203842325468343 0.10930653349844599 0.06747960064862309
0 0.23290227543567538 0.3043092191541537 0.07874573821317572 0.04821140340856669
0 0.17076399441842877 0.3290268011350904 0.07195208271265771 0.06995003571381489
0 0.19813120740532603 0.5304489793004235 0.061849336641599174 0.05416139448011279
0 0.18913288896069197 0.6061347719140973 0.05843323821317572 0.04785684740221221
0 0.38522017680236414 0.710420671669216 0.07322348428423427 0.06372730925276535
0 0.3150853052145769 0.7725291594943513 0.05916098428423435 0.06348184740221222
0 0.348201712162837 0.8505138376596844 0.05018409057054054 0.038345479707460585
0 0.44220857734048347 0.8130604764577545 0.05894266046291676 0.05879434740221221
0 0.5724247702683888 0.7871855434211574 0.08223891935425698 0.12321140340856669
0 0.6545608740734957 0.8535157012939509 0.040517992142117265 0.03193183847375849
0 0.5374484185301965 0.5308985872526473 0.0782020827126578 0.0700591298696164
0 0.405299506205253 0.380033742286067 0.09346751778268025 0.12965231818121908
0 0.07171210256676183 0.5587358461843962 0.06533820967712844 0.06202844155801372
0 0.025218208024498596 0.5959807017042833 0.05043641604899719 0.07008640340856669
0 0.5001773968185749 0.6428394797041653 0.07027826674922295 0.034012535713814886
0 0.8023351337888963 0.14848905640680093 0.07013702564056316 0.09802048863591431