0 0.1265625 0.3421875 0.028125 0.0453125
0 0.25625 0.17109375 0.0359375 0.05703125
0 0.19609375 0.16875 0.02109375 0.03125
0 0.14296875 0.1140625 0.0234375 0.0421875
0 0.18984375 0.08125 0.03828125 0.05390625
0 0.225 0.35 0.04765625 0.05703125
0 0.546875 0.56328125 0.03828125 0.05390625
0 0.5984375 0.3953125 0.03515625 0.05234375
0 0.56640625 0.296875 0.04375 0.06171875
0 0.8265625 0.653125 0.040625 0.05703125
0 0.91015625 0.47890625 0.0390625 0.0421875
0 0.9640625 0.346875 0.03359375 0.05703125
0 0.88671875 0.39765625 0.04296875 0.071875
0 0.7578125 0.3421875 0.03828125 0.05390625
0 0.68515625 0.34296875 0.02734375 0.04375
0 0.68828125 0.790625 0.03046875 0.040625
0 0.51484375 0.63828125 0.04375 0.06015625
0 0.69765625 0.6796875 0.04296875 0.05234375
0 0.46875 0.76796875 0.025 0.040625
0 0.52265625 0.8078125 0.04140625 0.078125
0 0.59296875 0.7140625 0.04296875 0.06484375
0 0.7296875 0.52421875 0.04140625 0.0421875
0 0.7171875 0.6015625 0.0484375 0.046875
0 0.3734375 0.77890625 0.04765625 0.05390625
0 0.42578125 0.70390625 0.05 0.06328125
0 0.42421875 0.84765625 0.04296875 0.046875
0 0.3484375 0.865625 0.0296875 0.04375
0 0.29609375 0.86796875 0.05 0.0421875
0 0.2578125 0.92265625 0.04296875 0.04375
0 0.15078125 0.7796875 0.03984375 0.040625
0 0.16328125 0.8421875 0.0359375 0.0421875
0 0.2109375 0.8125 0.0359375 0.0328125
0 0.2609375 0.59140625 0.0359375 0.05078125
0 0.2375 0.6484375 0.0484375 0.06640625
0 0.1734375 0.6390625 0.03828125 0.04921875
0 0.16328125 0.68359375 0.0484375 0.0375
0 0.08984375 0.66171875 0.040625 0.03125
0 0.1703125 0.509375 0.03828125 0.0484375
0 0.17421875 0.96953125 0.0671875 0.0609375
0 0.9 0.82109375 0.03046875 0.0421875
0 0.66796875 0.88359375 0.040625 0.05234375
0 0.7625 0.84375 0.0515625 0.0328125
0 0.59921875 0.8265625 0.03046875 0.040625
0 0.90703125 0.7015625 0.0390625 0.05390625
0 0.88515625 0.6046875 0.0484375 0.04921875
0 0.94609375 0.58671875 0.0359375 0.0375
0 0.7625 0.46328125 0.053125 0.046875
0 0.3390625 0.58203125 0.040625 0.04921875
0 0.3171875 0.3453125 0.0328125 0.0484375
0 0.7171875 0.84140625 0.03359375 0.04921875
0 0.59921875 0.9296875 0.0375 0.0328125
0 0.8296875 0.36875 0.03515625 0.034375
0 0.51875 0.94609375 0.02890625 0.05078125
0 0.34140625 0.946875 0.02265625 0.0375
0 0.403125 0.9078125 0.03046875 0.02578125
0 0.634375 0.20546875 0.0328125 0.0453125
0 0.69296875 0.25625 0.03359375 0.0671875
0 0.984375 0.6625 0.03046875 0.06328125
0 0.32890625 0.4875 0.04296875 0.05234375
0 0.03828125 0.23359375 0.03515625 0.04921875
0 0.11171875 0.4140625 0.0375 0.0484375
0 0.8203125 0.8625 0.03828125 0.04921875
0 0.74375 0.73125 0.0234375 0.0484375