0 0.2390625 0.27265625 0.0796875 0.08984375
8 0.1703125 0.36171875 0.0359375 0.046875
8 0.296875 0.28515625 0.04296875 0.06015625
8 0.14765625 0.296875 0.053125 0.06953125
8 0.84765625 0.421875 0.04296875 0.05546875
8 0.73125 0.4171875 0.08046875 0.04609375
8 0.8625 0.13828125 0.0890625 0.06953125
8 0.74921875 0.21796875 0.06015625 0.0390625
7 0.40234375 0.76328125 0.05859375 0.071875
7 0.3578125 0.8296875 0.03359375 0.04140625
7 0.33828125 0.778125 0.03671875 0.0375
7 0.28359375 0.7734375 0.015625 0.02421875
7 0.3140625 0.68984375 0.03515625 0.04609375
7 0.23671875 0.6421875 0.0375 0.0515625
7 0.22265625 0.74921875 0.0515625 0.04375
7 0.21640625 0.7125 0.02421875 0.02734375
7 0.2578125 0.69140625 0.02265625 0.02265625
7 0.3125 0.64140625 0.0546875 0.04375