0 0.5828125 0.27109375 0.03515625 0.05859375
0 0.63203125 0.2484375 0.0375 0.04375
0 0.40703125 0.43203125 0.04765625 0.05859375
0 0.49609375 0.390625 0.05 0.0359375
0 0.7640625 0.41328125 0.0375 0.0375
0 0.3515625 0.3515625 0.04140625 0.05078125
0 0.3265625 0.4078125 0.05078125 0.04375
0 0.26328125 0.35 0.05 0.06015625
0 0.48984375 0.83125 0.0375 0.04375
0 0.321875 0.7828125 0.0375 0.05234375
0 0.403125 0.60703125 0.03125 0.04375
0 0.22421875 0.67265625 0.03515625 0.05703125
0 0.19296875 0.56015625 0.05 0.09296875
0 0.1921875 0.3796875 0.053125 0.09296875
0 0.75 0.23984375 0.0609375 0.071875
0 0.54140625 0.82109375 0.025 0.0359375
0 0.59375 0.8171875 0.03515625 0.04375
0 0.5234375 0.58828125 0.04140625 0.0453125
0 0.07734375 0.69140625 0.03828125 0.04921875
0 0.1296875 0.67421875 0.0296875 0.06640625
0 0.1796875 0.6609375 0.040625 0.06015625