0 0.2447436069635181 0.7058965177575891 0.06009869629109836 0.07376475292686617
0 0.8030673620519007 0.6294815470262515 0.05278416327441171 0.05341589149054791
0 0.8363235973525797 0.6679446042078439 0.0369953889641522 0.05019998789975162
0 0.7724115835577697 0.7300537187674203 0.06338747060135788 0.07690793364502539
0 0.8177450949777306 0.8201338181034904 0.05146068068726635 0.0877727107723885
0 0.9457085634313817 0.6240633148820366 0.0797494549975255 0.09106133723582169
0 0.964923394391219 0.4500218268840891 0.07015321121756202 0.10821247579950324
0 0.633663428312417 0.24345716773414808 0.06338747060135788 0.07690793364502539
0 0.3835306315009202 0.2841765747427898 0.04028416327441153 0.053343168617910844
0 0.09159759554355737 0.6151891836450255 0.05138543758467107 0.056531801131468204
0 0.8529123903188893 0.9546724445669235 0.03181656603337331 0.040797716822513055
0 0.3275062765695077 0.9289663790957118 0.033542840343632994 0.04393180718159222
0 0.3553602023955338 0.6706135236113215 0.030417840343632995 0.04391362646343318
0 0.31280753222371727 0.6484976290957117 0.07424308344622813 0.07540906615858275