0 0.3725204716959024 0.4221251469932108 0.060247822188333355 0.040611711894930555
0 0.27146581155166627 0.4726784249215149 0.047602351823611146 0.033706614653892505
0 0.055931077319235675 0.5136254087518558 0.04440461664125002 0.030417840343632995
0 0.266307492497465 0.3925781671195988 0.05407055737069442 0.043409163274411536
0 0.38840396409645817 0.2090519369073025 0.05414329255305557 0.04653416327441153
0 0.4350035943210761 0.35252529794315046 0.05407055737069442 0.043409163274411536
0 0.5806401365897912 0.4986113246282592 0.04327852773541672 0.04908595318850324
0 0.6861277235957635 0.45874988523456584 0.06871493882958327 0.06914614767057933
0 0.8546452535153817 0.2587454839459419 0.04967399810013902 0.05566350180902226
0 0.8971412248300344 0.27680608717987365 0.06675239532659738 0.05187676051544958
0 0.9389494779641666 0.15679015830162987 0.06024782218833309 0.040611711894930555
0 0.919129246865868 0.0696553284734464 0.050945557370694415 0.043245388964152066
0 0.637829815067048 0.7570136448455042 0.05083645459715278 0.0385578889641522
0 0.7700513947579164 0.30609519674538355 0.04476829255305557 0.046042840343633
0 0.6679278099361456 0.20142538613907696 0.05377961664125017 0.03090916327441153