0 0.34109063057487854 0.4149228292886839 0.048284387305303156 0.048982940006363405
0 0.29699833511458984 0.18879668129377453 0.06257420783841657 0.05695907200827235
0 0.39665369114536914 0.04149387261300247 0.05485263605166191 0.05999316534054513
0 0.4704776360516618 0.05392059993636657 0.039136707838416385 0.056686352005090666
0 0.5387204853520167 0.2774211872613215 0.042898205331134066 0.0785977146721816
0 0.711284773290458 0.5676996472390499 0.05107441818411544 0.09118862133990877
0 0.816042817959324 0.48832922589118677 0.021312710345699058 0.034611357336090796
0 0.8291158163099712 0.3467229812221869 0.05222774122451135 0.07714430267345422
0 0.4707219577719095 0.5189188912715028 0.042716348904643375 0.0723477146721816
0 0.5778585078510518 0.5481513105904126 0.03642088479802066 0.07071248933799978
0 0.5145976413954312 0.6301649265993212 0.059358279625171304 0.053797709341181485
0 0.33685307462324154 0.5915944172899565 0.03859113855894432 0.03793635200509069
0 0.34356842438581464 0.5000790792886839 0.046858279625171126 0.053652258672817865
0 0.39692675659741056 0.5611978452816843 0.05439799498543509 0.04436816534054522
0 0.36567807125802926 0.7764779472867749 0.07405727711788872 0.07583634134309047
0 0.6553747202418149 0.8754854225811858 0.07258570533113406 0.07894316000954475
0 0.6591014623242561 0.788693947247004 0.05374477711788863 0.07559998400699967
0 0.5587975854437942 0.8062728932606852 0.054670779625171126 0.053743165340544866
0 0.23681127368616944 0.7256159759707286 0.06624477711788863 0.0757454346753633
0 0.3209529414745735 0.6628972526257291 0.049574102665567034 0.03962612133990895