0 0.8336245244950845 0.29244554889584246 0.04553975897699018 0.04064484736759484
0 0.39370194380036627 0.6935739622432028 0.042442030054229286 0.045223219962933214
0 0.3549682593697739 0.23275302413143512 0.03769089754067192 0.03412202885594055
0 0.2008534519917898 0.1289137176006804 0.032957945745273866 0.026145837748947985
0 0.2776613916869395 0.08939983901489233 0.040788626463433175 0.029543656260602246
0 0.4700347231672245 0.198482206252753 0.040770445745273776 0.026418656260602268
0 0.5007938437769252 0.28394848029937014 0.02830680718159222 0.032232146641955416
0 0.5457836360295987 0.340999577666965 0.03145907825883114 0.03702877404661713
0 0.4245211935057787 0.5000794225874892 0.040879530054229285 0.04516865626060209
0 0.2578002843558377 0.8169792019915839 0.05327044574527395 0.026855165879248945
0 0.09059005845813858 0.8150471358421821 0.04401362041330894 0.04684028366526398
0 0.13204123937268958 0.9430828558051154 0.03136817466803503 0.02140377404661713
0 0.33706508265863544 0.8924182008104573 0.036137487899751616 0.03562996515360979
0 0.4163713084581386 0.8264236677781657 0.03461134933607006 0.04182540145127902
0 0.4768406549655383 0.909020402169069 0.04863748789975162 0.03606647477225664
0 0.598426846998379 0.4256672435462141 0.03928066861791084 0.03886409255827132
0 0.6631852803488169 0.17397082349061374 0.040806807181592394 0.032668656260602266
0 0.5745727531232581 0.09351694245775495 0.05327044574527377 0.026855165879249077
0 0.4981238826117532 0.07131207104354301 0.032994307181592394 0.032395837748947984
0 0.3968926598373121 0.1451364622432028 0.05955680718159231 0.033323420688572546
0 0.8738752571302786 0.761133550709941 0.05024543969514994 0.043933538474587405
0 0.5819195612868089 0.7110863883740709 0.04243293969514959 0.04366071996293321
0 0.5254700942679046 0.6090948132389947 0.04700226502711473 0.023511911069925694
0 0.11134552439688854 0.20236608656782162 0.03922612646343313 0.029489092558271413
0 0.23874836173090602 0.19665677830778636 0.04708407825883114 0.03757441106992565
0 0.1439221959416656 0.10973464246560416 0.047020445745273864 0.026636911069925696
0 0.7096491306668457 0.7835293619652012 0.04400453005422929 0.045277783665263985
0 0.7327775584581386 0.8374728175001639 0.04555793969514958 0.04376984736759475
0 0.7833684317983137 0.7376563559747513 0.037718168617910844 0.03880952885594056
0 0.712034308163551 0.6421776756675319 0.03773634933607006 0.04193452885594055
0 0.646718380372258 0.586761000169636 0.03299430718159222 0.0323958377489479
0 0.6595183622218854 0.5356350097882828 0.0298693071815924 0.03228671034428636
0 0.8999358466055956 0.17676847439373838 0.05647725897699054 0.04102679328391083
0 0.7586649102300955 0.41719752303512686 0.048601126463433175 0.02981647477225664
0 0.8185570189359396 0.5990130074260301 0.03768180718159222 0.03255952885594056
0 0.33646317818407645 0.3243130415546303 0.03452044574527395 0.026200401451278842
0 0.7480824551150478 0.22147579526764538 0.04246930113146803 0.04991071996293304
0 0.5210224470218201 0.836329435834333 0.053334078258831144 0.03779266587924894
0 0.5620928746167214 0.7611855920949353 0.05014544574527378 0.026746038474587407
0 0.628244594562492 0.8072545494439967 0.05013635538619425 0.02518353847458741
0 0.3231763412428424 0.5934350637871489 0.040806807181592394 0.03266865626060209
0 0.016253986485416403 0.074791668874474 0.032507972970832806 0.04489583774894799
0 0.3629449067140541 0.07049856079192399 0.03918067466803503 0.02167659255827139
0 0.39220463895646496 0.27937505298737564 0.04233294574527395 0.026473219962933125
0 0.6900336057789778 0.2600819382814037 0.047038626463433174 0.029761911069925696