4 0.9296875 0.465243137264337 0.0953125 0.14763368676785796
4 0.8734375 0.7058163991273352 0.053125 0.06466467787060921
0 0.7796875 0.4033864188989987 0.078125 0.11255834980971961
0 0.571875 0.5165416293928528 0.06875 0.10280134783255317
4 0.6515625 0.09923211258693874 0.075 0.04680601581733079
0 0.80078125 0.17518316445037438 0.084375 0.05656301779449713
0 0.92890625 0.05043122076243426 0.065625 0.05579901384016443
9 0.8578125 0.05645306908927907 0.0578125 0.04923067885919248
9 0.92890625 0.008928071350772263 0.05 0.017856142701544526
9 0.73984375 0.13938492730195562 0.0578125 0.03985567885919252
9 0.61953125 0.013843688213551596 0.0671875 0.027687376427103193
9 0.73359375 0.0693270952867332 0.059375 0.049294345855386855
8 0.578125 0.23972446140807513 0.053125 0.03653967787060939
0 0.8046875 0.23205524695988838 0.0625 0.05098417984777566
8 0.6234375 0.19881561851843782 0.0953125 0.06169618676785786
8 0.74453125 0.25403767631337243 0.065625 0.04954901384016441
8 0.784375 0.14460166791041545 0.0578125 0.04454317885919248
8 0.80859375 0.010972708955207735 0.0484375 0.02194541791041547
8 0.61171875 0.32273062098989574 0.075 0.06086851581733077
8 0.30546875 0.7586468522439965 0.096875 0.08832235376405215
8 0.24609375 0.26340994809938334 0.103125 0.08857702174882984
1 0.34296875 0.18290009433533105 0.06875 0.062176347832553214
1 0.30234375 0.10721168623638526 0.075 0.06555601581733077
9 0.1984375 0.3575392914833123 0.0578125 0.03360567885919252
9 0.37734375 0.11821817041905444 0.059375 0.0524193458553869
9 0.39765625 0.15879674946852734 0.0578125 0.050793178859192524
9 0.5140625 0.0595223082520452 0.034375 0.045150673916276605
8 0.4265625 0.3201189100389311 0.0578125 0.04923067885919252
8 0.3828125 0.3562765859323741 0.0578125 0.021105678859192522
8 0.37421875 0.26912675441144324 0.0890625 0.07550401878308026
8 0.065625 0.11841973615983556 0.0890625 0.0755040187830803
1 0.15 0.18763796836533841 0.0390625 0.032841674904859806
1 0.14453125 0.1355170528520188 0.034375 0.027963173916276583
1 0.1578125 0.15919463338436646 0.040625 0.029780341901054184
1 0.17734375 0.10605504593193657 0.0453125 0.04247134288963732
1 0.2015625 0.1120994574909235 0.0546875 0.04597834486680372
1 0.1890625 0.07667129346047863 0.05625 0.0460420118629981
1 0.42421875 0.1999019105332227 0.0390625 0.032841674904859806
8 0.1171875 0.06084997528542063 0.059375 0.04460684585538688
8 0.05546875 0.0305523216350991 0.0625 0.052546679847775654
8 0.32890625 0.05378559730108059 0.06875 0.05123884783255324
8 0.27421875 0.05445144216788429 0.071875 0.05449118182494202
8 0.4953125 0.2493488122063779 0.0625 0.04942167984777566
8 0.4703125 0.3472424841454882 0.065625 0.03392401384016441