9 0.6750605991953063 0.860658970267813 0.143248742036905 0.07511171561506949
9 0.6198123860975964 0.7961775897588546 0.0941742052052021 0.06304682028847228
9 0.8965113939901042 0.8049584033978132 0.0937191788968427 0.05523432028847246
0 0.6640713493364807 0.7121669188810422 0.126061242036905 0.07471167211208343
0 0.9132823940606913 0.7312306158787507 0.1393802893919517 0.08906511284152785
5 0.5371840836926394 0.5562961657469101 0.11025423151356151 0.07122299620027803
8 0.9213330285862593 0.40061704872441045 0.0836917315135615 0.07060474715020834
8 0.8729949681476203 0.30742943996694516 0.10280575256024846 0.07729115824437507
8 0.5059153420086702 0.11320012917777819 0.08801521046687384 0.06446384992375007
8 0.5973439788121382 0.15589808187506993 0.07809417889684286 0.05487064437666671
8 0.6348271102127601 0.34401633092513945 0.09757222099021767 0.06780705547083343
8 0.7507265840455752 0.19067573821958395 0.08212923151356133 0.07056837955902781
9 0.649756347270342 0.11810844756638943 0.08543624203690499 0.07376611474138897
9 0.22366615721487096 0.7190805743725349 0.1039132262518895 0.06951502583555573
9 0.3664081230845911 0.6381423117390975 0.09666216837349921 0.05218205547083343
0 0.45680560993041147 0.6363453820275697 0.025970236775233246 0.07082164627652787
0 0.15325932082080845 0.24698671561506957 0.22933743145709165 0.13328919794763908
0 0.131861004908736 0.37522016517822926 0.23068709983059082 0.1832528303564585
0 0.05429817605424543 0.27589100598392363 0.009739021046687401 0.006468205547083361
0 0.05400204444186204 0.3109927045971528 0.07788134727034204 0.10479790919430557
0 0.2996253575819242 0.33543423261690997 0.2565215577372159 0.17137107940652802