0 0.29453125 0.44609375 0.0328125 0.06875
0 0.40078125 0.72109375 0.03515625 0.0453125
0 0.51484375 0.759375 0.0640625 0.04921875
0 0.4890625 0.58515625 0.0359375 0.0765625
0 0.553125 0.54375 0.0484375 0.078125
0 0.6734375 0.528125 0.05546875 0.06015625
0 0.7109375 0.4390625 0.0484375 0.09453125
0 0.80390625 0.503125 0.04765625 0.06875
0 0.91484375 0.5234375 0.053125 0.0671875
0 0.13359375 0.365625 0.05546875 0.05234375
0 0.54375 0.40703125 0.0453125 0.05703125
0 0.68984375 0.8359375 0.02734375 0.04921875
0 0.7 0.74140625 0.03125 0.0484375
0 0.24453125 0.6421875 0.0421875 0.06171875
0 0.15703125 0.64140625 0.03984375 0.0421875