0 0.8196494977188893 0.5173766027796466 0.05755923328249999 0.05919793758467105
0 0.6360590137707991 0.6755188941640764 0.05160017401194459 0.0713703889641522
0 0.5709606906325353 0.6611830772261916 0.04520470364722229 0.06479284034363317
0 0.5532881070450355 0.9411638263216805 0.02612739532659738 0.049747694482076096
0 0.5285231899669451 0.8829042689947343 0.025727351823611144 0.0325601944820761
0 0.4456872804882991 0.6093605483933764 0.03535692496187508 0.04398901741285464
0 0.5169810522397922 0.62168016395178 0.026854747150208524 0.0809976944820761
0 0.5484648287409379 0.49926293136463473 0.04178876291777787 0.05212906603337366
0 0.7115642407850351 0.5000076390756937 0.04440461664124999 0.030417840343632995
0 0.6457385658231601 0.454421822137809 0.048038762917777686 0.05245661465389251
0 0.7228439668493405 0.34766056704942633 0.032341027735416715 0.048512743102595034
0 0.6542939886008335 0.3526512822237173 0.07176720364722229 0.06618492198083885
0 0.7707957300514587 0.5975277702379296 0.054288762917777865 0.05278416327441171
0 0.7001754119471879 0.647667211101961 0.045459276785486225 0.07573034034363317
0 0.8243876298433683 0.3186491757104251 0.04186149810013902 0.05525406603337357
0 0.7221172682361114 0.3499633734718615 0.04800239532659738 0.05089411465389251
0 0.8145606477951393 0.4328378284693871 0.05130923328249999 0.05887038896415202
0 0.510761540937535 0.32093985752934495 0.04160692496187508 0.044316566033373486
0 0.429005007502535 0.4290179511523384 0.05272626291777769 0.05270227611928178
0 0.3783179425323963 0.5980269007227971 0.0470945119678472 0.07893722749876275
0 0.6550616272779172 0.586780620758328 0.03880923328249999 0.058215291723113974
0 0.5691935964083684 0.4176377951140161 0.03546602773541672 0.048676517412854635
0 0.49223105290538227 0.3964378245126582 0.02285692496187508 0.04333392017181659
0 0.7110511752462155 0.27681580054108296 0.06362739532659738 0.05171298620519007