0 0.5855214270057261 0.43508109113660254 0.06894998789975162 0.03797803482570909
0 0.7030760447867563 0.22338891734674143 0.07372839149054773 0.05384869629109836
0 0.6918289516972023 0.0364211838550848 0.07688975292686617 0.060262470601357844
0 0.7080311894987579 0.13482106230378726 0.05016362646343318 0.030745388964152066
0 0.650314138269094 0.1542571370435881 0.053434072208706954 0.055909163274411575
0 0.32976685157556523 0.5336668345778819 0.06587953005422928 0.04718926051544958
0 0.23564869203284072 0.47529881388566697 0.07209316861791085 0.041266809135968606
0 0.1529680022394952 0.5022950831075438 0.09716589149054777 0.05507700361804453
0 0.21044922501393626 0.5766499519453079 0.03926248789975162 0.03642217887824373
0 0.3741355168738264 0.7720399378118137 0.04556703005422928 0.04612472749876275
0 0.4319702218906783 0.6385004194944479 0.06586134933607006 0.04406426051544958
0 0.4082691014773694 0.5944162268213943 0.05644998789975162 0.03732293758467105
0 0.40406339050858914 0.6774743882867835 0.05952044574527395 0.028111711894930735
0 0.4459787006170477 0.7628043786758452 0.05964771077238851 0.049986711894930556
0 0.5885383844584648 0.6849992039814727 0.08470225292686635 0.06067190637700648
0 0.8289406706610143 0.6341073320914911 0.0705033975406721 0.03649742198083885
0 0.8214372428697214 0.6876417678671398 0.06893180718159257 0.034853034825708916
0 0.9441343994855795 0.6882448761894542 0.06282725292686635 0.05952548620519007
0 0.7039184656441624 0.771167998079436 0.06282725292686635 0.05952548620519007
0 0.8354502667756305 0.812726977048537 0.05958407825883114 0.03904921189493038
0 0.714050427103922 0.363481650838398 0.04863748789975162 0.03691350180902227
0 0.960785568299882 0.595156617483027 0.03764544574527377 0.026965291723114147
0 0.9774430340026473 0.8074961651990348 0.04511393199470533 0.040120388964152195
0 0.9685459878015557 0.04848965739711871 0.05657725292686635 0.05919793758467107
0 0.31818743949875794 0.1552519075086604 0.07227497579950323 0.07251680913596861
0 0.889207046731664 0.9185365637741253 0.0831579336450254 0.0637150192218769