0 0.45390625 0.77578125 0.0453125 0.06484375
0 0.6109375 0.62734375 0.04375 0.0359375
0 0.6265625 0.53046875 0.02578125 0.04375
0 0.4453125 0.48203125 0.0484375 0.05078125
0 0.56953125 0.8078125 0.0515625 0.06015625
0 0.64765625 0.834375 0.03828125 0.05859375
0 0.7359375 0.78359375 0.0515625 0.0359375
0 0.3984375 0.715625 0.05 0.05234375
0 0.44140625 0.65 0.05625 0.06328125
0 0.4921875 0.615625 0.05 0.06015625
0 0.26796875 0.6484375 0.040625 0.06015625
0 0.31015625 0.57265625 0.05 0.040625
0 0.38125 0.55078125 0.02734375 0.0421875
0 0.615625 0.37734375 0.0453125 0.040625
0 0.3578125 0.83671875 0.05078125 0.078125
0 0.525 0.76015625 0.02890625 0.040625
0 0.634375 0.4859375 0.0328125 0.04375