0 0.5125 0.73359375 0.04609375 0.05859375
0 0.5078125 0.6484375 0.03046875 0.05078125
0 0.49296875 0.5671875 0.03046875 0.0375
0 0.5515625 0.53046875 0.03515625 0.05546875
0 0.5984375 0.55859375 0.028125 0.0390625
0 0.59921875 0.65 0.040625 0.0484375
0 0.721875 0.73984375 0.05078125 0.05703125
0 0.80859375 0.41953125 0.040625 0.046875
0 0.73359375 0.4359375 0.0234375 0.0375
0 0.65703125 0.54453125 0.04375 0.06484375
0 0.52421875 0.403125 0.0359375 0.05546875
0 0.77890625 0.5265625 0.0484375 0.034375
0 0.7671875 0.59140625 0.04140625 0.0296875
0 0.2984375 0.328125 0.04296875 0.05234375