0 0.43495088757695877 0.6123757175098838 0.059865923701106105 0.028470433645025394
0 0.25414694682972405 0.6837472443426592 0.047420470779006775 0.03152271077238851
0 0.4280089610331836 0.8413456000234412 0.06633411201270878 0.041006795081344194
0 0.34506445291880405 0.47616602761834237 0.06353639448011297 0.0597386143631848
0 0.47214732994904657 0.3261927778147341 0.047584112012708776 0.040897710772388504
0 0.5035591968330193 0.20099733509452236 0.04604888555165907 0.042451120413308986
0 0.33833184293798535 0.04569273243880258 0.05353410308425506 0.023746572208706997
0 0.28226484943080715 0.14602907572474844 0.044568206168510205 0.047129530054229284
0 0.16594042004765813 0.15139380747617995 0.04125229139585782 0.03617384933607006
0 0.705304703325841 0.2998337691323313 0.06320911201270896 0.040988614363184704
0 0.7454541907439394 0.40664230533488066 0.06811480032431164 0.05351588544042354
0 0.8027251741048479 0.33052016686939495 0.05695911201270896 0.040952252926866176
0 0.769933813713697 0.5557337903077659 0.04273297077900686 0.031495439695149584
0 0.6227491221556833 0.4940837388817102 0.05388865909060954 0.04405907220870695
0 0.5031400056787476 0.4455558561717611 0.06030230032431163 0.05347043364502539
0 0.4982400458567894 0.5229359676080796 0.04780230032431163 0.05339771077238851
0 0.6902401797835955 0.7796576245185255 0.04777502678536116 0.05183521077238851
0 0.7949509991826306 0.825146865639731 0.07924321509696383 0.06451701795398108
0 0.5787787540538945 0.6607626996540988 0.10432503571381488 0.06934996369925486
0 0.6937900994275118 0.624933763082207 0.06962275324641087 0.05039997579950324
0 0.138185387173217 0.3070398194782325 0.047584112012708825 0.040897710772388504
0 0.5998750892845374 0.16840248283158604 0.06013865909060954 0.04409543364502548
0 0.6344907861142615 0.8534269226249315 0.06310001785690744 0.03473861436318444
0 0.5948749070554241 0.9114757719610017 0.08818183847375849 0.03957156010845857