0 0.08682312607413295 0.542814899695989 0.05116360534690847 0.10203734387822046
0 0.4490845793682257 0.23885432258650124 0.08201361600890866 0.06893568380210838
0 0.944334539385725 0.34764180178907356 0.09622156667727211 0.08200868676785786
0 0.7307293094366316 0.7315233477581911 0.04111589600572696 0.04384284190105418
0 0.861184590030226 0.18767123559118187 0.060193160009544756 0.0727318458553869
0 0.5588719434277228 0.6728698838414771 0.04901930267345413 0.051973676882026074
0 0.4619162221116767 0.8042246546017238 0.04135225334181776 0.06415534190105418
0 0.5286860987825855 0.832768807263462 0.04127952800763594 0.05790534190105419
0 0.4031021067393149 0.5189848329666246 0.06362724267981754 0.09942167984777565
0 0.312177114735815 0.4968962687458992 0.06166475334181776 0.06498301285158128
0 0.24705374343567713 0.7441970330803553 0.053961341343090476 0.07403967787060939
0 0.17685832741881424 0.6227796309129086 0.023910214672181594 0.041580004942915846
0 0.19783554077813123 0.8134218769585757 0.0634090666772722 0.08067167984777583
0 0.28738893678385824 0.8519803581754954 0.07107611600890866 0.06849001482874754
0 0.2187976427036801 0.26387020452517396 0.06686133068109026 0.10892401384016441
0 0.3028726507001803 0.23465093673067683 0.04776588534372674 0.07847250988583179
0 0.3279448286919079 0.17266293129346938 0.06954997867599957 0.07155134783255326
0 0.5291533400302258 0.20120047228249005 0.05381589067472703 0.06153967787060939
0 0.6048709553628168 0.19264387296706206 0.04752952800763595 0.05816000988583174
0 0.7079885067234064 0.3893186017125238 0.06331816000954511 0.07285917984777565
0 0.7704879593809524 0.31955258836665096 0.06315452800763595 0.05879667984777566
0 0.8482589707192701 0.3531198220550286 0.03806362133990859 0.04996550790866543
0 0.8102691693984516 0.44689899695988833 0.058467028007635945 0.058605678859192524
0 0.7836441294159507 0.5769512528913874 0.12276588534372675 0.08152852570316256
0 0.8494787620941775 0.6594653225493202 0.03170453333863606 0.040335839923887916
0 0.5276299394095874 0.5404858067691704 0.06962270401018138 0.07780134783255335
0 0.3775743007240428 0.4074716714076376 0.129143154678545 0.09272069368794007
0 0.5581675833465903 0.07495896585669944 0.06166475334181776 0.06498301285158128
0 0.5957579426718634 0.026853024183106727 0.06964088534372692 0.053706048366213455
0 0.6397572220719058 0.5038705330431743 0.03361247867599957 0.07008700692008211
0 0.1437838401097677 0.8031183883272822 0.09920111600890866 0.0696360207602467