0 0.33864794657068625 0.70703125 0.09011701734563582 0.090625
0 0.49533648794559343 0.40078125 0.04131589067472703 0.059375
0 0.7067301633115919 0.16015625 0.044477253341817756 0.0625
0 0.8715648226448192 0.1609375 0.054070429344363194 0.08125
0 0.8790836845958214 0.521875 0.05394316000954511 0.0703125
0 0.613767767266094 0.4953125 0.07260225334181776 0.0625
0 0.5631746845560505 0.81484375 0.08230451734563574 0.090625
0 0.45787011390041366 0.73359375 0.06331816000954511 0.0703125
0 0.30102812587527844 0.91875 0.052398841343090474 0.071875
0 0.7426687579965001 0.02578125 0.056831802673454314 0.05
0 0.8535880766629547 0.02734375 0.06938634667409076 0.0546875