0 0.5894952347628593 0.681521596156621 0.06936816534054521 0.05632708271265763
0 0.12911117075108702 0.6161985806457431 0.09137043467536325 0.06828342721213972
0 0.28520444004613427 0.32674432072094567 0.08048747867599956 0.07246150496239867
0 0.23039021805377025 0.3855778192732036 0.06288180800445434 0.03572348428423426
0 0.5246567440324531 0.21475578122664363 0.08343066534054522 0.05698205417661049
0 0.8898197620544066 0.3595544350745318 0.07703521467218159 0.04419095574818703
0 0.8547560607494962 0.5706760256450722 0.08036020934118149 0.06152400496239885
0 0.7011936140594972 0.4058601625343405 0.05690452800763594 0.0588698858558109
0 0.5671538740451798 0.3065772541383384 0.05352498933799978 0.03684933664159917
0 0.41727424208304165 0.5926154156347124 0.06940452800763594 0.05945208271265763
0 0.40056745273708766 0.500374411705771 0.0802693026734543 0.05371150496239885
0 0.696943013407042 0.5108023736592111 0.06929544000636341 0.05007708271265763
0 0.5355295146801358 0.07432983436979676 0.06918635200509068 0.04070208271265772