0 0.30078125 0.60390625 0.06640625 0.08125
0 0.875 0.1765625 0.0578125 0.078125
0 0.86796875 0.06953125 0.04140625 0.07578125
0 0.94140625 0.0625 0.03359375 0.075
0 0.98125 0.271875 0.03671875 0.125
0 0.87265625 0.28125 0.05703125 0.10703125
0 0.5078125 0.14140625 0.0625 0.09765625
0 0.46328125 0.753125 0.05390625 0.09609375
0 0.51796875 0.534375 0.075 0.09453125
0 0.1234375 0.6046875 0.0796875 0.109375
0 0.18046875 0.68046875 0.0828125 0.1
0 0.0375 0.1046875 0.05390625 0.11796875
0 0.7796875 0.71015625 0.0515625 0.08203125