0 0.16153443030488618 0.32231799400414396 0.0477318458553869 0.06148546360606986
0 0.10174559482962267 0.3352396790741666 0.049676347832553217 0.07093323821317572
0 0.08327282604654233 0.42499353784167215 0.03953734387822054 0.05174659057054054
0 0.0562328235750844 0.4379494561624718 0.05681768577927471 0.09309933664159917
0 0.1472650473776303 0.5576925678254615 0.0397920118629981 0.05799659057054054
0 0.14414931764358535 0.4619263035574379 0.031342841901054186 0.04200771753501122
0 0.159355164981847 0.394937856700591 0.047222509885831744 0.048985463606069854
0 0.867547008365776 0.31438748428874347 0.038322353764052505 0.09847604135632881
0 0.9165230192401909 0.2606417460755678 0.03928267589344294 0.04549659057054054
0 0.9641819278334282 0.2966305959517333 0.028565351786885886 0.08866439371369372
0 0.9326799184418881 0.34254456348674456 0.03603034190105418 0.04222604135632881
0 0.8862121422444339 0.46869184057504987 0.03590300790866543 0.03910104135632899
0 0.8290044787082808 0.45654075103796654 0.04228034190105419 0.042517139784752266
0 0.8540164075674731 0.3976730192349316 0.03571200692008247 0.03441354135632881
0 0.9487983028520187 0.10006596505832113 0.0361576758934433 0.04535104135632886
0 0.9769604535365908 0.17439172291620397 0.03143568380210837 0.08255994292790544
0 0.0478208042977125 0.5295740299837893 0.05643568380210835 0.08372433664159917