0 0.05694396057450424 0.6796607753421359 0.08539315467854491 0.08848179201145392
0 0.5435649026098208 0.4251316480744511 0.07874316534054522 0.054034066677272286
0 0.6756848699077315 0.687641833426132 0.056649989337999786 0.035029528007635945
0 0.4439696038749603 0.9263845180617245 0.0660613520050907 0.038263616008908485
0 0.2485876625955033 0.5271823073679075 0.07425566000954502 0.07116702267663584
0 0.14787913792968505 0.5197596113542262 0.05054544000636332 0.04745680267345413
0 0.03835813991886737 0.5981835086728179 0.06633407200827235 0.061701116008908666
0 0.11818035789309582 0.7889817786839538 0.056904528007636034 0.05690452800763594
0 0.27844952729154737 0.3110942307049528 0.07576361600890866 0.06649770401018137
0 0.3815648892823205 0.3802720393857249 0.0660613520050907 0.038263616008908666
0 0.5368812873170008 0.12657596940640575 0.1165704293443632 0.08259541868236289
0 0.11363414397677381 0.17243916868236292 0.056740896005727 0.042842028007636035