9 0.22393649937631827 0.7073523893704675 0.03626713978475227 0.04222604135632881
8 0.05782565591029356 0.7728938444994821 0.023330492142117132 0.032268844499482086
8 0.2566719166636605 0.6402762053339023 0.030162688998963995 0.045059942927905536
8 0.26977099855225795 0.06791320781510161 0.06682793507002263 0.06235875889134015
8 0.181215766749223 0.0411815798171736 0.09680653349844599 0.06999147642635145
4 0.9463549811816078 0.6043111658350909 0.10729003763678442 0.13231169396136266
4 0.831481479731611 0.8136047750168813 0.07732878742738762 0.05349318114108108
0 0.7485018899896401 0.4714129669113295 0.1052397717116218 0.11715757485477489
0 0.42468555438149824 0.4984269613297583 0.09150260339082213 0.09001287799792798
9 0.8895763461521117 0.40392586806862135 0.13441354135632863 0.040560841603997845
8 0.6588528850272414 0.3877228635205074 0.09898546360606986 0.049824525640563166
8 0.5276328101724665 0.28182812034493293 0.0874315334984459 0.06955482878371626
8 0.9821479510953746 0.3212653794411609 0.03570409780925097 0.07405823821317573