0 0.7043026220957683 0.7338323968046014 0.060174978675999566 0.0711693458553869
0 0.3692196447724042 0.7935814926228073 0.025654528007636034 0.05726867193911005
0 0.44800716876190466 0.7194847594287213 0.05701361600890884 0.06791701186299796
0 0.4883509054344044 0.7640770178316781 0.02868862133990895 0.04958350593149916
0 0.5651219434277229 0.7180097841433006 0.04135225334181776 0.06415534190105418
0 0.3660924554025877 0.5248314926228073 0.057068160009545024 0.07260451186299796
0 0.3014043414226323 0.6697818952845456 0.04138861600890866 0.06728034190105418
0 0.5310987427195885 0.41129952771750994 0.06186474801081765 0.08217051285158128
0 0.7505401807367695 0.5467435736866275 0.03166817067154533 0.03721083992388792
0 0.766156637412451 0.6137546601504742 0.02538180800445424 0.03383117193911023
0 0.26710896805377027 0.40678980536065784 0.050654528007636035 0.05828734387822045
0 0.23030150075585953 0.6661037969577007 0.03988066000954502 0.07190417490485963
0 0.1936634720719058 0.537327539543327 0.03822725334181776 0.06402800790866543
0 0.2674458700668151 0.5028517218625606 0.05670453333863614 0.04135451186299797
0 0.46265837273231514 0.5022163463868595 0.028506808004454244 0.03395850593149898
0 0.5750167534611305 0.9643900356261753 0.04118862133990877 0.05009284190105419
0 0.4196270827498143 0.6293080869953194 0.03806362133990895 0.04996550790866543
0 0.37962933875713223 0.6815589950942652 0.034720445337363424 0.031088173916276673
0 0.5034720873647258 0.25165527228030243 0.044404528007635946 0.058032675893442943
0 0.7239027660327713 0.27078856874371166 0.03186816534054522 0.05439833992388783