8 0.4143743193825432 0.3720464926848962 0.05032726400381797 0.029288762917777867
8 0.34366927868395375 0.13530825246854197 0.047274989337999784 0.03546602773541672
8 0.44854877737108917 0.2884897634864587 0.0408977200031817 0.024383057370694416
8 0.42304933804104355 0.31210844823197953 0.034611357336090796 0.021112587005972294
8 0.32172319537713434 0.33005705480524333 0.03470226400381797 0.028925087005972294
8 0.24990219203531652 0.265902329406528 0.037790901336727065 0.025872822188333443
8 0.23177944804263442 0.31937216831236126 0.040952264003817976 0.029070557370694416
8 0.429216974697635 0.23805335239229203 0.03782726400381797 0.028997822188333355
8 0.39924821137013466 0.2803129343642712 0.03782726400381797 0.028997822188333446
8 0.3495845660407254 0.30805542144649334 0.05970226400381797 0.029506968464861137
8 0.2860669587046346 0.2862700340036808 0.04098862667090888 0.0321955573706945
8 0.20643345536281682 0.2219334706490627 0.04411362667090888 0.032268292553055564
8 0.4020459473663166 0.25226066954663223 0.044040901336727244 0.026018292553055565
8 0.48355957670272565 0.27680803428802125 0.05036362667090888 0.032413762917777866
8 0.27007887937617986 0.32182567429628495 0.039353401336727066 0.02590918977951393
8 0.17398458203372572 0.25241975123427096 0.05036362667090888 0.032413762917777866
8 0.26507211135422637 0.16003418911392384 0.034647720003181705 0.02423758700597225
8 0.27868971602481707 0.18924956363895856 0.037718176002545345 0.019622822188333354
8 0.2766914113621805 0.21888251225218774 0.04404090133672707 0.026018292553055565
8 0.3013175993395906 0.053094511302257195 0.04407726400381797 0.02914329255305559
8 0.3502187233449995 0.09406565662885445 0.04407726400381797 0.02914329255305559
8 0.3027897400143175 0.11248769509784748 0.03462953866963625 0.02267508700597225
8 0.31241018801718107 0.13379965064493082 0.0377727200031817 0.024310322188333355
8 0.2781550087125888 0.34466376225218776 0.04404090133672707 0.026018292553055565
8 0.24074591538031603 0.3516034400638544 0.028379538669636252 0.022529616641249993
8 0.3290447993714073 0.2880513927611461 0.04098862667090888 0.0321955573706945
4 0.531301474100859 0.7551337092498963 0.0956772213558171 0.16780705547083344
9 0.3643952374283593 0.708291810789167 0.07103975334181775 0.0641365416031249
9 0.2841622974219959 0.6595620636389585 0.06631589067472685 0.06090243882958344
0 0.22553382678226744 0.8565812275829169 0.18043402936027153 0.20258340539458358
9 0.893797095361226 0.22621646076850768 0.11864200668363552 0.1277275693385418
8 0.7877454480028636 0.03942301595500066 0.10047271467218159 0.042952525835555644
0 0.6007465293602715 0.2123662874221533 0.06026588534372692 0.07794446846486114
8 0.8449276220957682 0.7249435950771882 0.07570907200827222 0.06268314437666671
8 0.6653395720878141 0.6621857558870144 0.0629727146721816 0.042079703647222286
1 0.9642781534452223 0.8464393482113202 0.03466590133672724 0.025800087005972472
1 0.9210548647755858 0.8235642394538548 0.04429544000636341 0.047893292553055744
8 0.8075645294398133 0.8029588390932645 0.06618862133990859 0.04996493882958362
8 0.9910549980505886 0.8112473838305216 0.017890003898822827 0.0865557490500695