8 0.7170011956665283 0.6560591401401756 0.1333229526972918 0.09670694198043535
0 0.8811189002636812 0.6824865902954674 0.1110115416031249 0.07668286831702939
4 0.5267878908612851 0.348738005755782 0.15643445079743062 0.1511060156438412
1 0.5914692931217365 0.40520854265807216 0.09738414627652787 0.027517326223654593
0 0.6765885223201739 0.3650470032661205 0.13128767401194458 0.07630343671876343
7 0.3820092530372229 0.7162502713996233 0.16068945896555586 0.3339185156438411
7 0.2709977114340978 0.6523081397166527 0.12849390159486135 0.2914734104104042
7 0.2251260862434729 0.8662033107209878 0.11810060904180571 0.24717737884037305
7 0.07657687062840339 0.7356043000564697 0.12562347473312524 0.30222889988706053
6 0.12137238582729193 0.307419115897955 0.23125261284152784 0.14766176820408994
6 0.34401175845246557 0.3609481213713884 0.21235714247680565 0.14031970506402783
6 0.24567944196371544 0.1695334370716993 0.2036731267092362 0.16946117349399667