0 0.6179092799172766 0.5766201379480993 0.05227157200827222 0.06363977611928177
0 0.7391041219366847 0.42738702058067324 0.047784066677272106 0.08058161465389269
0 0.5239325605904126 0.5339180608334493 0.047584072008272395 0.06339411465389269
0 0.563768314608548 0.3983180755327703 0.03819089067472703 0.06134029172311397
0 0.5312381726209566 0.30867239936805996 0.03811816534054504 0.05509029172311406
0 0.2921382152689575 0.4586192469477822 0.047474984006999676 0.05401911465389268
0 0.45514893463559236 0.20491331354698267 0.05087270401018138 0.07762038896415202
0 0.30042233525623085 0.5518779240170038 0.044331802673454226 0.05229284034363317
0 0.4056285506047301 0.43471367820087525 0.060174978675999566 0.07186171189493056
0 0.946824073241595 0.6257481982157216 0.05069089067472703 0.0619953889641522
0 0.25438477128422954 0.3481664258260261 0.04298747867599957 0.07096095318850333
0 0.3705552112905929 0.29523177634642445 0.04916475334181776 0.06503850180902226
0 0.13141834392904872 0.5154501803485818 0.05076361600890866 0.06824538896415219
0 0.5343898972788207 0.3733114314802356 0.04444089067472703 0.061667840343633