0 0.43749638125 0.3918160765625 0.4160524296875 0.368460090625 0.4026435796875 0.4009805 0.410081015625 0.4368218546875 0.43632266406250003 0.42062113593749995 0.43749638125 0.3918160765625
0 0.3254188734375 0.3308764 0.34805155625 0.3213564078125 0.3527651984375 0.287565015625 0.3460244171875 0.26192246875 0.3231466140625 0.259699009375 0.30937020312499997 0.28799874999999997 0.3254188734375 0.3308764
0 0.344555759375 0.2160761875 0.3685817453125 0.22695380781250002 0.385239340625 0.20029565312500003 0.37495863125 0.1796394078125 0.35914848125 0.1610522265625 0.343990965625 0.1753454734375 0.344555759375 0.2160761875
0 0.1183233328125 0.117886396875 0.14158370468749998 0.120259703125 0.1628919625 0.088647534375 0.15837299062500002 0.06306963593750001 0.1344708765625 0.044214665624999996 0.1066492359375 0.076832534375 0.1183233328125 0.117886396875
0 0.24267051093749997 0.69659339375 0.26753140000000003 0.7142810453124999 0.27981432812499996 0.6857992953125 0.27230768437499997 0.65165233125 0.25031779374999996 0.647872603125 0.2359298140625 0.6709508515625 0.24267051093749997 0.69659339375
0 0.1949697078125 0.9937766140625 0.2121168234375 0.9824006046875 0.21773416406249999 0.9537247109375 0.20786770468750002 0.9229020140624999 0.18537310468749998 0.9290332250000001 0.174477334375 0.950769665625 0.1949697078125 0.9937766140625
0 0.5371653625 0.8428807390624999 0.5291876515625 0.8711801156250001 0.5401650124999999 0.9020351359375001 0.5682143890625 0.8960655546874999 0.584802771875 0.87110181875 0.5725073828125 0.8452976515625 0.5506341640625 0.8361790671874999 0.5371653625 0.8428807390624999
0 0.52513979375 0.47918759843750003 0.5505467109375 0.456176859375 0.5582478562500001 0.43095452968750003 0.534152828125 0.4217713015625 0.516499346875 0.42865400937500003 0.509097353125 0.46345294218750005 0.52513979375 0.47918759843750003
0 0.15596090954463954 0.43395276583511766 0.026973676882026166 0.04916492570596276
0 0.13922971289094993 0.5758220170887588 0.0305443458553869 0.060193353919208194
0 0.23905595794803403 0.6021919519659218 0.029780341901054184 0.04144335391920819
0 0.3567196659332491 0.8050705625490476 0.03290534190105419 0.04153428213245362
0 0.38180984924106587 0.7268008100417651 0.0256021778706093 0.05380696159934022
0 0.40961119707361915 0.6587782357477281 0.029780341901054184 0.04144335391920819
0 0.3267350300774247 0.6579311380967259 0.05066584486680368 0.056096887305303156
0 0.577439389735795 0.935858875956025 0.030035009885831698 0.04769335391920819
0 0.7367546061983291 0.30849605707226424 0.02346667490485981 0.039698997492717505
0 0.26144949456279254 0.03341921991261043 0.029525673916276585 0.03519335391920826
0 0.8578975053628455 0.7907128266683056 0.03953734387822081 0.051091138558944316
0 0.9164885967696079 0.7540910165600334 0.05273768083635879 0.06864235141192587
0 0.24189895 0.3606783609375 0.216065409375 0.33956954375000004 0.19802074218750002 0.37297304375 0.2199001046875 0.4092346125 0.2441269875 0.38788600156249997 0.24189895 0.3606783609375
0 0.166494340625 0.3550914453125 0.14712595312500001 0.34790819375000004 0.13574003125 0.372857259375 0.15247920937499998 0.3987907296875 0.17524997656250002 0.3858818859375 0.166494340625 0.3550914453125
0 0.583799359375 0.131430365625 0.561824653125 0.10119366562500001 0.544151415625 0.12179459374999999 0.5490908703125 0.164348996875 0.5713783421875 0.1633010640625 0.583799359375 0.131430365625
0 0.369911596875 0.8767241921875 0.39066145625000004 0.8315243375 0.3495573109375 0.8303283296874999 0.34026196249999996 0.8673793390625001 0.369911596875 0.8767241921875
0 0.12318065468749999 0.708384403125 0.147896975 0.702317903125 0.1526107046875 0.6685265125 0.1357334421875 0.6459818953124999 0.1197622375 0.644073825 0.1086632859375 0.6825155796875 0.12318065468749999 0.708384403125
0 0.529947840625 0.2520062234375 0.56549729375 0.25304060625 0.572363703125 0.2210082546875 0.5576392890624999 0.200222775 0.537451865625 0.187451884375 0.5233450578125 0.22297482500000002 0.529947840625 0.2520062234375
0 0.161686740625 0.2820052 0.1335671 0.2711520578125 0.12392162343749999 0.30804915624999996 0.14177161875 0.334014946875 0.1731474796875 0.3009993484375 0.161686740625 0.2820052
0 0.5466363000000001 0.6613307500000001 0.51281779375 0.6555105734375 0.5035299249999999 0.7092730265625 0.5209594390625 0.7182623109375 0.551990003125 0.6937187984375 0.5466363000000001 0.6613307500000001