0 0.1608284820782587 0.532799207033813 0.05952618942018657 0.05854201186299797
0 0.3581115477079825 0.37247049657713993 0.05400423151356133 0.07078734387822054
0 0.42231826087627955 0.3860501769192072 0.047390210466874014 0.06428267589344294
0 0.4629179579772124 0.10578701536022024 0.027821163111827474 0.04945617193911023
0 0.48303376592618985 0.16377327030313613 0.02682010523343692 0.032268671939110226
0 0.543897858287796 0.4364242031166613 0.03683214206513981 0.043588173916276673
0 0.47330463722699107 0.4249336047898165 0.029641268345264392 0.08070617193911023
0 0.43169471892407907 0.5477516808735399 0.04353716837349921 0.05165534190105418
0 0.2679584426157199 0.5489109797712259 0.045388094710093266 0.029907675893442943
0 0.3303450505505799 0.5937406601132932 0.04978716837349921 0.0519100098858317
0 0.24419617697187865 0.7014311433073793 0.03398015785015547 0.048148339923887916
0 0.3134467059110738 0.6956387411399325 0.07395271046687402 0.06536501482874754
0 0.2164330109468667 0.4520558844101307 0.056037168373499216 0.05216467787060921
0 0.2914476924745455 0.4010783162350727 0.0480272472985769 0.07522017589344294
0 0.13985031121509797 0.7316359550566467 0.04371917889684287 0.054780341901054186
0 0.24511393486438643 0.6991192268054764 0.05125866311182729 0.05041117688202625
0 0.15903919794797888 0.6173015410262017 0.05327618942018657 0.05828734387822045
0 0.4550048743551601 0.7256830212917194 0.04308214206513981 0.04384284190105418
0 0.5459322531955333 0.6166210390862165 0.054474668373499215 0.052101010874414835
0 0.6106303319794366 0.44697438395302014 0.04977175782192056 0.07840884288963731
0 0.33178499516185117 0.4614547421285156 0.04077618942018653 0.05777800790866543
0 0.404215190055471 0.6296410094287213 0.037105157850155376 0.04827567391627667
0 0.4797766321770808 0.6499481922422464 0.024332142065139985 0.043078837946721474
0 0.2502571901966454 0.7721574787826427 0.0653211631118273 0.05098417984777566