1 0.9459971650155399 0.6846650666391757 0.04847604135632864 0.03573892319868044
1 0.9587197969424093 0.6130628512789118 0.029726041356328635 0.03519335391920819
1 0.9265536521952583 0.7326024614663262 0.05428939371369381 0.02654577962517113
4 0.49311825992930663 0.800568582145089 0.09978598428423435 0.06531877461060631
4 0.7143533668347855 0.5856124865391509 0.11184933664159917 0.05630748746358769
0 0.7126923593911874 0.7052573968057075 0.08877570967712849 0.0634380258642473
0 0.6673651284122128 0.0827853517411302 0.15240587014004525 0.12302362602253203
0 0.48057779611383983 0.29717915769276726 0.11232452564056317 0.10001202335696498
0 0.8862050196447072 0.1040168087216169 0.22758996071058563 0.162660439033798
0 0.8573458114153208 0.21974109712227669 0.1721019400324213 0.14388169530200426
6 0.8144561823839354 0.4015533867765777 0.19968328453190337 0.16652958511458973
0 0.07723435649570326 0.5756796130904084 0.13489303846084472 0.14904055674305994