9 0.925851041632858 0.7168167578771876 0.05001202335696533 0.10835794000636341
9 0.9706681334778725 0.5381099552037332 0.033750525864247295 0.08630112667090888
9 0.5824814748606684 0.6801734699236399 0.037102846397360875 0.09414998933799978
9 0.6112680529156291 0.6220064339195037 0.03683006175762475 0.08477498933799979
0 0.7351301355894435 0.3665729519016863 0.03855769780928675 0.14414998933799977
0 0.7802584306540208 0.4402917152291866 0.06090405925034226 0.10692270934118149
0 0.7516537090255507 0.5047087512333228 0.052818774610606314 0.09745680267345413
6 0.8866678358395056 0.9548531072167782 0.042670884798020836 0.0707852146721816
0 0.5564201138818311 0.4022575552594125 0.07823997492717538 0.21958634134309046
0 0.5364977219576744 0.5501956159293668 0.044580377276173165 0.1364102146721816
0 0.6317958500917775 0.5217337139163221 0.10013169530200425 0.16673406134627217
0 0.8082891200835303 0.8127479705601868 0.06868311850068451 0.21322725334181775
0 0.7637996710206024 0.6804081852323682 0.12070025956691151 0.22945223734881742
8 0.773921165610326 0.5716598938972319 0.020386707838416385 0.05646817600254543
8 0.7704003266683055 0.8803990945655954 0.033705061757624756 0.0847386266709087
8 0.6978922115328332 0.4834519165738679 0.03687552586424747 0.08633748933799978
1 0.06745483458586436 0.975326716661364 0.07640938730530311 0.04931020401018138
1 0.13964207165374062 0.9315034439847281 0.06986988229073816 0.09296929734245438
1 0.03438861882988904 0.8326943213319545 0.021295989970870143 0.08771817600254508
1 0.23602297815937362 0.9671131326384558 0.04864810015828454 0.06148294000636341
4 0.16159099867985177 0.4771881139799555 0.1050010517284949 0.17303860534690846
0 0.3509814222742436 0.6742705572883657 0.12408602084968257 0.13108746268299926
8 0.959375 0.031373437937639234 0.08125 0.06274687587527847
9 0.321173969516899 0.10645634862350199 0.066897994985435 0.044513616008908664
9 0.21233852711788873 0.07255461063813767 0.04805706677218975 0.04117044000636334
8 0.10412521034569899 0.03317503198600064 0.0447047462390763 0.033321577339272455
0 0.25633857970431345 0.08063928329886523 0.06836956677218975 0.041406797342454116