4 0.496875 0.0703125 0.14453125 0.0953125
4 0.25859375 0.1265625 0.06171875 0.053125
0 0.56484375 0.2203125 0.10859375 0.07890625
0 0.46015625 0.428125 0.09921875 0.06796875
4 0.87421875 0.3484375 0.04375 0.07421875
0 0.7921875 0.19921875 0.05390625 0.084375
0 0.91171875 0.07109375 0.05390625 0.06640625
9 0.90859375 0.1421875 0.046875 0.0578125
9 0.9671875 0.07109375 0.04375 0.05
9 0.83046875 0.26015625 0.03828125 0.0578125
9 0.97421875 0.38046875 0.0515625 0.0671875
9 0.984375 0.1375 0.03125 0.04375
9 0.90078125 0.26640625 0.046875 0.06015625
8 0.73671875 0.421875 0.03515625 0.053125
0 0.73515625 0.1953125 0.0484375 0.06328125
8 0.77578125 0.3765625 0.0578125 0.0953125
8 0.715625 0.25546875 0.04609375 0.06640625
8 0.8234375 0.215625 0.0421875 0.0578125
8 0.96640625 0.19140625 0.03984375 0.0484375
8 0.65234375 0.38828125 0.0578125 0.07578125
8 0.22890625 0.69453125 0.08359375 0.096875
8 0.7265625 0.75390625 0.084375 0.103125
1 0.803125 0.65703125 0.059375 0.06796875
1 0.88046875 0.69765625 0.0625 0.07421875
9 0.634375 0.8015625 0.03125 0.0578125
9 0.86640625 0.62265625 0.04921875 0.06015625
9 0.825 0.60234375 0.0484375 0.0578125
9 0.91953125 0.4859375 0.04453125 0.03515625
8 0.6625 0.5734375 0.046875 0.0578125
8 0.628125 0.6171875 0.01953125 0.0578125
8 0.715625 0.62578125 0.07265625 0.0890625
8 0.87890625 0.934375 0.07109375 0.0890625
1 0.80625 0.85 0.03046875 0.0390625
1 0.85859375 0.85546875 0.0265625 0.03359375
1 0.834375 0.8421875 0.028125 0.040625
1 0.88671875 0.82265625 0.03984375 0.0453125
1 0.8796875 0.7984375 0.04375 0.0546875
1 0.915625 0.8109375 0.04375 0.05625
1 0.7828125 0.57578125 0.03046875 0.0390625
8 0.934375 0.8828125 0.0421875 0.06015625
8 0.9671875 0.94453125 0.04921875 0.06171875
8 0.9328125 0.67109375 0.0484375 0.06796875
8 0.934375 0.72578125 0.0515625 0.07109375
8 0.73046875 0.5046875 0.04609375 0.06171875
8 0.63359375 0.5296875 0.03046875 0.06484375