0 0.278125 0.23828125 0.05390625 0.0765625
0 0.34296875 0.19296875 0.040625 0.05234375
0 0.08515625 0.79296875 0.04296875 0.05078125
0 0.0578125 0.89140625 0.0546875 0.06484375
0 0.3140625 0.409375 0.0296875 0.040625
0 0.55546875 0.52109375 0.0484375 0.05703125
0 0.70859375 0.30234375 0.040625 0.05859375
0 0.6859375 0.2125 0.03125 0.05234375
0 0.74609375 0.04921875 0.028125 0.0390625
0 0.77265625 0.3765625 0.03125 0.0328125
0 0.6515625 0.4078125 0.0375 0.046875
0 0.65703125 0.59609375 0.02578125 0.05078125
0 0.75625 0.7234375 0.03828125 0.06015625
0 0.203125 0.2640625 0.03828125 0.0328125
0 0.0484375 0.2390625 0.028125 0.0390625
0 0.1734375 0.4359375 0.0375 0.046875