0 0.66607783923666 0.22266961258693874 0.1174142841302798 0.0889590237259962
8 0.774346094568919 0.14542933886094256 0.061559126280124235 0.039919345855386854
8 0.6859422891801902 0.28137610912689764 0.07754814732681173 0.04680601581733077
8 0.6925577682746772 0.12605193916495372 0.09068518415851479 0.058252851786885926
4 0.842798504908736 0.8403134159332492 0.3144029901825281 0.2670388972617118
7 0.10179553135826958 0.22843406471501684 0.04842208944842143 0.0284725098858317
7 0.11222552616718491 0.15204797825117017 0.029945105233436964 0.03239600593149907
7 0.07525541816173767 0.2702369041446131 0.05641659997176514 0.031915844866803766
7 0.21907330759604166 0.30588129098902067 0.034814615756780756 0.03571200692008221
7 0.12039288389028346 0.3326122287454617 0.07515118942018657 0.059178681824941924
7 0.17888792335282236 0.3419752998862693 0.03499662628012441 0.038837006920082295
0 0.16996867868508136 0.2695100508748524 0.05353379465362353 0.08947367688202608
0 0.05503465244730928 0.19196732410655704 0.06137711575678069 0.03679434585538686
0 0.03146762080669102 0.2579252465399589 0.03645271046687396 0.0638370069200822
0 0.06758348621053585 0.6628846605704037 0.006432010523343701 0.0033796679847775124
0 0.1179097099021766 0.653002983194086 0.006978042093374803 0.012754667984777512