0 0.279312044602359 0.37580010289524757 0.03582985141192587 0.05180151741285455
0 0.30341243731793843 0.5318077634561257 0.05181856426490725 0.06512038896415202
0 0.2500123041692704 0.6058085074632318 0.04511392319868044 0.049167840343633175
0 0.2992059736070271 0.6830393928093393 0.051954956584775315 0.0698078889641522
0 0.19381011678482502 0.5297273643152083 0.04713106426490725 0.06487472749876275
0 0.10970790142456108 0.5435242706922149 0.04663095909205772 0.04768722749876275
0 0.4604891514245611 0.5251406043655856 0.042670884798020656 0.07244156603337348
0 0.38437528081230543 0.4907899378118136 0.03526756175762476 0.08609463025772471
0 0.3732739594212622 0.6470775593631112 0.055534597651002035 0.08559666327441154
0 0.5407018371596538 0.4583415287212736 0.042670884798020656 0.07244156603337366
0 0.6866448229738888 0.41861288613907693 0.03234113855894431 0.03913774310259495
0 0.7534518897460785 0.4557986256236274 0.06334709765100222 0.08600609905006032
0 0.8251784740692456 0.3393680421773993 0.06835284639736088 0.09718926051544959
0 0.9321438764182435 0.2508234413183167 0.05204588479802084 0.07293288896415202
0 0.7460676355894436 0.33647209351145174 0.04506845909205772 0.04760534034363299
0 0.6387181368430846 0.33114386363783976 0.03279577962517131 0.05476274310259503
0 0.2036013392712249 0.30152379918634586 0.037665136051661816 0.0612584045679843
0 0.20645120612255688 0.37257660560878103 0.04792067445232169 0.03839411465389251
0 0.05721075791755881 0.08385269957045868 0.034085494985435075 0.04546963025772479
0 0.27193013895465573 0.17588199005037733 0.06698892319868044 0.050314260515449585
0 0.23985107633910116 0.2565897574632318 0.029670779625171128 0.05459896879233561
0 0.9873559048230269 0.2507957858458212 0.025288190353946048 0.0892196302577248