0 0.23515625 0.27578125 0.08828125 0.0859375
0 0.22265625 0.38125 0.08359375 0.090625
0 0.38046875 0.79765625 0.07578125 0.090625
0 0.35859375 0.69140625 0.06953125 0.09765625
0 0.2609375 0.51796875 0.071875 0.06640625
0 0.2796875 0.61015625 0.06796875 0.1046875
0 0.6109375 0.609375 0.08125 0.0921875
0 0.48984375 0.27578125 0.10078125 0.1140625
0 0.415625 0.54609375 0.071875 0.11015625
0 0.43671875 0.45234375 0.0828125 0.10703125
0 0.7015625 0.7890625 0.04765625 0.10859375
0 0.83046875 0.596875 0.06484375 0.103125
0 0.82578125 0.40234375 0.05234375 0.1015625
0 0.86796875 0.33203125 0.046875 0.09921875
0 0.46640625 0.7140625 0.07421875 0.10703125
0 0.44296875 0.93359375 0.05546875 0.0921875
0 0.29609375 0.42265625 0.0609375 0.09765625
0 0.33671875 0.29140625 0.05078125 0.07265625
0 0.70703125 0.09921875 0.05 0.0671875
0 0.3578125 0.209375 0.0515625 0.0703125
0 0.659375 0.325 0.06640625 0.09921875