0 0.915502179808437 0.6558716114127421 0.06402743882958362 0.06926521046687384
0 0.8712294222089927 0.44623827715540526 0.036810322188333446 0.03959312101845249
0 0.8209936860767011 0.42575844815974034 0.04291485182361114 0.033707142065139806
0 0.6181245656357288 0.35955513743875256 0.08830008700597229 0.039471294653623624
0 0.6588807714671526 0.1504307664203001 0.041570557370694414 0.04299113680346807
0 0.9104250876715625 0.13656016929113238 0.07830814437666689 0.0794592578219206
0 0.20750980148368003 0.6042647528425974 0.051309233282500075 0.05916216837349921
0 0.5656515694354509 0.4687173058122518 0.07478310087368065 0.0620897472985769
0 0.7172517434473955 0.39123080069175425 0.06010235182361114 0.03470819994353036
0 0.7541549442448261 0.24708668756580948 0.06715243882958326 0.06944722099021768
0 0.6558258938079858 0.2816807664203001 0.07514677678548623 0.0777147472985769
0 0.4510669650463887 0.22963096096098418 0.04782055737069442 0.043355157850155555
0 0.29163284118694405 0.47609497923566124 0.04327852773541672 0.049332142065139806
0 0.823969949660069 0.599567674482217 0.036737587005972475 0.036468121018452496
0 0.6973184903132634 0.5102006085701446 0.03659211664124999 0.030218121018452494
0 0.8929979322769789 0.3154587140153431 0.08368532218833344 0.04232327886860796
0 0.7803745649701387 0.12619035864073175 0.057341027735416716 0.05015118942018652