0 0.3169208335352782 0.39609375 0.06893568380210838 0.08125
0 0.9085525069944443 0.8234375 0.060995849809719616 0.078125
0 0.90588244623376 0.93046875 0.04368101581733086 0.075
0 0.9796064477166349 0.9375 0.03743101581733086 0.075
0 0.9948110701894054 0.728125 0.010377859621189246 0.125
0 0.9019430682494202 0.71875 0.060643022737412976 0.1078125
0 0.5427975144088182 0.85859375 0.06644735376405234 0.096875
0 0.47334063539871385 0.246875 0.057072353764052154 0.096875
0 0.5369415148659286 0.465625 0.07882001977166339 0.09375
0 0.13954525003718105 0.3953125 0.0841441897336074 0.109375
0 0.19348865072175306 0.31953125 0.08688718775644104 0.1
0 0.07398118881938631 0.8953125 0.05952619171077376 0.11875
0 0.7914977277940596 0.28984375 0.05487318380210837 0.08125