0 0.33322976116765174 0.29498680971567515 0.09328342721213971 0.09114315046753826
0 0.47209093817490366 0.6021276649054776 0.04339043507002245 0.05961134933607006
0 0.6694773986806016 0.8439662278426067 0.046660984284234173 0.06275453005422946
0 0.8343575359841546 0.8441440107255064 0.056909279569504534 0.08155907220870695
0 0.8628872202256076 0.4832746884186035 0.05639985731976367 0.07062157220870695
0 0.5960250519048081 0.5082918273750684 0.07478598428423418 0.06291815651766228
0 0.564032459057956 0.1884878666026799 0.08547092721213971 0.09109769867214013
0 0.4539981794884513 0.26911972218526586 0.06577485731976367 0.0706761143631847
0 0.30793447043049543 0.08306352663638375 0.05491013192686944 0.07217498184962738
0 0.6975937824694979 0.9766887946394626 0.058578787427387445 0.04662241072107491
0 0.8086040570766038 0.9754308216686297 0.071224336641599 0.04913835666274054