0 0.309375 0.80078125 0.03984375 0.046875
0 0.2421875 0.553125 0.04296875 0.05234375
0 0.27734375 0.42890625 0.03125 0.03125
0 0.44921875 0.6265625 0.03359375 0.05546875
0 0.4953125 0.46328125 0.04375 0.05234375
0 0.50625 0.3265625 0.04609375 0.05546875
0 0.675 0.45234375 0.03125 0.034375
0 0.71640625 0.50703125 0.0234375 0.02578125
0 0.60546875 0.70546875 0.03359375 0.0390625
0 0.6875 0.69921875 0.04296875 0.0671875
0 0.7359375 0.93359375 0.04765625 0.06640625
0 0.7890625 0.73515625 0.0515625 0.05859375
0 0.43359375 0.97109375 0.0484375 0.05546875
0 0.5578125 0.82109375 0.04296875 0.05078125
0 0.59765625 0.559375 0.03828125 0.05234375
0 0.63046875 0.62890625 0.0359375 0.0484375
0 0.17734375 0.60390625 0.040625 0.06640625
0 0.22578125 0.8375 0.0375 0.05703125
0 0.725 0.78046875 0.0515625 0.06875
0 0.5125 0.66015625 0.0453125 0.05546875
0 0.4859375 0.7234375 0.0609375 0.05390625
0 0.23359375 0.36015625 0.04296875 0.078125
0 0.190625 0.1 0.03125 0.05234375
0 0.06484375 0.90859375 0.0359375 0.0390625
0 0.1984375 0.97421875 0.0421875 0.0484375
0 0.05625 0.73203125 0.03125 0.05234375
0 0.6171875 0.94140625 0.03828125 0.06640625