0 0.425186060791924 0.37048146428288975 0.08143353847458741 0.05139095048646736
0 0.3872198132389947 0.5353428051922803 0.06101191106992569 0.04791139448011279
0 0.200617625127227 0.490704640826665 0.04840278366526398 0.044568206168510115
0 0.6632936628840242 0.10136682020651863 0.048511911069925695 0.04769320616851021
0 0.7024579551564447 0.8875088717486461 0.036121038474587405 0.050600017856907445
0 0.5302034322061359 0.44883038108413703 0.04360615626060227 0.04136138555165925
0 0.27661958601966746 0.3194802516215578 0.04673115626060227 0.04141593262955982
0 0.667527361332229 0.6026974951254408 0.06123016587924912 0.05416139448011279
0 0.6892064430907271 0.7092611408233697 0.05152778366526398 0.04462275324641087
0 0.4587947459932848 0.773947383519769 0.06446429328391083 0.057340941558013545
0 0.2519569250345598 0.5970052337646503 0.050019847367594836 0.046157979707460585
0 0.18552588238362117 0.6622114480508353 0.060466274046617086 0.03228639448011279
0 0.636515496626257 0.8996309963432567 0.05465278366526398 0.04467730032431163
0 0.756659294001701 0.5168066339235108 0.04371528366526398 0.04448638555165925
0 0.6686186022617363 0.38800374958966766 0.07825397477225664 0.04977390340856669
0 0.49707098447572146 0.3943786603051302 0.0370833377489479 0.03343979139585782