0 0.40659726269868973 0.28925609897115034 0.08354167549789597 0.06798913354437941
0 0.8539931733052792 0.851040415809847 0.0801438569862416 0.06008570533113407
0 0.9607788866447905 0.8408948745061935 0.0764186562606021 0.04280727711788899
0 0.9661372149643507 0.9141277860263912 0.06772557007129869 0.03655727711788899
0 0.7623910050637775 0.9600637263138306 0.12630952885594054 0.04113712852981451
0 0.749223827751783 0.8517427609535666 0.1082688569862416 0.06090405925034261
0 0.8763269532575281 0.48282997341083667 0.09905754809323426 0.06531877461060631
0 0.26305313774109873 0.4560979211536164 0.09873016587924913 0.05594377461060631
0 0.4837128673226787 0.504420446226441 0.09636905771188112 0.07772784639736088
0 0.3996230324841376 0.11193508102446166 0.11215774881887368 0.08286998746358769
0 0.3258333576192139 0.17117134019566171 0.10289187622353531 0.08572220282385161
0 0.8966220288559406 0.0198696014784328 0.12060516587924894 0.0397392029568656
0 0.31707103746309706 0.7712539082214926 0.08305060217691818 0.0539266335443795