8 0.707836562689028 0.2623091401401757 0.1333229526972918 0.09670694198043535
0 0.8702813580918753 0.21686159029546745 0.1110115416031249 0.07668286831702939
4 0.5324248674942714 0.590925505755782 0.15643445079743082 0.15110601564384113
1 0.59430596523382 0.5270835426580721 0.09738414627652787 0.027517326223654593
0 0.6810617360353823 0.5572345032661203 0.13128767401194458 0.0763034367187636
7 0.3709535053183336 0.24125027139962324 0.16068945896555586 0.33391851564384123
7 0.2632150469214586 0.31793313971665266 0.12849390159486135 0.2914734104104042
7 0.20752417211208343 0.11677100007058716 0.11810060904180579 0.23354200014117432
7 0.065448387727153 0.25747930005646974 0.12562347473312524 0.30222889988706053
6 0.13002787252826448 0.6792941158979551 0.23128898043270843 0.14922426820408993
6 0.3495759999030908 0.6000106213713884 0.21235714247680565 0.14031970506402783
6 0.260408316391841 0.8023459370716992 0.2036731267092362 0.16946117349399686