0 0.24415327072306564 0.2834455065587207 0.04317167984777566 0.06462906603337357
0 0.2138238531953986 0.6834012409548885 0.05465300790866543 0.04028416327441171
0 0.701704560686322 0.8589645692011925 0.06383700692008212 0.03608798620519025
0 0.6461733685556188 0.1937733384230691 0.03934634288963732 0.04727779172311406
0 0.9217119490507855 0.5870541904138056 0.06415534190105418 0.04390048620519007
0 0.2388291703818734 0.7584897721625529 0.06013900395433271 0.021861711894930736
0 0.44079357699794447 0.7954597484181203 0.06083934091247105 0.03904921189493038
0 0.6706388107606841 0.0716559989839472 0.04189833992388792 0.03337906603337355
0 0.17908805034337977 0.540999056988262 0.061030341901054184 0.04373671189493056
0 0.16855245695945084 0.5891056863414756 0.04802100593149907 0.03058161465389251
0 0.4382495557434062 0.8961591112629905 0.046458505931498986 0.03049972749876275
0 0.45015787300424315 0.18299736996941782 0.04802100593149898 0.03058161465389255
0 0.5726151462359477 0.06665863975712157 0.051209672927693364 0.032307888964152064
0 0.6888304648681163 0.5244191508383981 0.037592841901054184 0.042508404567984215
0 0.1905932361226545 0.4499646212126132 0.035521005931499074 0.029926517412854636