0 0.8208763851272252 0.7092633904800354 0.048057066772189926 0.041716027735416716
0 0.5751750917120003 0.7706866272779171 0.054397994985435 0.044986498100139015
0 0.44993339931299003 0.7326391537790629 0.03215928213245363 0.031977351823611146
0 0.642588597584495 0.5653646540634034 0.05725021034569906 0.03568423328249999
0 0.477966156439126 0.5154704907850352 0.054397994985435 0.044986498100139015
0 0.3409291576927672 0.5013508265567364 0.05761392319868044 0.04818423328249999
0 0.4618002841775176 0.33552841764677116 0.035284282132453625 0.0320500870059723
0 0.5152829853520167 0.2953950333380907 0.02568196159934022 0.024019381458888843
0 0.716948436922227 0.4109512174180214 0.04006271034569906 0.03528418977951393
0 0.7083115713245363 0.3287744970532992 0.06846049498543501 0.04531380642076392
0 0.9412771840192331 0.28579213573038276 0.06698892319868044 0.048402438829583436
0 0.741293904394062 0.228048451650452 0.06087531551854859 0.05294446846486114
0 0.9793723974990352 0.5890087079187161 0.041255205001929696 0.04974673328249999
0 0.8339600921742187 0.4612986691653827 0.05127299498543501 0.04491376291777769
0 0.5710820074553403 0.4153633476426394 0.05421613855894449 0.038736498100139016
0 0.639658511216264 0.38416920545017413 0.0494831744523216 0.03706489532659729
0 0.6278431021368416 0.8367123239912854 0.06680706677218957 0.04215243882958362
0 0.8600274648315385 0.7937117788727786 0.057341138558944495 0.03880923328250017
0 0.7884704327655918 0.29316561179468814 0.0702503155185484 0.0531626740119445
0 0.6743410512662764 0.5028653072737853 0.057568459092057725 0.04662173328249999
0 0.7383951910788621 0.5309006947165977 0.05489810015828454 0.062173998100139016
0 0.3824563942984251 0.7747889797671184 0.07939799498543501 0.04556837955902786
0 0.12355040723054882 0.8117025258355556 0.05403428213245363 0.03248649810013902
0 0.9358040178136747 0.9563040042714939 0.040108174452321774 0.036846689779513754
0 0.9863546606290147 0.8242376931010771 0.02729067874197071 0.043314895326597026
0 0.7594915704000994 0.9607882164680909 0.05403428213245363 0.03248649810013902
0 0.9525449561225567 0.40472397368628543 0.0667161385589445 0.03902743882958326