0 0.7536065251716899 0.24461625536284534 0.09100168479069168 0.08950285178688588
0 0.7618090029285686 0.3495756693932902 0.08806768577927464 0.09406301779449713
0 0.5870292484427632 0.7724122860089238 0.07869268577927464 0.09368101581733068
0 0.6132336041839818 0.6652709480622023 0.07269735376405215 0.09967634783255316
0 0.7179568907615592 0.4878542608000528 0.07454901384016441 0.0685536818249421
0 0.6954505379860901 0.5808057647543855 0.07301568874502422 0.10748884783255334
0 0.36423237148418736 0.5935219179475965 0.08500635277546911 0.09549818380210837
0 0.49891902517168984 0.2549939757425312 0.10464769072219049 0.11813718775644108
0 0.5621233848300602 0.5222822934232976 0.07633168973360753 0.1123036818249421
0 0.5448496546017236 0.4293917978719219 0.0871418557412186 0.10962435079830275
0 0.2662856669218323 0.7769021037268713 0.051331689733607355 0.1112850098858317
0 0.14521045745374245 0.5899671309129084 0.06982702174882985 0.10579901384016459
0 0.15782449847994418 0.39524487992432533 0.05726335475263546 0.1037271778706094
0 0.11850201330869181 0.3266513888215739 0.05094968775644104 0.1019100098858317
0 0.5044979327391631 0.6923202207996153 0.0793293557412186 0.10930601581733086
0 0.518990219773851 0.9108964658566994 0.060006352775469195 0.09447951186299833
0 0.6866843275294171 0.3939742682144266 0.06488485376405215 0.09935801285158127
0 0.6514073552097459 0.26437961011548083 0.052928681824942106 0.07391234387822054
0 0.2889258957416561 0.0872811882135516 0.05273768083635879 0.06922484387822055
0 0.6336561225099515 0.1832078645641051 0.054427514828747546 0.07241351087441492
0 0.3273822647915666 0.3111205948296226 0.06969968775644109 0.10267401384016442