4 0.33359375 0.234375 0.203125 0.24921875
0 0.17578125 0.39921875 0.21015625 0.0984375
9 0.27109375 0.359375 0.1296875 0.0984375
9 0.875 0.2734375 0.05625 0.075
9 0.87421875 0.225 0.059375 0.07890625
9 0.61953125 0.2796875 0.05625 0.07890625
9 0.65078125 0.22890625 0.0609375 0.07734375
9 0.70234375 0.190625 0.075 0.096875
0 0.72578125 0.0421875 0.0953125 0.084375
0 0.63125 0.0140625 0.09609375 0.02734375
9 0.71328125 0.1015625 0.05625 0.0734375
9 0.7546875 0.10390625 0.059375 0.08515625
9 0.55234375 0.1265625 0.06328125 0.08515625
9 0.88046875 0.1484375 0.0609375 0.0828125
9 0.79296875 0.01875 0.075 0.0375
9 0.53515625 0.4015625 0.05078125 0.07109375
9 0.8953125 0.41484375 0.06484375 0.0671875
0 0.81484375 0.29375 0.0625 0.08125
0 0.878125 0.43671875 0.1 0.0234375
0 0.78125 0.42890625 0.11328125 0.03984375
9 0.8953125 0.0421875 0.09375 0.084375
9 0.5828125 0.03828125 0.05546875 0.06953125
5 0.853125 0.36328125 0.04921875 0.07109375
8 0.68515625 0.41796875 0.06484375 0.0609375
9 0.66328125 0.30859375 0.0734375 0.090625
9 0.60078125 0.22109375 0.06484375 0.08671875
9 0.9890625 0.0453125 0.02109375 0.090625
9 0.9546875 0.02734375 0.075 0.0546875
9 0.97734375 0.13515625 0.0453125 0.09296875
0 0.2953125 0.8015625 0.03125 0.04765625
0 0.1640625 0.87265625 0.0296875 0.0453125
0 0.2703125 0.83828125 0.0265625 0.04765625
0 0.22421875 0.70546875 0.028125 0.06328125
0 0.21171875 0.7796875 0.040625 0.06484375
4 0.4703125 0.8328125 0.02421875 0.0453125
8 0.23359375 0.60390625 0.05546875 0.07734375
5 0.65078125 0.5296875 0.059375 0.07109375
5 0.75625 0.75625 0.0609375 0.07109375
5 0.8171875 0.69296875 0.05546875 0.0515625
8 0.66875 0.78984375 0.05625 0.0671875