0 0.34543458642666564 0.3741685625024715 0.053501684790691506 0.08681025324641087
0 0.7404712193167405 0.527315512992234 0.05567167984777566 0.06342730032431163
0 0.5225382558943179 0.35780540260108307 0.043044345855386724 0.06008411201270878
0 0.3458179525108266 0.6138350344992942 0.051111513840164415 0.06647047970746059
0 0.11711994954507705 0.6318794711860439 0.0396646778706093 0.053779564934808025
0 0.6027099396592452 0.6702451270335378 0.05130251482874755 0.07115797970746059
0 0.5228486847163294 0.6950599407505299 0.04942167984777566 0.06331820616851011
0 0.5985277529285685 0.3705314991925164 0.04508700692008212 0.033576159090609535
0 0.599250653118849 0.44858831534514054 0.052292011862997964 0.057122753246410876
0 0.834705333460916 0.37968080804153986 0.061985346843970036 0.06509889448011288
0 0.7869509243733871 0.34460242451847556 0.059178681824942105 0.07285684740221221
0 0.9150971931192864 0.648397806012945 0.04221667490485999 0.03977161201270896
0 0.6932513680241462 0.6132354220828435 0.045469008897248565 0.042951159090609536
0 0.35366889768164145 0.47863787419086873 0.0461693458553869 0.06013865909060954
0 0.2532577207996153 0.5287936071447401 0.0334146778706093 0.053670470779006864
0 0.22078870798521505 0.1952231765437752 0.045787343878220546 0.050763659090609495