0 0.3913412766612951 0.38730663908136814 0.08259966837349922 0.05464126834526439
0 0.33794471892407907 0.5503834917545565 0.06210515785015547 0.05033319994353036
0 0.1552001083583831 0.49819311824644236 0.049423147326811766 0.04648015785015538
0 0.6549234474538687 0.12829347305635624 0.049605157850155554 0.04960515785015547
0 0.6208665508329286 0.9149135125188952 0.03728716837349921 0.0520021157567804
0 0.48922576883937446 0.46982998372087426 0.044553636803468064 0.04308214206513998
0 0.2472874397731224 0.3303146444842143 0.047678636803468066 0.04326415258848364
0 0.6124295084572051 0.6290824283321456 0.06246917889684287 0.05658319994353036
0 0.6242099006635193 0.7363789888413719 0.0525481473268119 0.046662168373499215
0 0.387393169149958 0.7915692048522663 0.06577618942018662 0.05989021046687384
0 0.1967135031955333 0.6064375287274337 0.05107665258848364 0.0481336631118273
0 0.1240957795744797 0.6688395472138723 0.061195105233437005 0.03470819994353036
0 0.553686756108718 0.9243270388978416 0.0556731473268119 0.04684417889684269
0 0.7097133031108287 0.5469517387707846 0.0447356473268119 0.04620714206513998
0 0.6335364819370843 0.41473920727134067 0.07938366311182747 0.05289675782192056
0 0.46111545036705326 0.41410362848743726 0.037848610495108834 0.034905621018452494