4 0.8242330999363666 0.4880611909168756 0.09311474801081765 0.08183318787965277
4 0.6701370406190476 0.3664738655944103 0.03183180267345413 0.05072735182361114
0 0.9406586259548202 0.3547967088686466 0.07890679734245402 0.06900587955902786
0 0.9434221886537278 0.11729670886864663 0.06315452800763595 0.057704703647222286
0 0.146674457988546 0.08781173736656263 0.08301358935390812 0.15345361474138897
0 0.1477080572883657 0.334777656344514 0.11978633601209036 0.09182643692972228
8 0.389352853994273 0.05126121399954894 0.07129429201145401 0.08601154160312505
8 0.23042055995386573 0.3452988886770835 0.036519302673454226 0.05083645459715278
8 0.3115881966104571 0.42142693721406277 0.0785977146721816 0.04244337955902786
8 0.2668875079965002 0.03200010809187523 0.07247498400699967 0.05323540919430562
8 0.33173980132081876 0.09993379692145861 0.044549978675999566 0.06976829255305561
8 0.42086538864577366 0.16374368341434062 0.07943405601527206 0.11431837955902782
8 0.24049663598027365 0.15094947663298633 0.0920431440165447 0.12398432028847228
0 0.455859101328773 0.044213086624722606 0.05390679734245403 0.06842399810013894
0 0.7847956932288684 0.7880059863197229 0.09476815467854482 0.08968205547083344
8 0.8648019139083679 0.695311299674341 0.041134077339272324 0.044695557370694416
8 0.7169178498965957 0.7786114961033685 0.04909202800763594 0.05737739532659738
8 0.8921905698997774 0.7592471663155911 0.060174978675999566 0.07013196846486114
1 0.25568254726291234 0.5248415715227432 0.07834317600254534 0.02056837955902786
1 0.25316552725177643 0.6068364539315627 0.07901588534372675 0.07838087955902787
1 0.24632408656909544 0.7246779173624308 0.06967724801081765 0.08128767401194459
1 0.45039396857100444 0.7153613880114934 0.10487040802036277 0.1524002610179167
1 0.44631390121741443 0.8645255866247226 0.09800224267981754 0.09912979065319476
1 0.36922359520214243 0.9700884686070314 0.1289067973424541 0.059823062785937256
1 0.06303306528486587 0.803907556420764 0.12606613056973173 0.17969011284152786
1 0.10333507294320717 0.8986212975870487 0.20667014588641433 0.12376872758291668
1 0.21668894119991525 0.9849309121862675 0.09258748933799979 0.030138175627465104
1 0.2550167392186871 0.8506955567051044 0.06954997867599957 0.07035017401194459
1 0.36013150055700505 0.8164134353142017 0.05712270401018138 0.07630923328249999
1 0.07113482459423061 0.5353939457634376 0.08651930267345424 0.05200021751493047