9 0.15390625 0.37421875 0.071875 0.1390625
9 0.2171875 0.42578125 0.0609375 0.090625
9 0.21484375 0.14921875 0.05234375 0.090625
0 0.30234375 0.3765625 0.071875 0.121875
0 0.2890625 0.128125 0.0859375 0.13515625
5 0.45546875 0.49453125 0.06875 0.10546875
8 0.6203125 0.10078125 0.06875 0.0796875
8 0.7125 0.14375 0.07421875 0.0984375
8 0.8984375 0.5 0.0625 0.08359375
8 0.8578125 0.4109375 0.053125 0.07421875
8 0.6703125 0.384375 0.06484375 0.09296875
8 0.8265625 0.259375 0.06875 0.078125
9 0.896875 0.35625 0.071875 0.08125
9 0.28515625 0.81796875 0.06640625 0.1
9 0.36953125 0.6703125 0.05078125 0.09296875
0 0.3734375 0.5796875 0.0703125 0.021875
0 0.75625 0.8609375 0.12890625 0.221875
0 0.62734375 0.88984375 0.17734375 0.2203125
0 0.725 0.96171875 0.00546875 0.009375
0 0.68984375 0.9640625 0.10390625 0.071875
0 0.67109375 0.71953125 0.165625 0.24609375