8 0.17535764928918784 0.8781016209117759 0.06111930718159235 0.03515505243632333
0 0.20465426384876428 0.812816582355113 0.07833407825883124 0.04094397748246621
0 0.3462241403121974 0.8500033065983768 0.07826135538619425 0.028443977482466208
0 0.30588094144366557 0.8958374383074943 0.04391362646343318 0.030928627390181162
0 0.6658310957218327 0.4807862438261369 0.09109769867214013 0.08705751387966068
0 0.5563657130118838 0.5924771105758596 0.1112102107723885 0.053984198025101904
1 0.3328100383438487 0.5578460849760067 0.08947156615858276 0.07601988433001132
9 0.25379015885535344 0.5332582927187162 0.058067030054229286 0.04745479333702498
0 0.26774305366555096 0.3810845234403846 0.0723204275949012 0.0811684592838688
0 0.1779396894005621 0.2480333891103733 0.1036522408266178 0.09723355027685514
8 0.90302761045436 0.7123120558231844 0.09710225897699018 0.04527053207825791
8 0.9613748789975158 0.7645544787098586 0.07725024200496833 0.036356607032115386
8 0.9333201402140017 0.9524457024916968 0.09253293364502539 0.06528264342931003
8 0.9016792547735779 0.8832556114987102 0.06580680718159257 0.03545544108527139
8 0.9774953035673551 0.9491995889811765 0.04500939286528975 0.061016645588778576
0 0.7989673452308533 0.8134158759966799 0.10026362041330898 0.05172079117755644
0 0.7287599052411162 0.9612037314876357 0.02846134328594587 0.05961483189368764