0 0.7312415082650343 0.45829146859246217 0.06867987765916687 0.13315949247815267
0 0.4393780505337495 0.6038095909205775 0.09687761284152785 0.13710284639736087
0 0.8259721268061455 0.48606477909644574 0.05501611474138883 0.08279577962517112
0 0.4818882863817008 0.8262899961725694 0.10370818787965277 0.09514266693047446
0 0.6439220398001732 0.5151659427282148 0.08597778685347243 0.2054891335443795
1 0.3158892651988885 0.434479266230829 0.06875261284152785 0.1362844924781527
1 0.4249428357717012 0.14917591521461465 0.055670731382639005 0.11092077962517113
1 0.5096990422687151 0.16884120902555075 0.06682643692972227 0.12061402837152987
9 0.6115192753637839 0.9332567131821857 0.05370818787965277 0.09368781551854824
9 0.7503591034391317 0.24151314555206632 0.05657861474138901 0.08284124373179384
0 0.634907449660069 0.6673505683550353 0.1319422906531944 0.10064852084968265
8 0.3357224544097216 0.7915476201500372 0.04832970364722229 0.06386392319868044
8 0.391481491928784 0.8142780779884538 0.04822060087368065 0.05917642319868044
8 0.6464359760643055 0.17203806835503535 0.05494337955902786 0.07967077962517118
8 0.7121953418525342 0.7391777557394807 0.04378767401194459 0.06997753087881228
8 0.616155490028923 0.7676544452354972 0.04491376291777769 0.05127299498543501
8 0.5622849544097216 0.7981399156103259 0.05167290919430556 0.07332985141192587
0 0.5107075366660412 0.6293384398252208 0.05189111474138901 0.08270485141192588
0 0.5120680552834023 0.7388271000917775 0.07078658510611113 0.08950042069139794
0 0.8001928364372913 0.3844651751772375 0.06976959897381967 0.11289245658477523