4 0.7811357776385075 0.6441288377548863 0.2547277868534724 0.210399257059629
0 0.6199651543477438 0.8067378010035791 0.10331075721819456 0.21223923871722902
9 0.6575904812857297 0.7102659662847006 0.10145601006798621 0.13255173871722903
9 0.7294719072944446 0.10385919042045329 0.07630923328249999 0.05843227711788872
9 0.7779275910900348 0.10323105311515017 0.07950696846486113 0.06164820533113406
9 0.7291680084524657 0.35950979684694395 0.07943423328249999 0.058523205331134066
9 0.7792219066288545 0.3267822133817069 0.0795433360560418 0.06321070533113407
9 0.8163030261198962 0.27410584276945116 0.09862064437666689 0.07781877461060631
0 0.9604491503605903 0.24634925264029647 0.07910169927881938 0.09776756175762476
0 0.9896651780960071 0.3400621487210882 0.02066964380798595 0.09769335391920828
9 0.9051109529816322 0.26057688869195833 0.07474673328250034 0.058386813011266005
9 0.9018034618153475 0.21923883485189238 0.08575696846486096 0.06183006175762475
9 0.8838568148732296 0.4222418143979213 0.08582970364722228 0.06495506175762475
9 0.8543446207253126 0.09475331189063879 0.08423083605604162 0.0633470976510021
9 0.9832229418215451 0.17847979104095626 0.033554116356909705 0.07609113855894431
9 0.6092568583762157 0.44743099716351314 0.07303876291777786 0.05209134890464338
9 0.5875928786090974 0.08766119206980592 0.06871493882958327 0.0675799565847753
0 0.7105595595548959 0.16460647380654814 0.0827047036472223 0.06486413354437941
0 0.5661179221120834 0.10548518956252347 0.025765025835555733 0.10068196159934022
0 0.576185212765278 0.20213286902941005 0.04324346656499998 0.11368206677218966
9 0.9584853004368403 0.07681800264029646 0.08302939912631935 0.09620506175762478
9 0.9681996401019793 0.3892043423737398 0.06360071979604136 0.05825042069139803
5 0.6401373035709723 0.12834837655125744 0.07303876291777786 0.05209134890464333
8 0.5893593196228822 0.2979083702830513 0.06246493882958326 0.06739810015828454
9 0.69924346589941 0.31660088281946364 0.09233427678548622 0.07607441818411545
9 0.7881981695466324 0.37655489284859345 0.08902743882958344 0.06817098997087019
9 0.9727471689779513 0.027653357746638962 0.05450566204409739 0.055306715493277925
9 0.8653710800721182 0.010756020091513215 0.09480466014423641 0.02151204018302643
0 0.21483928362243115 0.6989135584589194 0.047602351823611146 0.032613923198680436
0 0.14680041128159793 0.8322321753102514 0.04600348423243057 0.031005959092057722
0 0.17870241508132007 0.7249819649645526 0.047493249050069464 0.02792642319868044
0 0.31258775902114644 0.7672112659016246 0.06315461664125 0.02994356426490725
0 0.23865994975059096 0.7818708109662019 0.06657055737069442 0.042534492478152684
4 0.17951611341020876 0.5248228405913731 0.04589438145888889 0.02631845909205772
8 0.4139320534740632 0.7548810989711503 0.07943423328249999 0.058523205331134066
5 0.4784406566288545 0.335534053906573 0.07325696846486114 0.06146634890464338
5 0.24942334422416684 0.23665759936686176 0.07329333605604171 0.06302884890464337
5 0.31128625816812516 0.17387880304864317 0.052871733282499986 0.0577503155185485
8 0.21786617933027808 0.32513507765924937 0.06849673328249999 0.058204956584775314