0 0.73203125 0.38984375 0.03515625 0.04921875
0 0.7125 0.546875 0.05078125 0.06328125
0 0.76796875 0.61796875 0.04296875 0.046875
0 0.72109375 0.69765625 0.05 0.0671875
0 0.821875 0.5390625 0.0453125 0.06328125
0 0.90625 0.5484375 0.0453125 0.0453125
0 0.55546875 0.5484375 0.040625 0.0703125
0 0.63046875 0.51015625 0.0328125 0.084375
0 0.64609375 0.665625 0.053125 0.0828125
0 0.4734375 0.4859375 0.04140625 0.0703125
0 0.3265625 0.45390625 0.03125 0.0375
0 0.2609375 0.49453125 0.0609375 0.0828125
0 0.1859375 0.38203125 0.06640625 0.09453125
0 0.0765625 0.29921875 0.05078125 0.0703125
0 0.26484375 0.375 0.04296875 0.0453125
0 0.371875 0.3640625 0.03125 0.05234375
0 0.80546875 0.31171875 0.0359375 0.05859375
0 0.8046875 0.3828125 0.04609375 0.0359375
0 0.9453125 0.08671875 0.0328125 0.04375
0 0.73359375 0.18984375 0.065625 0.046875
0 0.76796875 0.26875 0.02890625 0.05390625
0 0.01640625 0.30234375 0.0328125 0.08828125