0 0.42039699296923666 0.6291031603337356 0.03862739532659738 0.05040279172311415
0 0.6109803996950003 0.3691084418800842 0.04160692496187508 0.044316566033373486
0 0.6708093413743753 0.35819859735257964 0.046476262917777865 0.05237472749876275
0 0.8187955125365282 0.5142106592020818 0.04491376291777769 0.052292840343633
0 0.2542102549370839 0.6968627911572872 0.029361498100138928 0.05459896879233561
0 0.2682168971295491 0.6281504127085847 0.03397626291777787 0.051719630257724705
0 0.2877702501874312 0.8312720906823173 0.03880923328249999 0.05821529172311415
0 0.39869533919017375 0.19958275667026232 0.03880923328249999 0.05821529172311406
0 0.454056946047778 0.2984606699446739 0.03379442496187508 0.04390713025772479
0 0.5445195983082295 0.36328448778706973 0.04792966014423605 0.04776911465389251
0 0.6847848416587157 0.5563461702833582 0.03255923328249999 0.057887743102595125