0 0.5547448109374999 0.20544371562500002 0.541950034375 0.1976218484375 0.4857475671875 0.20964567343749999 0.47686340468750005 0.2642385625 0.48981983125 0.277615984375 0.5482355875 0.2696735828125 0.5666195015625 0.253628603125 0.5547448109374999 0.20544371562500002
0 0.706771853125 0.7512917109374999 0.7270861671875 0.72960593125 0.7267224531250001 0.71710593125 0.7054382390625 0.7054583765625 0.63873510625 0.7165195359375 0.6244948828125 0.7310051359374999 0.6291639328125 0.7475013125000001 0.644091171875 0.7566268234375 0.6650924984375 0.75855215625 0.706771853125 0.7512917109374999
0 0.6100958109375 0.452094203125 0.611702909375 0.43534229062499996 0.5989081328125 0.427520425 0.58217173125 0.42820238125000004 0.5677294421875 0.4357435359375 0.56398988125 0.45119180312499996 0.5726005578125 0.4591841578125 0.595653521875 0.4596353578125 0.6100958109375 0.452094203125
0 0.27122689375000003 0.179451725 0.27468356875 0.1542812359375 0.2574218046875 0.1369076359375 0.22415106406250002 0.14521599375 0.21196247499999998 0.1582274609375 0.20850580000000002 0.18339795 0.22134099062499998 0.1926087046875 0.24861846875000002 0.194278303125 0.27122689375000003 0.179451725
0 0.8491985281250001 0.1753686828125 0.8443274140625 0.1519280609375 0.8273485375 0.14427668437500002 0.8106121359375 0.144958640625 0.798342721875 0.15519232968750002 0.8012026109375 0.18149597343749999 0.8161298499999999 0.19062148437499998 0.8411536265624999 0.18682077187499999 0.8491985281250001 0.1753686828125
0 0.2222460640625 0.655620171875 0.23504084062500002 0.6634420375000001 0.2496851921875 0.6628453249999999 0.28074264531250004 0.650455546875 0.39789745625 0.6456818546875 0.41177396875000005 0.618696253125 0.40935861874999996 0.6076703875 0.3628485640625 0.5928790984375001 0.3378247859375 0.5966798109375 0.3070502203125 0.6187918140625001 0.27394113125 0.632655725 0.232180953125 0.6371383921875 0.2199115390625 0.6473720828125 0.2222460640625 0.655620171875
0 0.10784210937500001 0.46699732968749996 0.11986904843749999 0.44843030781250004 0.1212336734375 0.42334506406249994 0.1102884703125 0.40710461875000004 0.08703344375 0.399708975 0.0431812140625 0.40427688906250003 0.014256225 0.41797031249999994 0.013295725 0.45694444375 0.019693112500000002 0.46085537812500005 0.0513971671875 0.4706878203125 0.10784210937500001 0.46699732968749996
0 0.3730193296875 0.222582209375 0.37872970625 0.2028820328125 0.3638024671875 0.19375652031249999 0.34497401562499996 0.194523721875 0.3181814875 0.2095207890625 0.314280275 0.2194135 0.32289095 0.22740585625 0.3606286796875 0.2286492328125 0.3730193296875 0.222582209375
0 0.304481884375 0 0.2914415796875 0.010373234375 0.29442270625 0.040843546875 0.30934994531250004 0.04996905625 0.334414134375 0.0475572328125 0.3507868234375 0.0343752765625 0.3502614609375 0.016319721875000002 0.339694375 0 0.304481884375 0
0 1 0.1663431671875 0.9826047921875001 0.15324636875 0.9597538890624999 0.1597396125 0.9581872015625 0.1778804140625 0.969011165625 0.18995419062500002 0.9922257796875 0.1959609453125 1 0.191901575 1 0.1663431671875
0 0.424121403125 0.8990813203125001 0.3888394375 0.9102526984375 0.3829674125 0.924397321875 0.3937509625 0.9350822093750001 0.44810385625000004 0.9314769640625 0.45156053125 0.9063064750000001 0.424121403125 0.8990813203125001