0 0.5578125 0.3828125 0.0375 0.06015625
0 0.5125 0.2828125 0.03125 0.046875
0 0.4828125 0.06796875 0.028125 0.04375
0 0.59296875 0.27578125 0.04140625 0.05234375
0 0.7703125 0.39375 0.04296875 0.05390625
0 0.62421875 0.44375 0.03984375 0.05234375
0 0.4703125 0.59296875 0.04609375 0.0421875
0 0.5046875 0.69765625 0.065625 0.0671875
0 0.69609375 0.86171875 0.05390625 0.0484375
0 0.67578125 0.9046875 0.0484375 0.06484375
0 0.79375 0.94375 0.0375 0.05859375
0 0.88203125 0.921875 0.04140625 0.05078125
0 0.20859375 0.65625 0.03515625 0.05078125
0 0.653125 0.778125 0.04296875 0.04375
0 0.76328125 0.6734375 0.02890625 0.05234375