0 0.21895572768251648 0.9035271314328085 0.0427896778706093 0.054307066772189924
0 0.3295894105332227 0.4343117816702352 0.026655341901054185 0.04135242570596294
0 0.6347465068457201 0.7771802094212621 0.04734984387822046 0.05131845909205772
0 0.5877096807619967 0.7413958221159591 0.03028967787060921 0.053943353919208195
0 0.39743348513407134 0.4777411844149445 0.026337006920082295 0.03353992570596294
0 0.4259312168452826 0.5653919486007094 0.02302100593149916 0.02876149749271768
0 0.49719735768120393 0.29448606670568267 0.0352318458553869 0.060329746239076346
0 0.6850555019399853 0.4063281518202725 0.026591674904859808 0.03978992570596276
0 0.6305152405712787 0.45871135424841264 0.026973676882026253 0.04916492570596294
0 0.6340672993919776 0.17957778371529926 0.022286176882026255 0.04902853338609488
0 0.5198005750579592 0.45001465267820234 0.03497717787060921 0.05407974623907634
0 0.40747569410786955 0.6727952716411053 0.04760451186299815 0.057568459092057725
0 0.35519561110406395 0.6697097240692456 0.03979201186299815 0.057341138558944314
0 0.1948456319014917 0.17070861975432586 0.0351045118629981 0.05720474623907634
0 0.4442434540308824 0.2311533409205775 0.03896434091247105 0.03702863855894432
0 0.7113845330803553 0.25926293520636734 0.03434050790866543 0.03845474623907634
0 0.5866962563886096 0.38234743104973223 0.045787343878220456 0.0512729949854351
0 0.6697356135755219 0.6671292595004045 0.03427684091247087 0.036892246239076346
0 0.3593299431564675 0.28030624326957543 0.027865014828747637 0.07103992570596293
0 0.5147417074537424 0.6125601167848249 0.034242348821136304 0.07434678213245363
0 0.776285338403832 0.39412132000438793 0.026591674904859808 0.03978992570596294
0 0.5948191155898693 0.25978210926297757 0.026655341901054185 0.04135242570596294
0 0.27628670251082654 0.6290870725781774 0.023021005931498983 0.02876149749271768
0 0.38873496437382465 0.5760422920950765 0.026146005931499072 0.028852425705962935
0 0.4175815004571105 0.40558503958779396 0.0425350098858317 0.04805706677218975
0 0.48436314076155923 0.5326763884924374 0.03653967787060939 0.05412521034569906