0 0.3829077854073602 0.5255776956137298 0.0598477146721816 0.04373671189493056
0 0.39091228409449563 0.6760313969932108 0.050199994668999895 0.01980788896415202
0 0.5774641180378619 0.2488127204898162 0.0442227146721816 0.042917840343632996
0 0.6609851427036801 0.23818175769037447 0.03030566534054522 0.05468085594746528
0 0.6598350067631774 0.6767905563108935 0.06618862133990877 0.05187676051544958
0 0.5827281614417223 0.7683849140673811 0.03949885200509069 0.03954717887824373
0 0.5887594380967227 0.6820789218692972 0.044131808004454244 0.035105340343632996
0 0.6204270614258138 0.6491502351891374 0.03606476933481808 0.012820904567984215
0 0.7594253794159508 0.5691650848050245 0.07238407733927232 0.04751680913596843
0 0.4642203253898611 0.392331426391853 0.033139764003817976 0.02984463025772479
0 0.7383299873885883 0.3685852306665815 0.04731135200509069 0.03995661465389251
0 0.18444301340704208 0.5336336143152083 0.031577264003818016 0.029762743102595125
0 0.2995482033736345 0.281357384102912 0.04247840133672707 0.02721095318850324
0 0.02914753341817792 0.6238535798281835 0.028415901336727112 0.02647396879233561
0 0.08468846140990557 0.5599681422435123 0.0425511266709089 0.03346095318850324
0 0.26559520544235865 0.7896955065587207 0.03780908267027261 0.02852779172311415
0 0.4677844141072224 0.7658098699694179 0.028415901336727067 0.02647396879233561