1 0.775 0.5512823463561045 0.0609375 0.045877984390903494
1 0.5984375 0.5568353979927178 0.0234375 0.028943455534962935
0 0.86328125 0.2223339455377978 0.0421875 0.04209821996293304
0 0.75625 0.19203383192813422 0.0328125 0.057395837748947985
9 0.7703125 0.2683061552491119 0.028125 0.047857146641955416
6 0.63125 0.6829812357416658 0.10625 0.14433533175849825
6 0.9625 0.7156424906358072 0.071875 0.1118849303072194
1 0.4046875 0.20866324890369164 0.084375 0.06232143992586625
1 0.203125 0.4750620313030113 0.09375 0.04077382213985139
1 0.26875 0.3164162068009072 0.0609375 0.04587798439090331
1 0.37109375 0.3090526293035783 0.09375 0.04546132213985139
1 0.29453125 0.09856650788936631 0.0875 0.06243056733052792
1 0.16171875 0.3462723431912436 0.09375 0.03921132213985139
1 0.48984375 0.16632447068072329 0.040625 0.03735615626060227
7 0.49140625 0.20700403438305415 0.0390625 0.026364092558271414
0 0.4296875 0.7618800181409854 0.1234375 0.19493553248413759
0 0.20546875 0.6149876268565075 0.128125 0.05759922359113005
0 0.0796875 0.7996577488188736 0.1390625 0.14391866950744614
0 0.115625 0.6399752139724834 0.140625 0.059598233209776905