0 0.4199454892850448 0.3921875 0.039191474772256464 0.0484375
0 0.6262600097882828 0.6625 0.04209821996293321 0.0421875
0 0.6869073331092606 0.6765625 0.04705853847458741 0.05
0 0.8262550313878293 0.528125 0.04549603847458741 0.05
0 0.24930311787083287 0.315625 0.02998016587924912 0.053125
0 0.267356202624556 0.38515625 0.03455853847458741 0.05
0 0.2751339531727101 0.1828125 0.03946429328391084 0.05625
0 0.4232044755748648 0.82109375 0.03946429328391084 0.05625
0 0.47297380788151705 0.725 0.03428571996293321 0.0421875
0 0.5599356053417791 0.66484375 0.04845734736759475 0.0453125
0 0.6893800247644073 0.47890625 0.03321429328391083 0.05625