0 0.25546875 0.10390625 0.040625 0.05390625
0 0.346875 0.57578125 0.025 0.040625
0 0.665625 0.2421875 0.0453125 0.04921875
0 0.6171875 0.2765625 0.02734375 0.05390625
0 0.41640625 0.534375 0.025 0.0328125
0 0.4484375 0.44765625 0.02109375 0.02734375
0 0.50859375 0.7203125 0.0328125 0.05859375
0 0.70078125 0.6140625 0.025 0.0390625
0 0.6484375 0.56015625 0.025 0.0484375
0 0.640625 0.8390625 0.0203125 0.0484375
0 0.5375 0.565625 0.0328125 0.05234375
0 0.434375 0.33984375 0.0453125 0.05546875
0 0.38203125 0.34140625 0.0375 0.05546875
0 0.2015625 0.83515625 0.0328125 0.05703125
0 0.453125 0.78203125 0.0375 0.0359375
0 0.72109375 0.76171875 0.0328125 0.0375
0 0.6015625 0.63515625 0.04375 0.05078125
0 0.69609375 0.353125 0.0328125 0.0359375
0 0.3703125 0.73046875 0.025 0.0703125
0 0.5390625 0.403125 0.03125 0.0734375
0 0.79140625 0.62890625 0.02578125 0.0390625
0 0.6046875 0.7578125 0.025 0.040625
0 0.3015625 0.3796875 0.02265625 0.02734375
0 0.41171875 0.4359375 0.025 0.028125
0 0.43359375 0.60703125 0.03984375 0.046875
0 0.50546875 0.48203125 0.03515625 0.05390625