0 0.29533626590162465 0.31045830167273675 0.06137542069139794 0.07186171189493056
0 0.6334105789128907 0.2546265400256334 0.02663670783841656 0.05756019448207601
0 0.5514726056350678 0.32779404511401605 0.058159492478152684 0.06857293758467105
0 0.5128791185671917 0.2827371726582074 0.029534387305303157 0.049911468792335614
0 0.4341032492085771 0.32790250847928465 0.04244356426490725 0.06462906603337348
0 0.6255907525737895 0.5233765400256334 0.058295884798020656 0.07326043758467105
0 0.6962933606496329 0.37920049411864787 0.042534492478152684 0.06775406603337349
0 0.455683766363843 0.6349680580043148 0.06325616943775678 0.08288109905006032
0 0.2413976090002802 0.4969822998637145 0.03229567445232169 0.03757524310259512
0 0.2284860835317441 0.42979812188998173 0.025954746239076343 0.034122694482076096
0 0.7199281227903338 0.6425569872212429 0.05163670783841638 0.05887038896415202
0 0.7673643785963215 0.3837076096770516 0.03954588479802066 0.07227779172311397
0 0.7988153039065728 0.5128938206674709 0.03931856426490725 0.06446529172311415
0 0.7235054153476287 0.5465041807988078 0.057386602665567034 0.042010437584671045
0 0.527942862761204 0.5448620364075888 0.029079746239076342 0.034286468792335614
0 0.43423259600164943 0.08144026628120077 0.04203438730530316 0.05056656603337355
0 0.5762249015575751 0.4182895703287867 0.038909387305303154 0.05040279172311415
0 0.6184184132360576 0.36651238636216027 0.03523881802583091 0.03148901741285455
0 0.47685040954164093 0.7949129460639557 0.045386707838416564 0.058542840343632996
0 0.2568334262346883 0.7732106071906607 0.03279577962517113 0.05476274310259512