0 0.14765625 0.78671875 0.03828125 0.0484375
0 0.35 0.56875 0.06015625 0.075
0 0.35625 0.67578125 0.05625 0.078125
0 0.40078125 0.79765625 0.05 0.09609375
0 0.50625 0.82265625 0.0515625 0.09921875
0 0.62421875 0.7765625 0.06171875 0.05390625
0 0.6046875 0.68671875 0.03828125 0.05859375
0 0.5296875 0.6078125 0.0859375 0.08125
0 0.52578125 0.71171875 0.08046875 0.078125
0 0.24296875 0.128125 0.0296875 0.05859375
0 0.2546875 0.2328125 0.06015625 0.071875
0 0.240625 0.32421875 0.06796875 0.0484375
0 0.521875 0.1015625 0.04765625 0.05546875
0 0.81171875 0.2953125 0.0734375 0.0703125
0 0.47734375 0.3890625 0.04765625 0.05703125
0 0.40703125 0.4671875 0.053125 0.075
0 0.26640625 0.48984375 0.0609375 0.084375
0 0.109375 0.4734375 0.0625 0.08828125
0 0.10390625 0.6390625 0.0546875 0.13046875
0 0.2125 0.671875 0.02734375 0.046875
0 0.2484375 0.8015625 0.0578125 0.05078125
0 0.86328125 0.88359375 0.04375 0.040625
0 0.72265625 0.6078125 0.0453125 0.05390625
0 0.88515625 0.6453125 0.05078125 0.06640625
0 0.7234375 0.9375 0.05625 0.05234375
0 0.8078125 0.859375 0.0453125 0.06171875
0 0.6296875 0.8671875 0.065625 0.04921875
0 0.3984375 0.24609375 0.05390625 0.06875
0 0.68984375 0.325 0.0359375 0.04921875
0 0.525 0.91796875 0.04765625 0.0671875
0 0.4265625 0.92421875 0.05 0.06171875