9 0.0953125 0.27265625 0.04765625 0.1078125
9 0.0453125 0.45078125 0.03125 0.0859375
9 0.4375 0.31328125 0.034375 0.09453125
9 0.40703125 0.37109375 0.034375 0.08359375
0 0.27578125 0.625 0.034375 0.14296875
0 0.2328125 0.55078125 0.0578125 0.10546875
0 0.26328125 0.48671875 0.04921875 0.096875
6 0.14140625 0.03515625 0.04140625 0.0703125
0 0.45546875 0.59140625 0.07265625 0.21953125
0 0.4796875 0.44375 0.03984375 0.1359375
0 0.38359375 0.47109375 0.0953125 0.16484375
0 0.215625 0.178125 0.0625 0.21328125
0 0.25625 0.3109375 0.1140625 0.22890625
8 0.24296875 0.41953125 0.01953125 0.05703125
8 0.25546875 0.1109375 0.03125 0.08359375
8 0.31640625 0.50859375 0.034375 0.0859375
1 0.9609375 0.02421875 0.07421875 0.0484375
1 0.8875 0.0671875 0.0671875 0.0921875
1 0.98984375 0.1671875 0.01953125 0.08828125
1 0.7921875 0.03046875 0.046875 0.0609375
4 0.85234375 0.52109375 0.10078125 0.17109375
0 0.66875 0.321875 0.1203125 0.1296875
8 0.040625 0.96328125 0.08125 0.0734375
9 0.68203125 0.88984375 0.065625 0.04375
9 0.78984375 0.925 0.04765625 0.03984375
8 0.896875 0.965625 0.04296875 0.0328125
0 0.74609375 0.91640625 0.0671875 0.04140625