0 0.2516930526210418 0.16623143910030505 0.026163762917777868 0.05072742570596289
0 0.5357908293096187 0.8514030948145151 0.029361498100139015 0.053943353919208195
0 0.5781367577868755 0.5882749575092121 0.07242182028847229 0.09267088479802066
0 0.5490272199834726 0.41243988321517494 0.03568423328249999 0.05725021034569906
0 0.6036958829775003 0.3764509074300698 0.03553876291777769 0.05100021034569906
0 0.7642190749412158 0.5554982467678018 0.03546602773541672 0.04787521034569906
0 0.8453580125365281 0.44759716706348823 0.04662173328249999 0.057568459092057725
0 0.7629429431979864 0.332728336501245 0.029361498100139015 0.053943353919208195
0 0.8147788533422226 0.37656325303600785 0.03517508700597212 0.03537521034569906
0 0.7878143502080904 0.2592991966886594 0.03833645459715278 0.03702863855894432
0 0.7853231702122223 0.15226794668865945 0.03561149810013884 0.05412521034569897
0 0.6913380872903127 0.21207250719264298 0.03906380642076392 0.06827863855894431
0 0.6605439886008335 0.2997460034317193 0.04447735182361114 0.032522994985435094
0 0.7544479507005215 0.7402824237274059 0.035320557370694415 0.04162521034569906
0 0.2980921139788897 0.9169528531277855 0.0453501740119445 0.07002299498543536
0 0.43698638734590334 0.6705599232651874 0.05116376291777787 0.05145485141192587
0 0.8740798117390975 0.3044776528777233 0.03546602773541672 0.04787521034569897
0 0.9603231702122222 0.14717596674691916 0.03263196846486096 0.060284282132453626
0 0.6404646118915973 0.14241087655125745 0.038663762917777865 0.05109113855894436
0 0.4702443372903127 0.21850567827975237 0.029216027735416716 0.04769335391920828
0 0.4417179873665626 0.13490356809233794 0.025945557370694417 0.04135242570596289
0 0.23776567771475743 0.5755071506996453 0.026091027735416716 0.04760242570596276
0 0.5856018060395143 0.47235444081616473 0.041716027735416716 0.04805706677218957
0 0.6862927902719449 0.49913223799231304 0.03248649810013902 0.05403428213245363
0 0.7790426815144796 0.45343564159495225 0.03753767401194459 0.06979567445232178
0 0.11577242999586815 0.10373510226985563 0.033830792553055614 0.0447047462390763
0 0.8429103854460422 0.711909719649913 0.026236498100139016 0.053852425705962756