1 0.34375 0.0234375 0.03515625 0.04609375
1 0.415625 0.0140625 0.034375 0.028125
1 0.2953125 0.040625 0.025 0.05390625
4 0.21484375 0.4703125 0.0625 0.09765625
4 0.4359375 0.259375 0.05390625 0.11015625
0 0.31640625 0.25546875 0.0609375 0.0859375
0 0.93671875 0.3296875 0.11953125 0.14765625
0 0.7171875 0.50625 0.09609375 0.1078125
0 0.921875 0.11015625 0.15625 0.2203125
0 0.80546875 0.13359375 0.1390625 0.16640625
6 0.62265625 0.16796875 0.1609375 0.1921875
0 0.42734375 0.89609375 0.1453125 0.12734375