0 0.69609375 0.29453125 0.05859375 0.06875
0 0.36015625 0.22109375 0.02578125 0.05703125
0 0.43984375 0.2984375 0.05546875 0.06640625
0 0.4796875 0.25546875 0.02734375 0.0484375
0 0.55703125 0.3046875 0.040625 0.06328125
0 0.36015625 0.48984375 0.05546875 0.0703125
0 0.29375 0.3421875 0.03984375 0.06640625
0 0.5265625 0.61015625 0.0609375 0.0796875
0 0.74453125 0.48359375 0.03046875 0.0359375
0 0.759375 0.4171875 0.02578125 0.0328125
0 0.2625 0.60390625 0.05078125 0.05703125
0 0.22265625 0.34296875 0.03828125 0.0703125
0 0.1875 0.4703125 0.03828125 0.06328125
0 0.26171875 0.5078125 0.05546875 0.0390625
0 0.45703125 0.51640625 0.028125 0.0328125
0 0.5640625 0.05859375 0.03984375 0.0484375
0 0.4125 0.3875 0.0375 0.0484375
0 0.371875 0.33359375 0.03515625 0.0296875
0 0.50078125 0.76875 0.04375 0.05703125
0 0.72109375 0.75859375 0.03046875 0.05390625