4 0.6204331722079814 0.3815085514435061 0.05983974672063965 0.1302896778706093
3 0.38832227781676243 0.5677803379839025 0.0806435696514182 0.14049234882113631
3 0.5161961358003927 0.9213894521280782 0.09093261646291495 0.09881418479069168
9 0.5544474875639864 0.7890690420519659 0.0777775192218769 0.0858048488211363
9 0.754606860585622 0.9585060860439171 0.056564260515449584 0.06778967787060922
9 0.6126716661035461 0.9717496077369756 0.07531426051544958 0.056500784526048876
9 0.4898681676854256 0.49754077524605195 0.05812011646291495 0.09747717787060921
9 0.8185088240624323 0.42637667695638826 0.08797139077317447 0.10181185079830275
9 0.6883887183421096 0.8775160712151695 0.05483798620519007 0.06460101087441501
9 0.6159493108334493 0.5566995524320892 0.07654256784239592 0.0919911818249421
8 0.42493804500247434 0.10813342395345767 0.05294129353213641 0.08791117688202613
3 0.286091392470655 0.5166396492388783 0.0767882293077851 0.0966786818249421
8 0.4655486776350484 0.22957468383928942 0.08187187697836436 0.1639298488211364
8 0.2873373891912947 0.388291814752198 0.07111143939369331 0.10736151384016442
8 0.4500410278167625 0.570295184333581 0.06420634215265544 0.0946068458553869
8 0.6836336985544059 0.7591016522418089 0.06610303482570909 0.07129667984777566
8 0.2586922472864665 0.08335230536065777 0.09339587516934209 0.11606535178688593