0 0.2484375 0.5078125 0.040625 0.0421875
0 0.390625 0.75078125 0.05859375 0.06328125
0 0.4296875 0.84375 0.03984375 0.06015625
0 0.746875 0.0546875 0.03046875 0.0796875
0 0.33984375 0.18984375 0.0234375 0.046875
0 0.1390625 0.3296875 0.04609375 0.05234375
0 0.0953125 0.371875 0.0328125 0.040625
0 0.396875 0.46484375 0.05078125 0.0734375
0 0.51875 0.51015625 0.05078125 0.04375
0 0.59296875 0.92890625 0.025 0.03125
0 0.67578125 0.8984375 0.04375 0.06484375
0 0.15 0.62890625 0.0609375 0.071875
0 0.02578125 0.621875 0.04375 0.05078125
0 0.06640625 0.125 0.03125 0.05859375
0 0.21171875 0.05625 0.0484375 0.04921875
0 0.67890625 0.375 0.0375 0.05703125
0 0.346875 0.54453125 0.03984375 0.04921875