0 0.715625 0.38515193295057365 0.04375 0.05385534034363308
0 0.37734375 0.587255502036165 0.05625 0.04357293758467105
0 0.33359375 0.5418920923797981 0.0484375 0.04628850180902226
0 0.3140625 0.2710406818189199 0.0390625 0.03954717887824373
0 0.6609375 0.213799233380115 0.053125 0.034034163274411534
0 0.60546875 0.19561247738722115 0.046875 0.03058161465389255
0 0.41015625 0.6761608717784402 0.0390625 0.034859678878243726
0 0.3734375 0.7546477199239894 0.059375 0.03904921189493056
0 0.0375 0.16600345827688595 0.0421875 0.02096095318850333
0 0.246875 0.0448743294894992 0.04375 0.028855340343633053
0 0.584375 0.4389054539814728 0.0453125 0.050812227498762755
0 0.24140625 0.4295359345324533 0.0421875 0.04283595318850324
0 0.7375 0.20353676277875712 0.0421875 0.02877345318850333
0 0.2546875 0.9007148937138505 0.04375 0.030417840343633172
0 0.48203125 0.9044253126424715 0.05 0.0463703889641522
0 0.5421875 0.6122101571699761 0.059375 0.03592421189493056
0 0.584375 0.5545304539814728 0.05 0.03074538896415202
0 0.5859375 0.29741731682634304 0.0421875 0.04908595318850324
0 0.67109375 0.7187357168717716 0.0421875 0.02408595318850324
0 0.66796875 0.5626494911820311 0.053125 0.034034163274411534
0 0.76953125 0.4495143260985972 0.0375 0.03634029172311397
0 0.80546875 0.1288809215306129 0.040625 0.033379066033373574