0 0.48125 0.7578125 0.02890625 0.0375
0 0.5578125 0.8171875 0.04296875 0.06171875
0 0.6296875 0.921875 0.040625 0.06640625
0 0.6671875 0.20546875 0.04375 0.0453125
0 0.7015625 0.2515625 0.046875 0.0734375
0 0.75234375 0.36640625 0.02890625 0.0484375
0 0.440625 0.37421875 0.04140625 0.08125
0 0.521875 0.39921875 0.0453125 0.06875
0 0.45234375 0.2890625 0.04375 0.0734375
0 0.7546875 0.71796875 0.04609375 0.05390625
0 0.74296875 0.77890625 0.05625 0.084375
0 0.76875 0.94765625 0.04375 0.0453125
0 0.61875 0.66015625 0.06640625 0.09140625
0 0.4046875 0.175 0.0484375 0.0703125
0 0.29453125 0.0625 0.0328125 0.06484375