0 0.2512351300648426 0.278125 0.07903683664159918 0.053125
0 0.2089427762597357 0.34296875 0.05501713978475227 0.040625
0 0.7969349660872692 0.08515625 0.052037688998963993 0.04375
0 0.8940989104629168 0.0578125 0.06817211124870504 0.0546875
0 0.4240026960282773 0.3140625 0.04200771753501122 0.0296875
0 0.5469651228261323 0.55546875 0.05850601282028158 0.0484375
0 0.33534703432250634 0.70859375 0.06126713978475227 0.040625
0 0.24444805251947138 0.6859375 0.054580492142117173 0.03125
0 0.0839686248930469 0.74609375 0.04037244292790545 0.028125
0 0.41254954321384646 0.77265625 0.034267992142117266 0.03125
0 0.4381595111631425 0.6515625 0.04862159057054072 0.0375
0 0.6266954722880131 0.65703125 0.051164393713693815 0.025
0 0.758660409839235 0.75625 0.06112159057054054 0.0375
0 0.2735231989237614 0.203125 0.03455909057054054 0.0375
0 0.24131851282028158 0.0484375 0.04037244292790545 0.028125
0 0.44401548138875013 0.1734375 0.04862159057054072 0.0375