0 0.6727201768023642 0.6784894883976186 0.06824488585581072 0.058541675497895976
0 0.9110934720876344 0.6514458056433285 0.052765435070022446 0.06112103847458741
0 0.479180000209397 0.5300321741471337 0.06697348428423436 0.06473711179556503
0 0.42423575082856957 0.28625738149619495 0.08096751778268026 0.1307440577118811
0 0.6026111538478881 0.3416467420258157 0.039756012820281586 0.04974702885594055
0 0.2886685860224266 0.18257436470597194 0.07947348428423436 0.06517362141421193
0 0.06883558312694249 0.07949403784161521 0.041682385855810855 0.05761409255827139
0 0.7680478709686147 0.15569433994156465 0.07238873035529281 0.08052580290255765
0 0.15311638378889625 0.12880950236225272 0.055599336641599176 0.05498016587924912
0 0.8838139962804554 0.5003024570946073 0.06904540653397503 0.07572917549789597
0 0.7046914607150949 0.7623907732440088 0.054075377997927984 0.08924603847458741