0 0.5118493040475859 0.15742598006840597 0.0598530348257091 0.06940452800763604
0 0.5616611962910983 0.07992823607572379 0.03715916327441153 0.05352498933799978
0 0.5829663082314575 0.05441061541213273 0.04604284034363317 0.04425907733927246
0 0.34541091304726895 0.48263342337681614 0.06174308344622812 0.07567270934118149
0 0.39890772727162016 0.475448179384134 0.039786196291098364 0.07385567067154533
0 0.1923202125722991 0.5113022213558172 0.04233798620519007 0.06295453333863606
0 0.17528984283002388 0.5438965453532718 0.0405298247398008 0.058248852005090515
0 0.20203048450770944 0.6667891526893627 0.03608798620519007 0.06288180800445424
0 0.10600865558403712 0.7117374786759996 0.033379066033373574 0.04098862667090888
0 0.08561534769126394 0.888735783338636 0.04275406603337355 0.041097714672181596
0 0.2856763076656305 0.25161014270368015 0.06914614767057933 0.06795111600890866
0 0.31111231965141817 0.14103626937458902 0.04587906603337348 0.041134077339272455
0 0.29364818068726606 0.09086354670590728 0.03946529172311397 0.03793635200509069
0 0.14651755314307477 0.12897097935231733 0.03131859905006031 0.06126476400381797
0 0.5650473043862702 0.38290778540736026 0.0629780348257091 0.06944089067472695
0 0.4995894007227971 0.3704345100652243 0.04077548620519007 0.06293635200509069
0 0.3661384136130958 0.28221580004772506 0.040277519221876903 0.08323067067154524
0 0.9158916728853501 0.10513096745699431 0.03781426051544941 0.06602498933799979
0 0.4308217113291037 0.26501066605663376 0.06092421189493056 0.06004770934118149