0 0.39253494026508007 0.49404508884525633 0.0586693458553869 0.061339293283910835
0 0.4433931502274615 0.30215520000784923 0.052546679847775654 0.0642460384745874
0 0.30649669220506537 0.11056295545014483 0.037974843878220456 0.0512549651536097
0 0.8040693009492145 0.6095460262392338 0.05423651384016459 0.06742560217691818
0 0.7994043641813566 0.5142608080903992 0.05098417984777566 0.06419147477225665
0 0.30350290965618265 0.7475098839432657 0.05541701186299815 0.05810516587924912
0 0.3658583296181266 0.7609796177011969 0.03953734387822054 0.051309528855940555
0 0.43413082714666873 0.7468600647986392 0.023848676882026253 0.04920139183263199
0 0.5388647480971958 0.7635440785936373 0.046042011862997965 0.05777778366526398
0 0.7575962771860374 0.10263382732769291 0.052419345855386726 0.06112103847458741
0 0.7401169585166877 0.17287440545799404 0.05123884783255317 0.07044147477225655
0 0.7229625865010277 0.3854934565464532 0.035231845855386724 0.06052083774894799
0 0.6870489442194128 0.5025371128070555 0.038229511862997965 0.05750496515360979
0 0.4681132604173044 0.4288169037287135 0.0560536818249421 0.07373016587924912
0 0.5365502426228073 0.3419319734214942 0.05216467787060921 0.05487103847458741