0 0.5375792672861808 0.32056540490983987 0.05759560087368065 0.059776793283910834
0 0.6024328154419104 0.8226164890305908 0.07630923328249999 0.05886905771188111
0 0.6689624327487506 0.6240400905745369 0.04763871941479181 0.034449411069925696
0 0.5134936827487506 0.629469178956457 0.03644664627652787 0.023129965153609787
0 0.7034848627446186 0.7299527846767543 0.07877961664125 0.03085318511654265
0 0.7885657647207296 0.5893699354950609 0.0670797036472223 0.06479167549789597
0 0.4801700768410768 0.5078769211519087 0.060684233282499986 0.05832342068857255
0 0.3884365185204518 0.49700639773826377 0.0636273953265972 0.05062004809323426
0 0.3352407429692366 0.5965996591710091 0.057304660144236144 0.04727679328391084
0 0.17125032494121578 0.5718328160645836 0.05080008700597225 0.036121038474587405
0 0.1580041361116324 0.5066170438320651 0.07787173328250004 0.05892362141421188
0 0.11027711056041718 0.6060193323066524 0.06050239532659725 0.05051092068857255
0 0.21772789427975753 0.6874925323993196 0.06359102773541672 0.04905754809323426
0 0.34445600807121596 0.7909672180640166 0.07311149810013892 0.0556349303072194
0 0.4271607117184383 0.8506299055428121 0.04625805737069442 0.04220734736759475
0 0.4801785685760425 0.9449503352170592 0.06042966014423605 0.047385920688572725
0 0.35670404777447995 0.9140773358500315 0.06962282218833335 0.039900802902557334
0 0.32323823755399383 0.9543402373013101 0.0953501740119445 0.07202382213985103
0 0.41954431420763943 0.6577702829474739 0.05403418977951393 0.04091766587924894
0 0.5467796146444798 0.6822568730586744 0.06337282218833344 0.03968254809323426
0 0.5302844052976743 0.7797866374866447 0.06995013050895835 0.053963302902557686
0 0.27020796969913213 0.22122020245491997 0.06395470364722229 0.06468254809323426
0 0.34430139276114613 0.3140227721477006 0.06715243882958336 0.06791667549789597
0 0.44466441546256974 0.29253466334736034 0.06075696846486114 0.06144842068857255
0 0.44913566954663225 0.3838590677938641 0.07630923328249999 0.05886905771188102
0 0.5602744977188893 0.45582085863070415 0.08597517401194459 0.07169643992586625
0 0.6668699898351045 0.46695427687220603 0.05065461664125017 0.029871038474587407
0 0.656297472167674 0.5502032864908528 0.060684233282499986 0.05832342068857237
0 0.4858037874221533 0.5819592618960815 0.08895470364722229 0.06555556733052796
0 0.2409452291015283 0.5764359813108605 0.07165810087368066 0.060267866604888455
0 0.042147319241632564 0.7358457307627063 0.05101829255305559 0.04549603847458741
0 0.10917312471246599 0.8273313371159758 0.050872822188333354 0.03924603847458741
0 0.20550130442399367 0.7332688238691318 0.05755923328250008 0.05821429328391083