9 0.10800833238138326 0.7328950709619828 0.04875687418757346 0.11054265785015538
9 0.05489914894104451 0.5518579025884837 0.032750044642268696 0.08775760523343692
9 0.44948672036867443 0.7122002232681177 0.03601141233702041 0.09575211575678075
9 0.4180088494275118 0.6526131206655167 0.03584777110331831 0.08637711575678075
0 0.2823268993480816 0.39106242868508134 0.036884165583431286 0.14575211575678076
0 0.2406536424482227 0.4627785339891055 0.059667100648623086 0.10961719468185845
0 0.2722406075451867 0.5286156365917065 0.05169095941492108 0.09978716837349921
6 0.15824766030183493 0.9683702038897841 0.041852309252765264 0.06325959222043168
0 0.46260078043551384 0.435121783777344 0.07569329545304768 0.22293624203690499
0 0.489396879866321 0.5841886153332576 0.042997797888679655 0.13830363680346808
0 0.3928258429346901 0.5512480417404391 0.09820349512873605 0.17117632096198285
0 0.22997088148787884 0.8344337261107153 0.06620920129724625 0.21614021046687384
0 0.2682776306770999 0.7039873629141832 0.1180444366867496 0.23476838410204515
8 0.2531008697200513 0.5946200681899725 0.01973184740221221 0.05734206314006211
8 0.27098739366274344 0.9039418602833473 0.03272277110331832 0.08619510523343692
8 0.32498377799988193 0.5098348154885495 0.03587504464226869 0.08793961575678075
1 0.903782302753353 0.9682265627518326 0.06879663879807012 0.06354687449633474
1 0.9971209435849608 0.8904643332691163 0.005758112830078233 0.0885920631400623
1 0.809110730918686 0.9919185443712749 0.047938668019063255 0.01616291125745022
4 0.8607030896882792 0.5285496202419937 0.10300008928453756 0.17769933674699842
0 0.6805867159044475 0.7170752519955513 0.12257620373287814 0.13669490514873245
8 0.04126592816533299 0.039084886803468076 0.08253185633066598 0.07816977360693615
9 0.683954034495999 0.14988004671976213 0.06638865909060954 0.04757222099021767
9 0.7911528798696164 0.1210031597751197 0.047584112012708776 0.043355157850155465
8 0.8974750178569074 0.08661202019964136 0.04432274431795733 0.03536064732681177
0 0.7475528843338433 0.12704876244830793 0.06789661201270895 0.0445382262518895