9 0.2855462277568786 0.10884138737268001 0.044445019771663485 0.09422271467218155
9 0.22814756323214214 0.09801242803149855 0.04278967787060939 0.05359771467218157
9 0.2745583537268712 0.30177377470558914 0.03360567885919252 0.05817612667090888
0 0.17034038041861693 0.17393858135740797 0.04693334980971957 0.07863407733927245
0 0.2209903433467479 0.35039254069858944 0.061250517794497125 0.08504770934118148
5 0.032632133384366456 0.15826703333863612 0.046296679847775656 0.06300907733927245
1 0.7734481343729497 0.16219748543917695 0.10452035672980173 0.11210110534690845
1 0.725687113612703 0.2601259080999045 0.10254667984777566 0.06366360534690844
1 0.5911436758562619 0.3586077667488598 0.07894735376405233 0.09774770401018137
1 0.6611736274528675 0.19371911075745035 0.0975063527754692 0.09327838001272667
9 0.4890346892021348 0.2941083674013151 0.06581068380210837 0.08197725334181775
7 0.9160866205327853 0.2295133494589033 0.10168451680591417 0.08083292401336299