0 0.19559113582729193 0.3195409248480331 0.07500261284152784 0.13646634890464338
8 0.15570840539458347 0.18253501834240007 0.032777438829583394 0.06653428213245363
8 0.2413400469214586 0.3396093839400908 0.042588849923750074 0.08555706677218974
8 0.1297102562682641 0.23955189647650316 0.05072865824437507 0.09984688730530315
0 0.6462989974345488 0.29596130166198786 0.12151393692972227 0.12220527210332381
0 0.7662491279435072 0.3509790737653117 0.11588087955902786 0.08144387978345566
0 0.9408861052420836 0.37401707165374065 0.11282861474138883 0.0844779515702104
0 0.9242817931217365 0.4656590023742684 0.07689111474138884 0.08343227711788863
8 0.8611089926848962 0.43493418810936124 0.057777438829583264 0.06726170783841656
8 0.6236583183886113 0.16179925032920442 0.09738545269729179 0.09183581050398351
8 0.9551151458015624 0.14650583709314682 0.0897697083968751 0.09951191818411553
9 0.8013670507211806 0.24972646232425602 0.04309668977951375 0.040290030878812465
9 0.9345425734226044 0.23564489344049527 0.04320579255305575 0.04497753087881247
9 0.8411731267092364 0.18218126114975708 0.044659189779513754 0.040335494985435094
9 0.8446806396270141 0.2322494573096911 0.033903527735416716 0.04782974623907634
9 0.7699566626127782 0.4096410199252457 0.04004442496187508 0.043324102665567035
9 0.5812416143601393 0.5196966668639673 0.06715243882958326 0.06753449247815269
8 0.39892595573451456 0.8376102779093116 0.04375261284152785 0.13555706677218993
9 0.40419468398302155 0.829175652282491 0.0320877610179167 0.1039888180258309
0 0.6583548539109034 0.813930051661988 0.12031380642076392 0.07064277210332363
0 0.777795838143334 0.8470728237653116 0.11508079255305574 0.04706887978345549
0 0.9481274487069449 0.8622983216537407 0.10374510258611025 0.048540451570210405
0 0.9347192917905562 0.9140965023742684 0.07609102773541672 0.04905727711788899
8 0.8718192482875701 0.8950904381093612 0.05712282218833309 0.039136707838416385
8 0.6370779595342367 0.7383617503292044 0.09647626291777786 0.052773310503983595
8 0.9622068260817711 0.7347870870931468 0.07558634783645779 0.05732441818411545
9 0.8139502372696533 0.7903514623242561 0.042696646276527875 0.02310253087881229
9 0.9473075979269797 0.7840823934404952 0.0427693814588892 0.02622753087881229
9 0.8544472974901396 0.7524937611497571 0.04425914627652787 0.023147994985435006
9 0.8574456641313896 0.7806869573096911 0.03343074905006951 0.027517246239076344
9 0.7809033075581258 0.8799535199252457 0.03964438145888884 0.02613660266556721
9 0.591024496387709 0.9400091668639673 0.06649782218833344 0.03940949247815269