0 0.4546875 0.3765625 0.03984375 0.06015625
0 0.30390625 0.3828125 0.0171875 0.05078125
0 0.72109375 0.57421875 0.040625 0.04375
0 0.72734375 0.6578125 0.05390625 0.0296875
0 0.2890625 0.6515625 0.0484375 0.06640625
0 0.2015625 0.5734375 0.0375 0.0390625
0 0.2875 0.58046875 0.0328125 0.04375
0 0.31875 0.6125 0.0109375 0.0359375
0 0.39140625 0.75234375 0.04296875 0.071875
0 0.58359375 0.459375 0.028125 0.0328125
0 0.59296875 0.73359375 0.03828125 0.046875
0 0.45703125 0.178125 0.028125 0.03125
0 0.703125 0.29609375 0.025 0.0421875
0 0.375 0.021875 0.02578125 0.028125
0 0.4359375 0.078125 0.03046875 0.0421875
0 0.196875 0.25625 0.02734375 0.0375
0 0.21015625 0.45859375 0.025 0.028125