8 0.134375 0.1421875 0.0359375 0.04140625
0 0.21328125 0.140625 0.040625 0.05234375
0 0.19609375 0.24296875 0.02578125 0.05234375
0 0.13828125 0.23125 0.0328125 0.03125
0 0.85078125 0.32421875 0.1546875 0.12890625
0 0.85078125 0.20234375 0.14453125 0.1
0 0.94453125 0.10859375 0.06171875 0.16171875
0 0.5765625 0.0546875 0.075 0.06484375
4 0.6828125 0.25390625 0.1125 0.090625
0 0.25546875 0.9421875 0.18515625 0.115625
0 0.36015625 0.83828125 0.046875 0.08125
0 0.28203125 0.8078125 0.0484375 0.07109375
0 0.2609375 0.86640625 0.05390625 0.06015625
0 0.2 0.8265625 0.1171875 0.13359375
1 0.575 0.49453125 0.0828125 0.03046875
1 0.946875 0.61640625 0.10546875 0.06875
8 0.59453125 0.86796875 0.084375 0.07265625
8 0.97421875 0.7203125 0.0515625 0.08125