0 0.17236206460854814 0.428125 0.06324543467536325 0.0640625
0 0.125639963916322 0.61640625 0.047347714672181594 0.040625
0 0.252450101289002 0.3265625 0.04749316534054513 0.053125
0 0.2954012172979107 0.2609375 0.053888616008908666 0.065625
0 0.3801943879694559 0.225 0.10683180267345431 0.05
0 0.42104501261141164 0.40703125 0.06308180267345431 0.05
0 0.5343535346117297 0.4046875 0.04613066000954511 0.0703125
0 0.594600691279457 0.396875 0.05367044000636341 0.046875
0 0.6979609539306396 0.5109375 0.05352498933799978 0.034375
0 0.5817092452657759 0.49765625 0.047420440006363404 0.046875
0 0.8505837778883233 0.82265625 0.05377952800763595 0.05625
0 0.7756832278803691 0.88125 0.05995680267345431 0.05
0 0.7607571145369605 0.95546875 0.06282726400381797 0.028125
0 0.6098036892107329 0.903125 0.06309998400699968 0.0515625
0 0.4090326245624139 0.76796875 0.03166817067154515 0.0359375
0 0.7663131539624563 0.2765625 0.09131589067472685 0.059375
0 0.8156671692791388 0.39921875 0.07100339067472702 0.059375
0 0.6548665766231838 0.3203125 0.0708579400063634 0.046875
0 0.6442354225811858 0.6296875 0.05052725867281786 0.0453125
0 0.6849496872215506 0.8234375 0.05069089067472703 0.059375
0 0.6241272959898186 0.075 0.04752952800763595 0.05625
0 0.6550291139401846 0.440625 0.05381589067472703 0.059375