0 0.7454771682251273 0.34019350455580016 0.040988614363184794 0.06486613680346806
0 0.7618622549699696 0.7402313019108469 0.053343168617910844 0.04059417889684287
0 0.26694116129124035 0.9128996313300348 0.06269089754067192 0.03645271046687384
0 0.3458584424256242 0.2481916601986427 0.0377636204133089 0.04749662628012441
0 0.05604807132494423 0.639767426266007 0.06273634933607006 0.04426521046687384
0 0.734182682564871 0.8151557072007535 0.05948408430895533 0.02220819994353036
0 0.5305536885167993 0.8509357705525773 0.05958407825883114 0.03939569994353036
0 0.32562268959695384 0.12596034442774462 0.040806807181592394 0.03361613680346807
0 0.8016463967551051 0.5980661887143148 0.05961134933607006 0.04408319994353018
0 0.8105174027070333 0.6462229676535101 0.047038626463433174 0.030855157850155378
0 0.5295775166774346 0.9516260152909053 0.04547612646343317 0.03076415258848364
0 0.5426107225780493 0.23856457316929572 0.047038626463433174 0.030855157850155468
0 0.4240011022629363 0.12153742591307111 0.050172716822512696 0.03259966837349917
0 0.2915492340891226 0.5785092207784561 0.03617384933607006 0.042718121018452494
0 0.7933066559284873 0.5069861624059555 0.03453862646343318 0.030127115756780752