0 0.281622489246633 0.12777536069716366 0.057923815963434676 0.03888543758467104
0 0.34572783870851376 0.22622614880223307 0.05196491439185813 0.04480788896415202
0 0.24890442017831718 0.7536661533247889 0.056472631926869445 0.07465916327441172
0 0.3837717258026697 0.7740085515611951 0.06737159057054054 0.040939260515449584
0 0.6774147179447869 0.7899456535519315 0.06853598428423417 0.0659392605154494
0 0.8711346770027427 0.5941850169626286 0.0643193651776464 0.04233798620519007
0 0.8498269112869771 0.6579542678671398 0.05516268899896417 0.04653416327441171
0 0.8323526209641056 0.7199563008838266 0.05487159057054072 0.04028416327441153
0 0.7979325016526299 0.30042172885755913 0.04807793507002263 0.06174972749876275
0 0.7685274838699495 0.1735250361845055 0.05225601282028158 0.051057888964152066
0 0.828193582298373 0.1766633242895749 0.05040241439185813 0.04472600180902231
0 0.7737008273359742 0.09963715683129185 0.06424659057054054 0.04077548620519007
0 0.9776489076698767 0.7049410532586757 0.04470218466024676 0.04357293758467105
0 0.4530844203877141 0.19397249152071533 0.056472631926869354 0.07465916327441158