0 0.9523541778840411 0.6623805310127374 0.06101170783841638 0.059015435070022625
0 0.8962502450519422 0.466537184032056 0.06073892319868044 0.04964043507002245
0 0.7151928101747791 0.5590221288219883 0.07185827962517113 0.05639985731976367
0 0.6796741619824164 0.3547498517336831 0.07011392319868044 0.05007708271265772
0 0.5721979457642227 0.17685383002206137 0.07323892319868044 0.050222631926869446
0 0.4443708109662019 0.24130797415003985 0.06377299498543501 0.046660984284234264
0 0.37247777593075443 0.39989741604448803 0.05761392319868044 0.0494948858558109
0 0.18648748548503064 0.6619136108344202 0.07011392319868044 0.05007708271265763
0 0.6212787079714305 0.9098161873418249 0.08904577962517113 0.05720037799792799
0 0.307085827330045 0.8458969667064418 0.06046613855894432 0.04026543507002245
0 0.46725175217807813 0.6648204028099217 0.06082985141192587 0.052765435070022446
0 0.9266270329903834 0.1753685285315381 0.06694345909205772 0.04836903349844603
0 0.8376327291503174 0.1688766259265042 0.06055706677218993 0.04339043507002258
0 0.8019559904330885 0.2657858591772812 0.06818771034569907 0.03750430810555185
0 0.26893420493542264 0.08684514433286625 0.044522889812585564 0.028600188998963993
0 0.2907015563473484 0.03779121422524241 0.06051160266556703 0.04182793507002258
0 0.472300897334433 0.06111320595307479 0.06046613855894432 0.04026543507002258
0 0.2798369495251463 0.19609386579681898 0.06105717194503919 0.060577935070022536
0 0.2113560709953318 0.3180737196019259 0.04769335391920828 0.03030823821317572
0 0.19331677632646588 0.23900264970954974 0.04998327962517117 0.055381012820281586
0 0.8535947659681316 0.8032901672828331 0.05779577962517131 0.05574488585581072
0 0.5082989863429604 0.8404047537195446 0.04207985141192587 0.05189213978475209
0 0.41556356855455634 0.7742831399896402 0.03872753087881246 0.04393409057054072
0 0.23797709230723277 0.5055030990475959 0.036892246239076346 0.034486315963434676
0 0.17920148588074203 0.5090240512811264 0.034085494985435096 0.04527826674922295
0 0.09862377263204918 0.6703382328364922 0.048147994985435094 0.04593323821317572
0 0.8364203231734099 0.9868002566150285 0.044659282132453626 0.02639948676994308
0 0.6061407559390017 0.7041462301458958 0.07378449247815269 0.06897263192686935
0 0.5034071786754637 0.3363700711307212 0.04126149749271768 0.023767139784752266
0 0.6040496878466638 0.26517362137839023 0.043096782132453625 0.03321491439185813