0 0.1996127185710044 0.7071056173615442 0.057104522676635884 0.07409202800763595
0 0.763039966581822 0.6339633974379042 0.05061816534054522 0.05370680267345414
0 0.7938445239099587 0.6726082741088132 0.034956802673454315 0.05039998933799979
0 0.7259297705681409 0.7343264767663591 0.06026588534372692 0.07725339067472703
0 0.7655093438892779 0.8246429414385407 0.047893154678545005 0.08804544000636341
0 0.9060814419160039 0.6293769894573125 0.07605451734563573 0.09149770401018138
0 0.9385774106063209 0.45551277546144864 0.07000451201463562 0.10861247867599957
0 0.6183029153007743 0.24707083008431435 0.06026588534372692 0.07725339067472685
0 0.3654682692950472 0.286322044716725 0.03811816534054513 0.05356135200509069
0 0.052220645249867484 0.6155346406747269 0.04909202800763601 0.05681362133990895
0 0.7920707492043695 0.9593452054423587 0.030160214672181596 0.04097044533736351
0 0.26811562854077853 0.9305891180378619 0.0317590773392725 0.0441136266709087
0 0.3125308892425497 0.6724771733768161 0.0286340773392725 0.04407726400381797
0 0.27137917791218585 0.650120368037862 0.07118520401018139 0.07581816000954511