0 0.3655944052071522 0.6501330099626228 0.08710126291777787 0.05250052586424747
0 0.5350971261405554 0.2532305808914477 0.06373649810013901 0.05494356426490725
0 0.3564226930105551 0.4731840650563301 0.060320557370694416 0.04235263605166182
0 0.6056745445498258 0.6469555003292043 0.06675239532659738 0.050346992478152684
0 0.6144273762374646 0.8754896772888084 0.05399782218833345 0.03904577962517095
0 0.6726490646857982 0.389353600487489 0.07143989532659738 0.050483384798020656
0 0.6942500013311802 0.4689418120868292 0.06359102773541672 0.04869356426490725
0 0.37226720497840243 0.3970307420159342 0.033830792553055565 0.044704746239076346
0 0.4504831239563538 0.39539769734706826 0.05741376291777769 0.05163670783841656
0 0.39105814504225683 0.160698436922227 0.06388196846486113 0.061193564264907255
0 0.3539750659200693 0.20887151246990535 0.07318423328249998 0.058341348904643375
0 0.6634981491263193 0.07715747736795082 0.04000805737069442 0.041761602665567034
0 0.6192350835874998 0.2994583747023838 0.043205792553055566 0.04497753087881238
0 0.4705728459365967 0.6406791051063425 0.06039329255305557 0.045477636051661816
0 0.5167191876922217 0.7405259924116456 0.053852351823611144 0.03279577962517113
0 0.1812713437523952 0.7768904235943918 0.05101829255305561 0.04520485141192587