0 0.296875 0.74375 0.0625 0.040625
0 0.69609375 0.7578125 0.03828125 0.05234375
0 0.89765625 0.26171875 0.0328125 0.06171875
0 0.228125 0.34453125 0.0453125 0.0375
0 0.63671875 0.05234375 0.03984375 0.06328125
0 0.77265625 0.7296875 0.01875 0.06015625
0 0.8203125 0.52578125 0.0359375 0.06015625
0 0.10703125 0.325 0.03125 0.040625
0 0.5515625 0.7984375 0.03984375 0.05859375
0 0.59921875 0.80703125 0.02890625 0.046875
0 0.92109375 0.52421875 0.02890625 0.0453125
0 0.20703125 0.54140625 0.028125 0.046875
0 0.096875 0.4234375 0.0296875 0.05078125
0 0.56171875 0.28828125 0.040625 0.0359375
0 0.4609375 0.790625 0.02734375 0.034375