0 0.24921875 0.3484375 0.08359375 0.1125
8 0.1765625 0.2359375 0.03671875 0.059375
8 0.30859375 0.33203125 0.04375 0.07578125
8 0.15390625 0.31640625 0.0546875 0.08828125
4 0.87265625 0.20625 0.2546875 0.303125
7 0.23203125 0.91171875 0.0265625 0.046875
7 0.15625 0.896875 0.03046875 0.02890625
7 0.27265625 0.940625 0.0296875 0.0546875
7 0.3140625 0.79921875 0.034375 0.0328125
7 0.33671875 0.89921875 0.05625 0.07265625
7 0.3484375 0.84140625 0.0375 0.0328125
0 0.27578125 0.84609375 0.08671875 0.0484375
0 0.19375 0.95625 0.03359375 0.06015625
0 0.25859375 0.98359375 0.0625 0.0328125
0 0.6640625 0.97109375 0.003125 0.00703125
0 0.65625 0.9203125 0.01171875 0.00703125