0 0.4959631959524141 0.17209510627269126 0.0598530348257091 0.0710420118629981
0 0.5539638037089016 0.09616661764139775 0.03715916327441153 0.05452567391627663
0 0.5779711917685425 0.07130853908621644 0.04604284034363317 0.04553267589344297
0 0.29521408695273105 0.49195798421985026 0.06174308344622812 0.07735567885919252
0 0.3495297727283798 0.48634199558855673 0.039786196291098364 0.07490184091247105
0 0.1389297874277009 0.5161237015966055 0.04233798620519007 0.06409167490485981
0 0.11846015716997611 0.5481721976422728 0.040447937584671044 0.05777800790866543
0 0.1323445154922906 0.6716561185927998 0.03608798620519007 0.06383700692008212
0 0.031491344415962894 0.7137388478325531 0.03337906603337355 0.04189833992388792
0 0.006943342662711419 0.8898729249048598 0.013886685325422837 0.04228034190105419
0 0.25963619233436946 0.25954739083592127 0.06914614767057933 0.06986151384016441
0 0.2967001803485818 0.14988323075980917 0.04587906603337348 0.042407675893442943
0 0.28447681931273394 0.09927839429596244 0.03946529172311397 0.03902800790866538
0 0.13316994685692524 0.13304194615939804 0.031236711894930557 0.060521005931499026
0 0.5255776956137298 0.3987822816718426 0.0629780348257091 0.07116934585538681
0 0.4613480992772029 0.38442135132977534 0.04077548620519007 0.06402800790866543
0 0.3369865863869042 0.2924500741437381 0.0387150192218769 0.08421317391627667
0 0.9059833271146498 0.13164910878133024 0.03781426051544941 0.06702567391627659
0 0.4035532886708963 0.2771553379839025 0.06092421189493056 0.06173067885919252