0 0.27758667144649335 0.3288214026854921 0.038736498100138926 0.055528109191583755
0 0.21895459422416685 0.23008231647286767 0.03546602773541672 0.04907785009228505
0 0.17324401035232667 0.316730017737172 0.03855466014423614 0.047715609191583755
0 0.8725641306963896 0.8141293306662953 0.03270470364722229 0.06450259099298634
0 0.8245253677786117 0.767133217155775 0.04872974715020817 0.08269138648947968
0 0.6041602760229869 0.8798391779808032 0.05160017401194459 0.07195414558877822
0 0.49656206230777844 0.6942602282576584 0.036629790653194404 0.09907785009228505
0 0.7258359074818758 0.8970791378829809 0.048402438829583436 0.06862888648947987
0 0.6573352549370839 0.6432718198689538 0.07264002583555573 0.10450582973421944
0 0.62946221523382 0.5214363926633429 0.03746493882958344 0.0679279796419344
0 0.5962314879352435 0.5055703632059785 0.038192290653194405 0.0991779796419344
0 0.40874705888930596 0.3837919000645985 0.04560474715020835 0.08249112739018098
0 0.18203974173496565 0.4257044995385747 0.05025587955902786 0.08122901603912905
0 0.17466757209142417 0.6468180359357693 0.0515274388295834 0.06882914558877821
0 0.23748192229951468 0.9252446221483936 0.03412173328250008 0.0583527205426357
0 0.516407556420764 0.03465514651624153 0.07340243882958326 0.06931029303248307
0 0.6854673341561807 0.07030588680324668 0.03419446846486114 0.06147772054263574
0 0.5218874109972574 0.6057892111387952 0.04200696846486114 0.06197836829088228
0 0.43695067296510476 0.6879089011443327 0.05203658510611113 0.09070414558877822