8 0.3601137807416004 0.4312694707078689 0.02841589149054773 0.05163809471009344
8 0.12535296136156374 0.3496044288262557 0.034647710772388506 0.048877115756780665
8 0.27553424766230894 0.46151143657758914 0.023673849336070064 0.04199007892507769
8 0.2999029885871226 0.4371407681335028 0.02051248789975162 0.03555806840173403
8 0.3208063619272978 0.3367613365352368 0.02832498789975162 0.036013094710093264
8 0.2587199732654204 0.26202737606836285 0.02521816861791084 0.038956084186749604
8 0.31273530757437584 0.24641705759604166 0.02836134933607006 0.04226309471009326
8 0.22564333197126435 0.4398492682040899 0.028343168617910842 0.03913809471009326
8 0.2687893439733169 0.41188316290006577 0.028343168617910842 0.03913809471009326
8 0.29798648546386464 0.363566760240995 0.028470433645025484 0.061013094710093266
8 0.2780421450065892 0.299102441839261 0.031486349336070064 0.04244510523343701
8 0.21600120814010987 0.21655598137238702 0.031504530054229284 0.045570105233437005
8 0.24064616325515767 0.4133700681899725 0.025254530054229285 0.04520608418674961
8 0.2628297145830175 0.49593964448421435 0.03154089149054773 0.05182010523343692
8 0.31407509377692516 0.28478931285771353 0.025227258976990453 0.040518584186749605
8 0.24744210568078184 0.185563586605824 0.03154089149054773 0.05182010523343696
8 0.1523745244950844 0.27224526827467715 0.02363748789975162 0.03574007892507769
8 0.18120350644290767 0.28721011561560633 0.01896816861791084 0.03859206314006221
8 0.21090464198152709 0.2865954655873715 0.025254530054229285 0.04520608418674961
8 0.044343855877173585 0.30346590521931954 0.02837953005422931 0.045388094710093266
8 0.08390580474570544 0.3542240393919517 0.028379530054229284 0.045388094710093266
8 0.10371431069763379 0.3077053551628498 0.022074987899751618 0.03564907366340595
8 0.12475351854315608 0.3183089261954198 0.023655668617910842 0.03886507892507769
8 0.3366858919815271 0.2939213891519553 0.025254530054229285 0.04520608418674961
8 0.3447165605994379 0.2568764154603146 0.022038626463433086 0.029399073663405863
8 0.2785734101318997 0.3421166944700969 0.033048849336070066 0.04253611049510884
4 0.7399280248878679 0.5659292519249643 0.16617042154477701 0.1033965577372161
9 0.697927398129847 0.3970203572289884 0.06290906615858276 0.07395271046687402
9 0.6515160064429077 0.3146026993788329 0.059756795081343836 0.06908319994353027
0 0.8503080304470128 0.26522286761115776 0.1994738009350762 0.18968266823232485
9 0.20028270014507807 0.9033734419098481 0.12568177693097135 0.12446792093374803
8 0.018948425257210216 0.78872857103257 0.03789685051442043 0.10245714206513998
0 0.19495589247250641 0.6099951682323248 0.07690793364502549 0.06383425782192056
8 0.7006008627128647 0.8778076256448399 0.06137383723582168 0.0785492052052021
8 0.6430479588274809 0.6954886783321454 0.040988614363184794 0.06486613680346806
1 0.8186645406023535 0.9923886167192627 0.02519998789975162 0.015222766561474543
1 0.797039525477043 0.9584499518684945 0.04556703005422946 0.04638915258848364
8 0.7797298265103153 0.8441221413592682 0.05038179508134384 0.06853716837349921