0 0.5921400503210162 0.5411566374124509 0.06935001785690745 0.03517497867599957
0 0.714476520692986 0.7480071687619047 0.07431025324641087 0.05085452267663584
0 0.7075930953670267 0.9353889900938593 0.07754434740221221 0.057140885343726924
0 0.7214862256436801 0.8363520534293137 0.050490923701106104 0.02870680267345449
0 0.6633873534847016 0.8192730940881322 0.05405230032431163 0.05374316534054522
0 0.33440364244822274 0.45301864871099795 0.06638865909060954 0.044513616008908664
0 0.2417582207757115 0.5152090186982713 0.0725295649348082 0.038336341343090295
0 0.15855025446093157 0.49158915802036274 0.09774775324641087 0.05112724267981754
0 0.21423146428288975 0.4149090266947715 0.03966251785690753 0.03482953333863605
0 0.3731722674498704 0.21289363538349768 0.04607615909060954 0.044277258672817864
0 0.4340433579522237 0.3440441853914519 0.06633411201270896 0.04138861600890866
0 0.41139679058178363 0.38908396538827017 0.056850017856907444 0.035029528007636035
0 0.4052637930174156 0.3062169213876339 0.05981137662320535 0.02569089067472685
0 0.44514272483619666 0.21919872672658816 0.060193206168510115 0.04756589067472685
0 0.5893387840889619 0.2911748187459963 0.08535684740221221 0.0572317920114541
0 0.8306319857932453 0.3322559941119948 0.07088524431795698 0.033630660009544934
0 0.8218921854689336 0.2790400874442676 0.06929547077900686 0.03204997867599957
0 0.9444257045436573 0.27343607212758503 0.06348184740221256 0.05697725334181776
0 0.7025733952908919 0.20032364676158654 0.06348184740221222 0.05697725334181776
0 0.8329779155834313 0.15341337877940392 0.06000229139585791 0.036628390674726896
0 0.7221781521874554 0.6075003474299501 0.049037517856907444 0.03493862133990877
0 0.9632223433417272 0.3658235667965849 0.03793637662320535 0.02543635200509069
0 0.9760704864038008 0.15275140213235755 0.04785902719239843 0.03808180267345422
0 0.9775380107518824 0.912044586131403 0.044923978496235153 0.05690452800763594
0 0.33164247564368016 0.8318158107097254 0.07307503571381488 0.06958634134309065
0 0.8842074046263825 0.045437794119949027 0.08384889448011279 0.06033861067790858