0 0.6390625 0.38046875 0.05078125 0.0859375
0 0.2375 0.540625 0.053125 0.06328125
0 0.4625 0.3671875 0.03984375 0.05859375
0 0.62890625 0.6203125 0.0484375 0.06640625
0 0.85703125 0.634375 0.03671875 0.05234375
0 0.36953125 0.68125 0.0484375 0.0703125
0 0.4484375 0.7046875 0.04765625 0.06171875
0 0.3859375 0.38125 0.04296875 0.0328125
0 0.38203125 0.459375 0.05 0.05703125
0 0.14921875 0.39453125 0.05859375 0.06328125
0 0.1984375 0.35859375 0.05625 0.071875
0 0.0578125 0.66484375 0.040625 0.0390625
0 0.28125 0.62578125 0.04296875 0.0421875
0 0.6265625 0.48515625 0.04375 0.06015625
0 0.725 0.53359375 0.03046875 0.05234375
0 0.77109375 0.19921875 0.04296875 0.04921875