0 0.5489122742574688 0.5224484958190283 0.05516234387822046 0.051236498100139014
0 0.5363393369953193 0.42459222406753516 0.07040534190105419 0.04222517401194459
0 0.5666051571475437 0.36285594348232686 0.07684634288963732 0.04705814437666671
0 0.6207780039915137 0.4281185739912853 0.0612850098858317 0.04825696846486114
0 0.6741828241809191 0.7618584475663894 0.08185217787060939 0.05497974715020835
0 0.4965061517475172 0.7304051597629865 0.054143671939110405 0.026236498100139016
0 0.8708058147893791 0.7219458816463201 0.07716467787060921 0.05487064437666671
0 0.5721017179454089 0.6509917231176046 0.0644100098858317 0.04832970364722229
0 0.8344319857027251 0.3464549191653826 0.05053851087441501 0.0526898953265972
0 0.9420707307598091 0.3255449667524314 0.04371550790866543 0.03848192496187508
0 0.38752508258387613 0.7949923769935767 0.09744268577927465 0.09280705547083343
0 0.17149422288832478 0.6650827521842015 0.08009867688202613 0.05025587955902786
0 0.5006538463868595 0.46825065187920173 0.03421317391627667 0.03513871941479181