0 0.23692922311760461 0.5382638587155222 0.06667966014423624 0.04760417549789579
0 0.38171178020395863 0.37604905699409086 0.03695579255305557 0.04500496515360961
0 0.4782231042921531 0.35704110744957784 0.04433188145888885 0.026527783665263982
0 0.5308792448690977 0.5365996326773212 0.05112739532659738 0.05018353847458741
0 0.20220677137024343 0.42375741461330474 0.06057513050895835 0.05363592068857255
0 0.17382589181121558 0.3465599975529293 0.060247822188333355 0.039573420688572544
0 0.2225523729095141 0.25650542722717645 0.03713763050895835 0.0528174651536097
0 0.2983765226045144 0.5916319061757842 0.054288762917777775 0.05185516587924912
0 0.3630014138470491 0.5463714806778883 0.06380923328249999 0.05843254809323426
0 0.39619446713368095 0.49438982922660946 0.06053876291777778 0.05207342068857255
0 0.3686007164680909 0.7197544169755574 0.06032055737069451 0.04269842068857255
0 0.4434000415062158 0.6749205774125109 0.04178876291777769 0.05141865626060209
0 0.4636203161075005 0.6030629355798789 0.04284211664125 0.029598219962933214
0 0.631602677430417 0.362631364621154 0.041679660144236054 0.04673115626060227
0 0.17822832997520888 0.6364855931064255 0.0793251305089584 0.05429068511654282
0 0.2508994977188893 0.46662447169221366 0.041279616641249996 0.02954365626060227
0 0.5225725163362502 0.3476735419331484 0.044513719414791805 0.03434028366526398