0 0.259902949458917 0.7020142966263656 0.05968926051544958 0.06627952800763595
0 0.2662061018791947 0.9392961206238202 0.06199538896415202 0.05069089067472703
0 0.42589419889309016 0.49942400393859376 0.06585737336031983 0.06478975334181776
0 0.6754681529861045 0.4301541939051862 0.13205558344622795 0.0764908693507266
0 0.6042504929910534 0.6121223565802312 0.05040279172311415 0.038063621339908774
0 0.7914317469477823 0.28826559122377776 0.06651247060135787 0.07728975334181776
0 0.9141609972864664 0.06197471654205119 0.05821529172311415 0.03815452800763601
0 0.7764895839005133 0.7670536625557325 0.08172803482570927 0.06965906667727229
0 0.8572725101767652 0.1493025412158236 0.05590916327441135 0.05374316534054513
0 0.42035136929204925 0.9031484406031393 0.07687676051544959 0.06647952267663584
0 0.17286329489093274 0.7389426793045922 0.09012038896415206 0.051018154678545