0 0.8320017966708637 0.21595067906965734 0.028997753246410695 0.05130994292790545
0 0.7363017386359143 0.0998654526433059 0.057340941558013725 0.06511988585581086
0 0.7019047881461516 0.4994994255550006 0.03365797970746058 0.04996576674922295
0 0.6724530673671449 0.46690309532354235 0.019459112012708956 0.04149829528527036
0 0.759791200483172 0.5958693114108116 0.02543637662320535 0.026164393713693813
0 0.7464923595737816 0.6389643399468589 0.035138659090609536 0.045351041356328815
0 0.6586611229664621 0.6606338246453779 0.038018197240056395 0.03143409057054072
0 0.6826713672844194 0.6945379437519656 0.033385244317957155 0.03434076674922295
0 0.7429327573003054 0.7480846288219883 0.0334670649348082 0.03902826674922295
0 0.7883231237772412 0.7993774551245052 0.03810001785690744 0.03612159057054054
0 0.8256009813257231 0.8331189083914928 0.028670470779006862 0.032559942927905185
0 0.47372919520816625 0.4412544702210985 0.038672762174864775 0.06893409057054072
0 0.45283249391092006 0.227953949542934 0.026090941558013548 0.06366439371369373
0 0.4474240194784652 0.3205952138109577 0.05057274431795715 0.035141287427387445
0 0.4046285933417272 0.3732450248119936 0.03511138555165925 0.043788541356328814
0 0.343013209007884 0.28684945243841814 0.035138659090609536 0.045351041356328815
0 0.22549447240056458 0.30713621960192594 0.032013659090609534 0.04520549214211709
0 0.21039735227018092 0.38137208622731433 0.031686376623205434 0.026455492142117086
0 0.2149621213449044 0.37455916004863193 0.036782979707460584 0.050111315963434676
0 0.1601536647693571 0.4992466368892682 0.02902502678536125 0.052872442927905536
0 0.37044628246410877 0.516847321545006 0.03187729139585782 0.03739299214211726
0 0.43946901785361214 0.5356744042576638 0.034865923701106104 0.029726041356328815
0 0.38843439772322846 0.6082364549196175 0.0350295649348082 0.03910104135632882
0 0.34592534374546896 0.6772925159206535 0.028725017856907443 0.03568494292790554
0 0.32415984334172715 0.369497132546042 0.025736385551659247 0.043351893713693725
0 0.35118203936396764 0.4417916635632887 0.033685253246410876 0.05152826674922295
0 0.48384235510955464 0.6181444559530748 0.04454093262956001 0.047350188998963996
0 0.26305611687738223 0.8490711625298314 0.039635244317957154 0.0346318651776464
0 0.4980060409855255 0.7140391528099217 0.022365923701106107 0.029143844499482086
0 0.551010489850435 0.5307215386657325 0.032122753246410875 0.05145549214211709
0 0.5883974415547183 0.5707129919327201 0.03204093262956 0.046767992142117264
0 0.6092202305149442 0.6903362872179905 0.04448638555165907 0.044225188998963993
0 0.5647747552717105 0.6484548482190264 0.02258411201270878 0.04164384449948209
0 0.6211532146866315 0.7478769594677315 0.044077282467404014 0.020787688998963993
0 0.6462680373320775 0.8450623285743193 0.025490923701106106 0.029289393713693813
0 0.6089083591667445 0.8066333753073316 0.03198638555165907 0.04364299214211727
0 0.6767279155834313 0.17515224296617746 0.03061480032431163 0.05450771753501131
0 0.7733728648520826 0.3006488566960818 0.033412517856907444 0.03590326674922304
0 0.7474864748361967 0.24870321298238815 0.03346706493480802 0.03902826674922295
0 0.7014842280826075 0.2965199747692124 0.025518197240056394 0.030851893713693724
0 0.8036036558409034 0.5120422750168814 0.033521612012708604 0.04215326674922295
0 0.8303276172844193 0.7014151441234693 0.03804547077900651 0.03299659057054072
0 0.8437140073003053 0.7527785909803162 0.03530230032431163 0.05472604135632882