0 0.6484375 0.30390625 0.03359375 0.06484375
0 0.32578125 0.29921875 0.04765625 0.0765625
0 0.39296875 0.65234375 0.06328125 0.05859375
0 0.540625 0.33359375 0.0734375 0.09296875
0 0.68828125 0.41796875 0.04765625 0.0671875
0 0.3796875 0.1734375 0.0484375 0.0796875
0 0.44140625 0.296875 0.06796875 0.0828125
0 0.4921875 0.503125 0.05390625 0.05390625
0 0.4171875 0.4296875 0.03359375 0.05703125
0 0.359375 0.4046875 0.03125 0.04375
0 0.32265625 0.52109375 0.05546875 0.0484375
0 0.53203125 0.66640625 0.0859375 0.075
0 0.73828125 0.36640625 0.0453125 0.06015625
0 0.40859375 0.74609375 0.02734375 0.0328125
0 0.49609375 0.74453125 0.03515625 0.0390625
0 0.4109375 0.796875 0.0578125 0.046875
0 0.640625 0.48984375 0.0515625 0.0453125
0 0.6984375 0.17890625 0.05078125 0.05703125
0 0.603125 0.19765625 0.03125 0.0828125