9 0.10133718179831375 0.7138392999073327 0.09398634933607006 0.04389882213985139
9 0.0908445885123679 0.7712971358421822 0.05336134933607006 0.042480165879248945
9 0.29428775108015454 0.7237029171451935 0.057994307181592396 0.0332688569862416
0 0.16708892594458127 0.8286582572563941 0.07837953005422929 0.04647818511654265
0 0.3432065192305271 0.7769841737686154 0.08470225292686617 0.05919643992586625
5 0.1522219291660351 0.9664484339354165 0.06275453005422929 0.04593254809323426
1 0.1518432593697739 0.22565974282842385 0.11151928298109551 0.10387402286549072
1 0.2500262293155446 0.27284725607526783 0.06308178298109554 0.10218254809323427
1 0.3492671843323965 0.40680808302444255 0.09731133723582168 0.07838294954451311
1 0.18401034387512102 0.33774308057737185 0.09273292154477705 0.09696925843752044
9 0.2853768802740621 0.5092857530800429 0.0816136143631847 0.06533731252120453
7 0.21831366276417832 0.08263891832631982 0.08026019262201593 0.10122024881887363