9 0.7289815773417926 0.5115127345640047 0.08732293758467105 0.05723179201145392
9 0.5794219906162041 0.46016041458468554 0.07063340456798421 0.036737478675999566
9 0.7210949977407518 0.9152644432288686 0.07704717887824372 0.039935204010181025
9 0.6713340151536062 0.8814894272358682 0.06767217887824373 0.03982611600890849
0 0.4555529641582382 0.7379956079328667 0.11610967887824372 0.040389737348817435
0 0.5122024338550848 0.6850246019255489 0.08320864767057934 0.06811474801081766
0 0.5666918600197951 0.7179638239179129 0.07794793758467122 0.05712270401018138
6 0.9343374626879001 0.5559696172024606 0.07433161465389233 0.04771134134309048
0 0.49684194821572164 0.9483240332590942 0.17917624491161738 0.08172380935709
0 0.6182289473112105 0.9711155485757768 0.11471095318850325 0.043496556015271894
0 0.5889685724805526 0.8590246285805495 0.13081398801421235 0.11239200668363551
0 0.8146623705352447 0.6494934452180507 0.17235303482570927 0.07071358402290802
0 0.7096163444159629 0.7022468225652774 0.1849216338757696 0.13176017202418072
8 0.620427691657001 0.6907922492441404 0.048021420171816584 0.022420440006363406
8 0.8726076673467414 0.6909809638765512 0.06742651741285463 0.03513861600890866
8 0.553260123814605 0.7805820025859582 0.07087906603337366 0.04142497867599957
6 0.9315587799644691 0.26633495253823314 0.11313516508343398 0.10281701201463563
6 0.8362982688831926 0.13236957988545983 0.1843484237898611 0.12082267202418073
6 0.6852104816826343 0.05518020462684274 0.20926653663473135 0.11036040925368548
6 0.40312059871137607 0.1592717186107753 0.06355788896415202 0.05070907200827235
0 0.29600198100526576 0.5048393046228657 0.12102955223856356 0.10447041868236298
7 0.12095215061125542 0.2843557239815463 0.07974945499752559 0.09149770401018138
7 0.1905387115562463 0.1633068799729558 0.0722578595655099 0.12732611600890867
7 0.02425915394638658 0.21135512332909112 0.04851830789277316 0.06936816534054513
7 0.037069552804390504 0.097165353994273 0.043825243102595036 0.03174089600572701