0 0.23892353530972646 0.5738181378701718 0.07020835099579195 0.13392401384016442
0 0.5325793099893158 0.43165844866803693 0.09844247840045366 0.1381950197716634
0 0.14448405454702015 0.5449344511023139 0.05596231252120454 0.08341467787060922
0 0.49264382386913186 0.20862285528410807 0.10478175843752062 0.09632585475263547
0 0.326934455998299 0.5179448226608633 0.08834328130301125 0.20643568380210836
1 0.654139307542245 0.60247230885788 0.07031747840045348 0.1370490138401644
1 0.5417285544622021 0.8865833706071473 0.05694445916315978 0.11153967787060921
1 0.4571725051878415 0.8659260193145528 0.06664684137714509 0.12129667984777584
9 0.36421377822296835 0.100117994105682 0.05478175843752044 0.09428851087441492
9 0.2172766806857375 0.7904326349044222 0.05752481252120454 0.08347834486680376
0 0.33772316697555743 0.3658239071475437 0.13307044954451303 0.10215936068413445
8 0.6384548316736802 0.24507630292638086 0.04905754809323426 0.0644100098858317
8 0.5829414416551467 0.2216905410633828 0.0488938569862416 0.0597225098858317
8 0.3204264733366761 0.8611364071475437 0.055853185116542824 0.08028967787060921
8 0.26124500172928056 0.29307747383972693 0.044588302902557685 0.07046900889724857
8 0.35764877577589765 0.26571116060758476 0.04549603847458741 0.051782675893442945
8 0.41189233167368017 0.23584458847819412 0.0525099303072194 0.07391234387822054
0 0.4615227655242786 0.40529226684309505 0.052837312521204535 0.08328734387822045
0 0.46143597468743847 0.29575809935260905 0.07180556733052797 0.09030134783255325
0 0.16908969574667995 0.646861707033813 0.0710615228654908 0.11367518083635879