9 0.4885250559755011 0.17475981126673032 0.11032042934436319 0.08252269334818112
9 0.21648697131604627 0.12480745397041046 0.09433180267345423 0.05109088001272668
9 0.7487667392186872 0.8357042125636867 0.10372498400699967 0.05276246801399935
9 0.6469411572247322 0.7923638399109132 0.08811816534054522 0.054143154678545004
0 0.2077530299172765 0.6068750666375013 0.17705339600572695 0.04424199069063519
0 0.26205072593095774 0.5054756512969563 0.0949681493475448 0.10577838001272663
0 0.37091664859168527 0.5479529579487752 0.09160679201145401 0.08542951734563572
0 0.07265767787241496 0.9388710486553187 0.10410679201145404 0.08557496801399936
6 0.8475909733052287 0.19714060455127802 0.10390679734245438 0.06838746801399935
0 0.4147906338717786 0.9395768366088664 0.25432496801399934 0.10607037603436212
0 0.6232389332034151 0.9496496285805496 0.16466248400699968 0.05347154002227157
0 0.5003025145608231 0.773760385264185 0.14420562802354447 0.17509200135263542
0 0.7181472792807296 0.37909113323523175 0.2540886106779087 0.08575787603436211
0 0.5871870859325485 0.48997518391950373 0.2241294853596351 0.19633174936345305
8 0.4371870859325485 0.4917205919398664 0.06597044533736351 0.030451116008908662
8 0.8369967292727756 0.4362940112190053 0.09427725867281786 0.046403380012726814
8 0.391555317910595 0.6539484192791388 0.09127952800763603 0.05730451734563573