9 0.5914462344267459 0.21678889042621843 0.11283319994353036 0.06128414772652384
9 0.5817534450347942 0.30280821104306943 0.0644867052052021 0.06200116801906326
9 0.8097335028425974 0.20751548174264597 0.07148015785015574 0.048075035713814974
0 0.6670924345820377 0.3785837325534249 0.09132222099021767 0.06715231818121907
0 0.8671295029131846 0.2806569269541076 0.09857327886860787 0.08444891233702041
5 0.6527814926721895 0.5840933928618505 0.07578822625188941 0.06844208279171564
1 0.9183470375375746 0.714476773545541 0.07460515785015538 0.04812958279171564
1 0.9249471060804829 0.8423563116949879 0.05327618942018688 0.057122753246410696
8 0.13308916090451442 0.394928896104966 0.04915013154179624 0.03988070616851021
8 0.16327094261571987 0.5333231944006827 0.031492194681858446 0.058303423701106104
8 0.21145854265807212 0.5769680543847967 0.03710515785015547 0.04747501785690744
8 0.2336212399707665 0.5180470219173926 0.05364021046687402 0.06337275324641087
8 0.268770513718877 0.584552683443634 0.04702618942018653 0.057013659090609535
8 0.1788952135918201 0.45266352962803025 0.034435184158514695 0.055232970779006865
8 0.21241336888172677 0.4801748750016476 0.036013094710093264 0.028725017856907443
8 0.2297821503811707 0.3963629366900449 0.03561825256024882 0.07554547077900678
0 0.29621005816073903 0.274232792209932 0.04059417889684287 0.0537795649348082
8 0.19524346650500468 0.748170898540598 0.09793624203690507 0.07351141233702041