9 0.81953125 0.509375 0.08046875 0.11015625
9 0.87265625 0.78203125 0.04921875 0.09453125
9 0.15546875 0.24140625 0.0515625 0.10390625
9 0.2 0.34375 0.053125 0.08828125
0 0.390625 0.78515625 0.04140625 0.1765625
0 0.49140625 0.73203125 0.1046875 0.09453125
0 0.44765625 0.62265625 0.084375 0.09140625
0 0.06015625 0.91640625 0.084375 0.10390625
6 0.79296875 0.15 0.0671875 0.10390625
0 0.05546875 0.57421875 0.10234375 0.25234375
0 0.04296875 0.365625 0.0515625 0.1640625
0 0.2203125 0.490625 0.1734375 0.1421875
0 0.6125 0.27734375 0.0828125 0.25234375
0 0.503125 0.40703125 0.19453125 0.22109375
8 0.503125 0.55703125 0.0296875 0.06640625
8 0.55390625 0.1578125 0.0453125 0.09453125
8 0.34140625 0.60078125 0.05703125 0.09140625