0 0.04375 0.2015625 0.03359375 0.05703125
0 0.303125 0.58984375 0.0453125 0.06015625
0 0.6015625 0.60546875 0.04375 0.05859375
0 0.66015625 0.76171875 0.04296875 0.046875
0 0.56171875 0.80625 0.0453125 0.05390625
0 0.43671875 0.875 0.03125 0.0484375
0 0.78671875 0.7578125 0.040625 0.05234375
0 0.91953125 0.87578125 0.01875 0.040625
0 0.65 0.26796875 0.05390625 0.0765625
0 0.8265625 0.28359375 0.0390625 0.0484375
0 0.51796875 0.04921875 0.0328125 0.0359375
0 0.525 0.321875 0.04140625 0.04921875
0 0.13515625 0.6 0.04765625 0.05234375
0 0.72578125 0.5453125 0.040625 0.0453125
0 0.79609375 0.88515625 0.0359375 0.04921875
0 0.47734375 0.94765625 0.028125 0.0328125
0 0.6328125 0.878125 0.02265625 0.05390625
0 0.3375 0.84765625 0.0484375 0.06171875
0 0.93203125 0.27265625 0.02578125 0.04375
0 0.3015625 0.91953125 0.0359375 0.040625
0 0.05390625 0.03671875 0.02109375 0.04375
0 0.9109375 0.575 0.0328125 0.0421875