0 0.4859500937769251 0.26357005796715927 0.04722043364502539 0.05964771077238851
0 0.49014216920708603 0.34869903688992043 0.03154089149054773 0.050181807181592396
0 0.5045132205349458 0.42986267847866405 0.03146816861791084 0.0376818071815924
0 0.4457058470965748 0.4669223169441497 0.03470225292686635 0.05644998789975162
0 0.398994473560008 0.4390700277165383 0.028352258976990362 0.039226126463433174
0 0.39874500956616565 0.3476683228960781 0.040906801131468204 0.048673849336070066
0 0.27661145521324365 0.25853816608382807 0.05032725292686617 0.05654089149054773
0 0.18802918160192203 0.5793551810127469 0.040897710772388504 0.047111349336070064
0 0.263124630372258 0.5625125937769251 0.023655668617910842 0.037636355386194253
0 0.3403189103282914 0.4534734161820239 0.044131795081343926 0.06587953005422928
0 0.47230873283158603 0.5941069856602563 0.03626475292686617 0.05645907825883114
0 0.21833937119887584 0.4721512141902341 0.04863748789975162 0.03465680113146803
0 0.23043537110068 0.407239286497137 0.040797716822512695 0.029923849336070063
0 0.6976536455957645 0.6677934287732517 0.04405907220870695 0.05337953005422928