3 0.7312415082650343 0.4626092267559911 0.06867987765916687 0.13354167549789597
3 0.44633656535138844 0.609819010336437 0.09687761284152785 0.13764882213985138
3 0.8259721268061455 0.49093761259817337 0.05501611474138883 0.08310516587924895
3 0.4818882863817008 0.8292064165970393 0.10370818787965277 0.09573414065150558
3 0.6439220398001732 0.518983223127794 0.08597778685347243 0.20596231252120453
1 0.3158892651988885 0.43637653193598347 0.06875261284152785 0.13666667549789596
1 0.4249428357717012 0.1516692044386545 0.055670731382639005 0.11123016587924912
1 0.5096990422687151 0.17183042621568614 0.06526393692972228 0.12093254809323425
9 0.6115192753637839 0.9369420494439966 0.05370818787965277 0.09398810217691818
9 0.7503591034391317 0.2459128000769688 0.05657861474138901 0.08315972958157988
3 0.634907449660069 0.671136000169636 0.1319422906531944 0.101403787293461