0 0.24921875 0.56171875 0.21875 0.25078125
0 0.18671875 0.40078125 0.196875 0.20859375
0 0.04609375 0.35078125 0.09140625 0.25078125
0 0.41640625 0.021875 0.1078125 0.04375
4 0.4 0.3328125 0.15859375 0.1796875
8 0.69453125 0.12890625 0.0703125 0.1328125
9 0.4046875 0.878125 0.075 0.02265625
4 0.3 0.85 0.115625 0.0390625
0 0.35625 0.89921875 0.16171875 0.05625
1 0.2140625 0.79453125 0.0578125 0.01640625
1 0.20078125 0.77734375 0.04140625 0.01484375
1 0.18046875 0.8828125 0.0640625 0.01796875
8 0.54609375 0.9578125 0.08125 0.02421875
8 0.340625 0.96796875 0.09921875 0.03046875
8 0.1484375 0.95546875 0.10234375 0.0375