0 0.0859375 0.1421875 0.0484375 0.0765625
0 0.1703125 0.42890625 0.0453125 0.05234375
0 0.28984375 0.80546875 0.0609375 0.0828125
0 0.446875 0.88984375 0.05234375 0.05546875
0 0.60078125 0.73046875 0.04140625 0.0765625
0 0.73125 0.11796875 0.04375 0.05859375
0 0.890625 0.5078125 0.0578125 0.06640625
0 0.94375 0.45703125 0.015625 0.05546875
0 0.75703125 0.51796875 0.0328125 0.0328125
0 0.1265625 0.4453125 0.04609375 0.046875
0 0.9390625 0.21484375 0.05625 0.06875
0 0.38828125 0.9375 0.0453125 0.05546875
0 0.23828125 0.65859375 0.05625 0.05546875
0 0.18828125 0.53515625 0.03828125 0.040625
0 0.1984375 0.61015625 0.0375 0.034375
0 0.875 0.3859375 0.0328125 0.0421875
0 0.61171875 0.10234375 0.03359375 0.06328125
0 0.38203125 0.10546875 0.08046875 0.05234375
0 0.35859375 0.19453125 0.03359375 0.0703125
0 0.52421875 0.9296875 0.03828125 0.0359375
0 0.184375 0.4671875 0.065625 0.0484375
0 0.02890625 0.16953125 0.0296875 0.15