0 0.26431211258754905 0.5891222770698266 0.05977498933799978 0.035756968464861136
0 0.24108315058086757 0.6378136969977085 0.04418635200509069 0.03851829255305574
0 0.4272950126114116 0.417086888961424 0.05992044000636341 0.04825696846486114
0 0.3848524265993213 0.5051856477951392 0.03651930267345431 0.05083645459715278
0 0.40439057789627747 0.7736817278672573 0.03793635200509069 0.03837282218833345
0 0.3474716999522749 0.35974520801562526 0.0504727146721816 0.04178876291777787
0 0.40401260128900207 0.33605444129812534 0.044331802673454136 0.051018292553055566
0 0.3469364452975926 0.2714275904244447 0.05995680267345431 0.051381968464861136
0 0.8255501519335031 0.5091913085080563 0.04418635200509087 0.03851829255305574
0 0.7790671452896384 0.340095163181459 0.05356135200509069 0.038736498100138926
0 0.6023404659452752 0.4172538091736463 0.04411362667090888 0.032268292553055564
0 0.6700472286362287 0.23987499800322976 0.056649989337999786 0.03568423328249999
0 0.5579108553071375 0.20600653143822964 0.09433180267345413 0.05218205547083343
0 0.3774511959739103 0.20102482465687532 0.09436816534054522 0.055307055470833436
0 0.2311167098981865 0.7555824252462155 0.0725840720082723 0.06261040919430556
0 0.8147939179265034 0.5605174191653827 0.036228401336727244 0.02583645459715278
0 0.810278593252731 0.6127702501874313 0.04414998933799978 0.03539329255305575
0 0.582190503262276 0.5371298980794796 0.04578521467218159 0.041679660144236054
0 0.6905062739895005 0.09343640909739641 0.05043635200509069 0.03866376291777782
0 0.672709699315728 0.14538011559441028 0.06597044533736351 0.031214938829583393
0 0.6588466466422739 0.19507099106937556 0.0598477146721816 0.04200696846486118