1 0.5777395864367113 0.31955654144613127 0.04200771753501122 0.031342841901054186
1 0.432743917701627 0.20148165657889003 0.04491439371369381 0.026782675893442943
1 0.246808455957584 0.46014302665456464 0.05763271753501122 0.03197951186299815
1 0.18731363957986452 0.34794145699663187 0.044914393713693726 0.026782675893442943
1 0.06888466315351308 0.44633914771882244 0.04803939371369372 0.0269100098858317
1 0.32818904259918313 0.40380284334674793 0.04484161910658786 0.025220175893442942
1 0.6590579371414463 0.6663586041839817 0.04320634449948209 0.023594008897248563
1 0.8797535808551402 0.6324133912186698 0.03837329528527036 0.02027800790866543
1 0.2710187055432992 0.30866143969642634 0.04298802067816441 0.018906508897248563
1 0.30254914950466194 0.1841734342592189 0.04200771753501122 0.031342841901054186
1 0.24212753391273076 0.07512869809938334 0.051018844499482 0.02391234387822052
1 0.19044713999414925 0.4983088715213683 0.04520549214211713 0.03303267589344294