1 0.5838565454765275 0.7247065159251627 0.12482143992586607 0.09005141935425698
1 0.6268203170760739 0.8568618904084339 0.061775802902557686 0.07151543507002245
1 0.6406249337657804 0.46154939040843407 0.07469246515360979 0.0393579065339754
1 0.5906496932996093 0.7758687555860805 0.0900099303072194 0.07595037799792799
1 0.603256364621154 0.593546407157657 0.08370536660488845 0.07409677956950453
1 0.6904959258764141 0.7532788180348586 0.061830366604888456 0.07307793507002244
1 0.6950767876719792 0.6891071561241997 0.10201885698624161 0.06247007485477489
4 0.12272319346924528 0.1487199822173197 0.09927580290255764 0.07326202564056317
8 0.26362346806401654 0.3129729191493691 0.07265873920022684 0.07046235731976358
8 0.2303521549946579 0.19362575971990967 0.05432540145127884 0.03684933664159917
8 0.14985857922660947 0.3767700535574379 0.060902783665263985 0.04651543507002263
0 0.038390360846106815 0.2792486983045889 0.07678072169221363 0.08674232878371627