1 0.58828125 0.0390625 0.078125 0.07734375
1 0.07890625 0.19296875 0.03671875 0.05234375
1 0.0921875 0.55859375 0.04609375 0.09453125
1 0.61875 0.73671875 0.07578125 0.0953125
1 0.8546875 0.18515625 0.0609375 0.075
1 0.4625 0.3234375 0.040625 0.078125
1 0.1890625 0.24453125 0.03671875 0.06171875
1 0.8546875 0.50546875 0.046875 0.071875
1 0.60546875 0.3921875 0.03515625 0.04140625
1 0.4703125 0.6453125 0.03828125 0.071875
1 0.22109375 0.72109375 0.04609375 0.0703125
1 0.4046875 0.428125 0.0359375 0.0640625