1 0.7401406721037225 0.7598082119507389 0.07634541868236297 0.11606133723582168
1 0.6433560314289956 0.7009922690341354 0.03368520401018138 0.0751908975406721
1 0.5368520401018134 0.7469274586310892 0.03820907200827221 0.061155668617910844
1 0.6047726000556792 0.4066655521134268 0.04149770401018138 0.07523634933607007
1 0.6726038953691802 0.2601672811343838 0.04287839067472703 0.05962043969514967
1 0.4474675353675893 0.24975754284184876 0.02892497867599957 0.06891362646343317
1 0.34835732602640784 0.1925177354638647 0.03194089067472685 0.059556807181592356
1 0.3704361520925866 0.6799222866935286 0.024110209341181486 0.05794885538619425
1 0.2144861440960865 0.7066125726014905 0.028597714672181595 0.040788626463433175
1 0.20070490742358676 0.6637210906536672 0.028706802673454223 0.05016362646343318
1 0.32113613343408626 0.7403694281840765 0.030269302673454224 0.050172716822512696
1 0.3224344567552232 0.650512042645457 0.031722714672181594 0.040806807181592394
1 0.9498894841263124 0.9250054441931498 0.03501134667409076 0.05488748789975162
1 0.7858135147199066 0.38764232046019115 0.02896134134309065 0.07203862646343318