1 0.6034099836605525 0.7444112972426554 0.11156254631872749 0.11715405925034225
1 0.8423138943328663 0.24695230938335633 0.16786401199171194 0.35441001834240005
1 0.5115649319651414 0.7040567333734595 0.141613919354257 0.12583037727617336
1 0.5720229348606256 0.591209740895307 0.07624147642635144 0.09584134890464338
1 0.44829002832665027 0.5212729771052534 0.04346320967712849 0.06211956677218975
1 0.36965129797135743 0.44533025422314215 0.12824062406898662 0.10671666442319179
1 0.3787823571103666 0.6077847901165194 0.1306764193542568 0.1255121285298145
1 0.49266292059260197 0.6005596603330637 0.11348891935425698 0.12501202335696499
1 0.6674617133966729 0.5743511983380121 0.1279538337461151 0.16756323620994634
1 0.775304138541898 0.471077782661179 0.1319863622821625 0.1536371285298145
1 0.254991638541898 0.4862173301665319 0.11221751778268026 0.13121655925034226