1 0.3752954366700876 0.04861170809101196 0.06462610226293623 0.09722341618202392
1 0.23006929508134394 0.06428871721529619 0.06299087939029935 0.08473861436318471
1 0.31534424063022615 0.21848533782499685 0.05052724082661779 0.09091589149054773
1 0.22317037616884555 0.22136541901069426 0.053624969749378956 0.08624657220870695
1 0.12031354176169425 0.268059132709949 0.05823065651766242 0.07221134328594588
1 0.10369873438371018 0.36659662665982484 0.07395565046753819 0.08948974687674198
1 0.20503397540671972 0.3269432533196497 0.048810204722264314 0.0643443011314682
1 0.3001470083878153 0.4263932865953328 0.15726812021691713 0.1759090359079618
1 0.5995369125677866 0.05302850946796976 0.0584488251355733 0.10605701893593952
1 0.46093854176169424 0.2660774344305924 0.06468064441741408 0.10662270472226432
0 0.29509030708339645 0.09438021731349207 0.05536018657189175 0.11594316256778661
8 0.8729300025340828 0.3105571248131131 0.07289312021691714 0.17541815651766246
8 0.8220845991396782 0.16553551630366087 0.05537836729005079 0.11906816256778666
0 0.7235334696511831 0.1465769589256768 0.0712942587805987 0.1691590661585828
1 0.9003727047222643 0.06149901873954781 0.03824540944452863 0.12299803747909561
9 0.13783894769018148 0.7289102742986927 0.08012383723582164 0.07546360831306043
8 0.12144230893010821 0.8649477682485684 0.10367042154477706 0.09434996369925486
8 0.37915936015977225 0.8470416090004316 0.13184996369925467 0.10388859016268803
8 0.8147009086589618 0.6421571036376784 0.05518746974937905 0.08625566256778647
8 0.6555304417382531 0.6782405702637995 0.045894282981095456 0.10026362041330898
8 0.8280831943705318 0.9280264259445812 0.044149975799503235 0.06900453005422946
8 0.9281821465587132 0.6758730526044061 0.04418633723582133 0.07525453005422947
8 0.8945030799091512 0.9299838356836976 0.03786361436318479 0.06271816861791066
9 0.6873854714978949 0.9163445582617469 0.03946247579950324 0.06897725897699054
9 0.6704247095940381 0.8211275070320829 0.02529089149054773 0.05014544574527378
9 0.7643070406815398 0.9776178806668454 0.04864657825883114 0.036219301131468026
0 0.7065894685710286 0.8599809287732516 0.03806360226293624 0.09709316861791066