1 0.4305541015333045 0.6335619861226546 0.09005141935425698 0.12531301779449713
1 0.1503956048430734 0.9061996259699928 0.06359592721213972 0.09304434585538672
1 0.3866609379655067 0.035709417947596515 0.06413958271265781 0.07123301285158126
1 0.5327610343270155 0.21378138532435176 0.0575642510334573 0.0974771778706093
1 0.5003915283311595 0.38976822376536485 0.051494033498445904 0.06759867688202607
1 0.6993341424753486 0.4378051812562883 0.06032537799792799 0.08979201186299815
1 0.7043385895370833 0.03372909458247686 0.05036818114108108 0.06745818916495372
1 0.7612392528954841 0.07970883836665098 0.048043701819245575 0.09397017589344296
1 0.723165324859284 0.8134617558571369 0.06592040653397539 0.07598417984777583
1 0.692835661915168 0.9121685112943443 0.06664815260503384 0.09160917984777583
1 0.5899097150583211 0.9288386995450771 0.06592040653397539 0.07598417984777583
1 0.8015043405750498 0.8726510720550287 0.06388702564056317 0.09929434585538673
1 0.8786276127009562 0.9077171387472118 0.05080482878371626 0.0862850098858317
1 0.263180472706807 0.426725690190718 0.06715757485477489 0.10254667984777566
1 0.03756415839600212 0.13102982410655703 0.05778257485477487 0.1021646778706093
1 0.44289993610798906 0.7702979821683218 0.07409677956950453 0.08411501482874754
1 0.6603529174967393 0.5883291046782734 0.05661818114108108 0.07716467787060921