1 0.49921875 0.29140625 0.0640625 0.08046875
1 0.38515625 0.3828125 0.06015625 0.07109375
1 0.39375 0.228125 0.04921875 0.07265625
1 0.3234375 0.29140625 0.053125 0.07109375
1 0.2296875 0.334375 0.05546875 0.06171875
1 0.18203125 0.28515625 0.0703125 0.07578125
1 0.27265625 0.23828125 0.046875 0.05390625
1 0.30703125 0.11015625 0.15 0.153125
1 0.48515625 0.09609375 0.0640625 0.08671875
0 0.42265625 0.31953125 0.05703125 0.09140625
0 0.846875 0.084375 0.11953125 0.12421875
8 0.93515625 0.20859375 0.1046875 0.1296875
9 0.74296875 0.0640625 0.1234375 0.128125
0 0.35078125 0.79140625 0.08203125 0.14375
0 0.47890625 0.85546875 0.0953125 0.1375
0 0.3046875 0.959375 0.084375 0.08046875
0 0.40703125 0.53515625 0.0859375 0.125
1 0.46953125 0.97890625 0.0421875 0.04140625
1 0.45390625 0.93046875 0.046875 0.07109375
4 0.71484375 0.83828125 0.225 0.27734375
4 0.77890625 0.61875 0.18203125 0.23203125