1 0.0812600880700167 0.2669687766550005 0.09829322402541767 0.08237724267981754
1 0.16604991964391633 0.15272391597709195 0.09812958279171564 0.07300224267981759
1 0.2245794399364558 0.20047052530236503 0.10120003571381497 0.06991360534690845
1 0.3074543952941871 0.28542623329091105 0.08590231818121907 0.08848179201145401
1 0.3764049926963994 0.2283853452816842 0.05098184740221221 0.056831802673454224
1 0.5092487203752649 0.2697995912635487 0.02948867694751698 0.07845226400381797
1 0.3664181124197459 0.129302955283275 0.12318412986961631 0.0764181440165447
1 0.43351588352306425 0.044164339274366346 0.05728639448011297 0.060029528007636015
9 0.28384793101129735 0.6981171372931382 0.08557503571381497 0.06973179201145392
9 0.16847807549141028 0.640096646642274 0.07145798863591431 0.06644316000954512
0 0.25656050243892725 0.5609625826305017 0.08988070616851021 0.04791133601209037
0 0.409555268674277 0.7903853586091845 0.08993525324641087 0.05103633601209019
0 0.42832285958366745 0.8339080919398665 0.06806025324641088 0.05078179734245438
0 0.42847859253753884 0.7354887732734119 0.07894320616851011 0.04778406667727229
9 0.7294384894499885 0.274267273233641 0.03842730032431163 0.05356135200509069
4 0.7768140957806545 0.20029342389405036 0.06704322402541774 0.08201361600890866
0 0.6932924837679456 0.24188203457195892 0.0957409683433749 0.11515338001272664
1 0.8693112873386681 0.13672981588164182 0.0257091120127086 0.04091590133672711
1 0.8991760653418452 0.12622812054427837 0.025490923701106283 0.028415901336727112
1 0.7220095933450225 0.11813545190168635 0.032013659090609534 0.04411362667090888
8 0.5948532094182164 0.3773751865850038 0.04160684740221221 0.056722714672181596
8 0.5785851014626973 0.23540586258754911 0.05122730925276535 0.07089430267345423
8 0.5996942625819017 0.10003143658500376 0.06375458279171564 0.0726022533418178
9 0.8023564233006596 0.7506655938892779 0.18913641233702058 0.09593176002545327
9 0.5813251286583909 0.8391575712524129 0.13625687418757337 0.10937609468490841