1 0.15316003622258173 0.6211091611192044 0.07360263605166191 0.06062958279171564
1 0.18321491224511374 0.768434174511885 0.08909124373179385 0.056214818181219074
1 0.416283476510021 0.8349706582765354 0.06694345909205772 0.046457988635914306
1 0.7496389164682558 0.43006061038456045 0.12378449247815268 0.06775233603812651
1 0.1648380191338229 0.4588955332781829 0.07609113855894437 0.0388091298696164
1 0.046031846330853866 0.5622369472400564 0.06064799498543507 0.04478639448011279
1 0.12262177540202905 0.40349892126547415 0.07912521034569897 0.03573867694751698
1 0.45917642319868046 0.054866146912449607 0.08582985141192587 0.05147277110331836
1 0.7710232053311341 0.09154358116356727 0.07939799498543501 0.04511367694751702
1 0.40401183089144765 0.5474024744291596 0.07461956677218975 0.04190685633066593
1 0.332894314989823 0.8405427739426921 0.057386602665567034 0.04004434740221221
1 0.5558327436652869 0.5320928944768177 0.04769335391920819 0.028943206168510115
1 0.19953361638911357 0.39000521144351596 0.05697742570596294 0.02598184740221221
1 0.11385452916295273 0.3705500535707224 0.04778428213245363 0.03206820616851012
1 0.6258136569013445 0.19989009496328497 0.0635911385589445 0.03859094155801364