1 0.12804162412574205 0.4194648405023534 0.09438632513557321 0.11101141233702042
1 0.13505975946796975 0.28754268465815475 0.05030907220870704 0.05399775324641087
1 0.20095799112120544 0.10742453652459386 0.12907039734428025 0.1647364301939279
1 0.2931136748644268 0.1145024253226639 0.10363406010845858 0.08930005357072242
1 0.2383483859314029 0.2612177382288772 0.07861587939029935 0.08573867694751698
1 0.3535415938751211 0.33745473011120236 0.07691702400410509 0.062273903408566686
1 0.3169404976623089 0.4508899387153445 0.10403403590796181 0.15805005357072233
0 0.038208006246515935 0.3858380884737585 0.07641601249303187 0.18417617694751698
9 0.1836542572284746 0.7985989614435158 0.0877636204133089 0.04683981818121907
9 0.3693826789696434 0.8377820125786066 0.05030907220870695 0.05399775324641069
0 0.27255260988419433 0.9621764689522827 0.183239746876742 0.07564706209543459
0 0.4831023497288536 0.2272047970746054 0.17318401170746506 0.22800008928453738
0 0.5173859252572102 0.37781845170098804 0.10352497579950323 0.07055005357072242
0 0.599826241415793 0.3089378124958809 0.09413179508134384 0.0672614123370204
0 0.5516478166495621 0.2635610827884204 0.08322156615858275 0.07175799756436803
0 0.6323983677810302 0.21652817004436287 0.18371244554888227 0.15787850405718978
1 0.7490070673369331 0.7209583457740638 0.11279089149054791 0.05196369480442442
1 0.9185746787732516 0.7176675247501757 0.08311248184962708 0.053007997564368026
1 0.9530400614832008 0.8370311793765584 0.08478406615858276 0.07178527110331849
1 0.6055883445624921 0.7958065669601078 0.0940954336450254 0.06101141233702023
1 0.6115934257481895 0.7037145243464339 0.11916815651766247 0.07394778896022594
1 0.7815332210259252 0.770749840092021 0.08773634933607007 0.042152318181219076
0 0.46430481441006693 0.772244561685102 0.12842498184962742 0.05379893019392803