1 0.06717242163056847 0.23970651308359248 0.02791098428423431 0.06395608418674961
1 0.5273584809789746 0.6527103731551783 0.01649829528527036 0.01966005261671846
1 0.6125276552956302 0.455561628346263 0.01715326674922295 0.03372255261671846
1 0.5925790283311596 0.44656605994452897 0.023184942927905537 0.029399073663405773
1 0.6784523699351575 0.31839482828979315 0.016643844499482086 0.02278505261671846
1 0.49703755004278116 0.3281962205666947 0.01380994292790554 0.028853042093374803
1 0.4718063019048081 0.5335361679499762 0.019768844499482085 0.022967063140062294
1 0.5966350198541042 0.6622288572995755 0.015226893713693812 0.02581904735504672
1 0.5504171453708327 0.6117514441877482 0.016643844499482086 0.02278505261671846
1 0.5887198201017732 0.5630633152062007 0.020132717535011224 0.030779563140062294
1 0.5811277979758666 0.5242360336361697 0.013664393713693813 0.025728042093374804
1 0.7512498610438172 0.38687108348087784 0.013518844499482086 0.022603042093374805
1 0.6951947218782374 0.17758011249066025 0.01849744292790554 0.029126057878390333
1 0.6125170008285694 0.33805560993041145 0.01337329528527036 0.019478042093374802
1 0.5479322700589918 0.26144063104768606 0.023112168320799497 0.02783657366340586
1 0.49172296546809663 0.19001368110415578 0.01380994292790554 0.028853042093374803
1 0.5355927818458162 0.307724096846819 0.018570217535011223 0.030688557878390376
1 0.5180819884225727 0.5323145731692958 0.01991439371369381 0.026092063140062294
1 0.5562583846174658 0.46951844155691236 0.01337329528527036 0.019478042093374802
1 0.7044968314743126 0.465618438784902 0.0168621683207995 0.02747255261671846
1 0.7498050233687608 0.5356271018967294 0.013955492142117266 0.031978042093374806
1 0.6630157686112499 0.21252425988805917 0.013955492142117266 0.031978042093374806
1 0.6459224679492961 0.15904294411716108 0.013518844499482086 0.022603042093374805
1 0.5561299520286426 0.4890951941877482 0.012101893713693811 0.025637036831702886
1 0.5517378585626179 0.415202667879389 0.016789393713693812 0.02591005261671846
1 0.516853436312877 0.4241380521226083 0.016716619106587772 0.02434755261671846
1 0.44166503763678444 0.5247303153473751 0.016643844499482086 0.02278505261671846
1 0.4459544313504781 0.4999123258707188 0.019768844499482085 0.022967063140062294
1 0.4896808525667618 0.5870629863517103 0.01380994292790554 0.028853042093374626
1 0.5023991763880794 0.5831035284450851 0.01991439371369381 0.026092063140062294
1 0.5952889212162837 0.11927551785115412 0.017080492142117265 0.03216005261671846
1 0.5436365299837893 0.10138309158514718 0.016716619106587772 0.024347552616718504
1 0.6338589997951122 0.434869696747997 0.020205492142117264 0.03234206314006229
1 0.8045824146012551 0.55370153868608 0.012101893713693811 0.025637036831702886
1 0.5617163643535861 0.638260736281123 0.017080492142117265 0.03216005261671846
1 0.4382746720448532 0.4125110364081799 0.015372442927905539 0.02894404735504672
1 0.6440580992569929 0.3336257151638485 0.01359161910658777 0.024165542093374803
1 0.5414852551717957 0.5007761468327016 0.017080492142117265 0.03216005261671846
1 0.4341801391655798 0.23131424431480516 0.01359161910658777 0.024165542093374803
1 0.4682790033097689 0.2897028679640936 0.016643844499482086 0.02278505261671846
1 0.4501796666681697 0.3419178153473751 0.015226893713693812 0.025819047355046632
1 0.735871071754403 0.22930150718663608 0.013518844499482086 0.022603042093374805
1 0.7712390676205738 0.6136456860834789 0.016571069892376045 0.02122255261671846
1 0.736174862905844 0.5928025650650264 0.01402826674922295 0.0335405420933748
1 0.701939065758547 0.40279992036905055 0.018351893713693813 0.026001057878390375
1 0.4417463126581751 0.6743585890248984 0.01693494292790554 0.02903505261671846
1 0.47224737344981405 0.17086186270242174 0.01537244292790536 0.02894404735504663
1 0.6623222557909683 0.2610527651497311 0.01649829528527036 0.01966005261671846
1 0.5823243866843804 0.27989449943530265 0.012101893713693811 0.025637036831702886
1 0.7051240318458161 0.31759816773821464 0.020132717535011224 0.030779563140062204