1 0.375 0.05078125 0.0640625 0.09765625
1 0.2296875 0.065625 0.0625 0.084375
1 0.3140625 0.2203125 0.04921875 0.08984375
1 0.221875 0.22265625 0.053125 0.0859375
1 0.11875 0.26875 0.05703125 0.071875
1 0.1015625 0.3671875 0.07265625 0.08828125
1 0.203125 0.328125 0.0484375 0.0640625
1 0.29765625 0.428125 0.15625 0.17421875
1 0.59921875 0.0546875 0.0578125 0.109375
1 0.459375 0.26875 0.0640625 0.10625
0 0.29453125 0.09609375 0.0546875 0.115625
8 0.87109375 0.315625 0.071875 0.17421875
8 0.82109375 0.1703125 0.0546875 0.11796875
0 0.72265625 0.15078125 0.0703125 0.16796875
1 0.9 0.0640625 0.03671875 0.128125
9 0.13359375 0.7296875 0.0796875 0.07421875
8 0.11640625 0.865625 0.103125 0.09375
8 0.37421875 0.84921875 0.13046875 0.10390625
8 0.8109375 0.646875 0.0546875 0.0859375
8 0.6515625 0.68203125 0.0453125 0.1
8 0.82265625 0.9328125 0.04453125 0.06796875
8 0.92421875 0.68125 0.04453125 0.07578125
8 0.8890625 0.93515625 0.03671875 0.06171875
9 0.68203125 0.9203125 0.0390625 0.06796875
9 0.665625 0.825 0.02578125 0.05
9 0.75859375 0.98203125 0.0484375 0.0359375
0 0.7015625 0.8640625 0.0375 0.09609375