1 0.6577072433959061 0.5027415869785916 0.12285679201145391 0.09218510487264701
1 0.9163078946928624 0.25154453654485287 0.09131589067472703 0.06518251387966068
1 0.056089652052815756 0.39236677513842755 0.06945907200827235 0.0653432001845701
1 0.24226460407381478 0.5588695619970474 0.09593066534054513 0.05923290252860873
1 0.41698279340386046 0.5458653215577713 0.06618862133990877 0.052642941085271386
1 0.4755781854312227 0.751032485345147 0.08815452800763594 0.06185725478036197
1 0.06603955342931377 0.7107360433370249 0.07710794000636334 0.051781347932816676
1 0.11985544410404066 0.7735154480251017 0.09271475867281787 0.05122014342931003
1 0.8534037407701771 0.816620021585458 0.07416475334181775 0.06720608883351815
1 0.9507599987666773 0.7970968684385407 0.08978975334181775 0.06820738433001132
1 0.9620691214194507 0.6955541548357352 0.07416475334181775 0.06720608883351815
1 0.9168491701145403 0.901875203571431 0.09756589067472703 0.06558303207825773
1 0.9560485774585852 0.9785468148486538 0.08492044000636341 0.04290637030269231
1 0.44158116203849823 0.31168008867663455 0.10228975334181775 0.06900842072720588
1 0.13332157733927247 0.0522610117201923 0.10063634667409058 0.06109579117755655
1 0.7954254193984516 0.5303029873477318 0.08206816000954494 0.07551923658176474
1 0.6244242180935412 0.7285636073366571 0.07561816534054522 0.057931218383167504