1 0.27017159943426594 0.03680875702931333 0.2346568011314681 0.05935369106587861
0 0.7932949611651721 0.2495058877133285 0.0597386143631848 0.06526543507002254
0 0.9709664849728853 0.06710441831629037 0.054942030054229464 0.04629711124870502
0 0.8740864189124984 0.19778502997928013 0.059847698672140126 0.08401543507002263
0 0.8608556867682834 0.05416130851532743 0.04391362646343318 0.030162688998963995
9 0.7334154462362532 0.3334592026433059 0.05350679508134402 0.06809933664159917
0 0.6234642501963916 0.15876095553879002 0.0644261143631848 0.06548375889134013
0 0.7623131267580207 0.20195664557121135 0.14111587939029935 0.09092471463952716
0 0.8162426235365668 0.0661497322128105 0.06438975292686636 0.05923375889134015
8 0.2138139350197676 0.8586259449948199 0.10078177088084708 0.13903257485477488
8 0.24575934748935832 0.7405501871369372 0.09738406010845857 0.09201202564056317
8 0.00866036505055576 0.817696922249741 0.01732073010111152 0.06976884449948209
9 0.7112212419067724 0.6559506327509297 0.06598861436318479 0.0655565334984459
9 0.9676388926688982 0.7733908056198433 0.05347043364502539 0.061849336641599174
0 0.7889724954228138 0.9812651362678411 0.07845225292686635 0.03746972746431787
0 0.750282700145078 0.9265927725356822 0.06292724687674198 0.07634848428423453
0 0.7100798809614333 0.9786923500810533 0.04095225292686635 0.042615299837893514
0 0.8254054199926528 0.9089922036767633 0.05968407220870695 0.05589043507002245