1 0.3265625 0.40197760711487585 0.1390625 0.1299144400324213
1 0.30859375 0.29656451509659315 0.1109375 0.07391699710451585
1 0.30390625 0.22490783891791075 0.15625 0.08852746071058579
1 0.234375 0.1039275589341214 0.0671875 0.04531680810555185
1 0.2359375 0.03197978432701554 0.071875 0.056472631926869445
1 0.75703125 0.4280219528572121 0.078125 0.05676373035529281
8 0.8375 0.3188053105912604 0.10625 0.11901117328319835
8 0.8875 0.413351523163873 0.071875 0.07366013192686935
0 0.91015625 0.25917129136083805 0.059375 0.08557793507002262
9 0.12578125 0.7160166441279785 0.1328125 0.14681084160399785
9 0.053125 0.8678381633584008 0.090625 0.1292209272121397
0 0.434375 0.5578936592245716 0.134375 0.1828211162111039
0 0.4375 0.8218106100103599 0.0890625 0.12758565260503402
0 0.2796875 0.5541608453280515 0.084375 0.10549232878371625
0 0.33671875 0.9077545721686878 0.0671875 0.10156680810555159
0 0.0203125 0.7763976801076239 0.040625 0.14876713978475226
0 0.165625 0.9719733916467792 0.15625 0.04790246071058561