1 0.46875 0.61484375 0.07578125 0.12421875
7 0.34921875 0.34140625 0.0609375 0.05703125
7 0.45390625 0.1671875 0.0484375 0.08359375
7 0.32421875 0.4953125 0.040625 0.11015625
1 0.49140625 0.44765625 0.08828125 0.13828125
1 0.56875 0.4875 0.075 0.1328125
1 0.56484375 0.31484375 0.075 0.17578125
1 0.678125 0.6234375 0.08828125 0.15
1 0.56953125 0.6328125 0.115625 0.146875
1 0.63671875 0.7828125 0.12734375 0.1421875
1 0.659375 0.47109375 0.1 0.1453125
1 0.52421875 0.13359375 0.08984375 0.14453125
1 0.75546875 0.646875 0.0703125 0.12734375
1 0.3703125 0.63359375 0.096875 0.14453125
1 0.396875 0.45234375 0.07734375 0.12890625
1 0.45234375 0.2890625 0.11875 0.13828125
1 0.3359375 0.153125 0.11328125 0.21015625
1 0.62890625 0.11953125 0.10078125 0.16796875
1 0.66640625 0.30625 0.11328125 0.15
1 0.75859375 0.48828125 0.07109375 0.16640625