1 0.2729740393919517 0.07189385289524755 0.08689232622365459 0.1011331320667471
1 0.1645160682605597 0.16064317164215455 0.07751732622365463 0.10064180913596857
1 0.21641176820408997 0.21747966983313227 0.07457433674699834 0.1036030348257091
1 0.3072635523343698 0.2973508763009959 0.09241428413027988 0.08896068068726608
1 0.25497228121709525 0.36826756388566695 0.05916216837349921 0.05294793758467105
1 0.30572198109003834 0.49960941711959883 0.07976309471009327 0.03221935775648745
1 0.15507099175455638 0.3617486482364062 0.0820984104104042 0.1258055834462281
1 0.07451821274477403 0.4317955546134128 0.06265118942018658 0.05936171189493074
9 0.7188079970868154 0.25932641734674144 0.07366428413027978 0.0879780348257091
9 0.6526531050922626 0.146031879241672 0.06972023677523324 0.07375176051544959
0 0.5795788971150502 0.23684498699815956 0.05206229991529554 0.09151911465389259
0 0.8199749259130711 0.38175693803895633 0.05518729991529554 0.09168288896415203
0 0.8648624916839692 0.39899534769532324 0.053913226251889414 0.06980788896415202
0 0.7663339864222973 0.4025917384684976 0.05142526308359248 0.0805816146538925
9 0.32558497298576905 0.719553424921515 0.05530912628012441 0.04028416327441153
4 0.2548321282050886 0.7694958712126133 0.08507222099021768 0.06988313206674715
0 0.2906338493364806 0.6845543051792398 0.11952281570031094 0.09972776232447185
1 0.19765593601289178 0.8641776074178033 0.04208108418674961 0.027129066033373304
1 0.18922878598465692 0.8943973739261466 0.029581084186749606 0.026473968792335257
1 0.16874343878490206 0.7175858904344901 0.045570105233437005 0.033542840343632994
8 0.4194120257436619 0.581418259838081 0.05861613680346807 0.04357293758467105
8 0.27613246260359975 0.5701199909548885 0.07322466837349921 0.05368492198083885
8 0.1420682757436619 0.595953229873612 0.07551521046687393 0.06626680913596861
9 0.8076609965927052 0.7757868990293757 0.10467063140062187 0.1924132293077852
9 0.8808122573278105 0.5517518554972394 0.11563895250377883 0.140025213703953