1 0.38828125 0.18046875 0.0921875 0.08125
1 0.28515625 0.2390625 0.04296875 0.04375
1 0.1140625 0.2703125 0.1390625 0.10859375
1 0.07421875 0.1921875 0.06875 0.09453125
1 0.21171875 0.16796875 0.07265625 0.07109375
1 0.2140625 0.03828125 0.046875 0.07109375
1 0.31796875 0.02890625 0.13671875 0.0578125
0 0.4234375 0.29296875 0.153125 0.121875
9 0.1578125 0.9828125 0.071875 0.034375
9 0.09765625 0.64140625 0.08203125 0.17421875
9 0.11171875 0.92109375 0.09375 0.1578125
6 0.8359375 0.853125 0.328125 0.234375
6 0.753125 0.70703125 0.12734375 0.103125
6 0.91484375 0.6625 0.1703125 0.1375
6 0.8234375 0.61640625 0.19453125 0.128125
6 0.6484375 0.6140625 0.16640625 0.10703125
6 0.55625 0.80625 0.090625 0.0796875
6 0.68046875 0.45 0.06484375 0.1125
6 0.73515625 0.5078125 0.1359375 0.1125
6 0.77890625 0.55234375 0.10625 0.09921875
6 0.6265625 0.7109375 0.10390625 0.07421875