1 0.6422055777004854 0.9236062737482633 0.13390483415618065 0.11711737765916688
8 0.6805921173068401 0.1801465612673258 0.06809668977951393 0.040626306420763925
1 0.8315552052627428 0.16882458871840206 0.05276263050895835 0.05276263050895835
8 0.12785409660218677 0.8473445126334374 0.11733427678548618 0.0761287017473613
8 0.24426230623333273 0.7439084284772568 0.09505923328249999 0.05843205547083343
8 0.00991267534312468 0.7808135889058333 0.01982535068624936 0.044622822188333446
8 0.07694686645381879 0.7868440769379861 0.06337282218833336 0.03895470364722229
8 0.258845710296736 0.11734592847725671 0.13034342306201402 0.09829464247680564
4 0.11023867724298575 0.43001219547909714 0.10755923328250003 0.058722996200277856
0 0.19576056278593723 0.3116784631465276 0.13942878875333348 0.15316398043270843
0 0.025288327887916563 0.26731413335875 0.050576655775833125 0.04974673328249999
7 0.31996700788378474 0.01147065591800335 0.06162848423243057 0.0229413118360067