1 0.2703125 0.02421875 0.23515625 0.0484375
0 0.79453125 0.2125 0.059375 0.06328125
0 0.97109375 0.021875 0.0546875 0.04375
0 0.875 0.15703125 0.05859375 0.08046875
0 0.8609375 0.0140625 0.04453125 0.02734375
9 0.73515625 0.29921875 0.05234375 0.06640625
0 0.62421875 0.1296875 0.0640625 0.0625
0 0.76328125 0.16640625 0.13984375 0.084375
0 0.81640625 0.028125 0.0640625 0.05625
8 0.21875 0.8484375 0.1 0.13515625
8 0.25 0.72890625 0.09765625 0.08828125
8 0.0109375 0.8171875 0.021875 0.06875
9 0.71484375 0.62265625 0.065625 0.06328125
9 0.971875 0.728125 0.053125 0.059375
0 0.79453125 0.95546875 0.078125 0.05625
0 0.815625 0.9859375 0.071875 0.02734375
0 0.75546875 0.89140625 0.06171875 0.0734375
0 0.715625 0.953125 0.040625 0.05625
0 0.83046875 0.8703125 0.05859375 0.05390625