1 0.6389736394833812 0.5670098615983555 0.03086956677218975 0.04183467292769336
1 0.7675796757724699 0.41116708540090147 0.026272994985435005 0.04476867193911023
1 0.5210864236608989 0.2471987217881985 0.031324207838416565 0.05745967292769345
1 0.63781693408574 0.1776754475679107 0.026272994985435005 0.04476867193911023
1 0.5473858138691958 0.0674329673395742 0.026363923198680438 0.047893671939110274
1 0.5719154862764535 0.32394029391758916 0.024710494985435004 0.04470500494291585
1 0.28535088281946364 0.6789593522439965 0.023102530878812377 0.04307883794672165
1 0.30396317583897686 0.8974719303048861 0.019841138558944316 0.038264003954332534
1 0.6713675684880493 0.25824235665543965 0.01841503087881229 0.04288783695813834
1 0.7940549107287751 0.27899391395608275 0.03086956677218957 0.04183467292769345
1 0.9076831532069278 0.2088167237281838 0.023329851411925517 0.050891337946721474
1 0.48674016739269266 0.19397556270066948 0.032522994985435004 0.04502333992388783