1 0.3223459966902311 0.2472729904894873 0.03605312406898662 0.10458049214211718
1 0.6953019613297583 0.37083234512316376 0.04455482878371626 0.08626713978475227
1 0.38134419933804625 0.03828759636150882 0.024169554176610396 0.07657519272301765
1 0.45991673304138 0.49453963461746575 0.02645980024766903 0.09945634449948208
1 0.37005802046876746 0.5488333364367113 0.028347631926869444 0.0730393937136938
1 0.33091424544737685 0.7001989373463342 0.027765435070022625 0.06053939371369381
1 0.40964071298238813 0.7262840942945943 0.025659279569504534 0.08226884449948209
1 0.8247904081866052 0.3773284400369305 0.033510320925833524 0.11693494292790536
1 0.597489507648486 0.4896979691921503 0.034597631926869356 0.07333049214211726
1 0.6953726976809073 0.6245031546764578 0.026785131926869356 0.07296661910658778
1 0.6929091313031878 0.7397107777119869 0.02151543507002245 0.060248295285270356
1 0.45467492307380136 0.6341479441707597 0.031327082712657627 0.07005994292790536
1 0.4110490475570726 0.5884202212590649 0.02936647642635144 0.09491439371369381
1 0.4107707576484859 0.49839453474130035 0.020535131926869354 0.07267552067816432
1 0.6338466544625515 0.7996166246926684 0.03732452564056317 0.09840326674922295
1 0.7195894094249502 0.8754834578196109 0.0311815334984459 0.06693494292790554
1 0.6617080955329394 0.08662216501553989 0.033035131926869354 0.07325771753501129
1 0.3199060090962279 0.4470375500427812 0.03030823821317572 0.04818494292790554