1 0.3117478552841081 0.5127912142252423 0.08386034684397004 0.06784677956950454
1 0.3985064145619175 0.4029860287409351 0.0742943458553869 0.06272263192686936
1 0.24416908304098667 0.40437509263745514 0.07391234387822054 0.05334763192686935
1 0.304585318212239 0.3370099642252424 0.07403967787060939 0.056472631926869445
1 0.34373404844057553 0.2452612659206535 0.06479201186299814 0.05916098428423435
1 0.2925734550566466 0.19531261579681897 0.07786501482874764 0.07380568114108117
1 0.2493911408359213 0.28375437758364325 0.055035009885831696 0.04934933664159917
1 0.12266681475219794 0.3121618598009629 0.15923703163466157 0.15713191149637407
1 0.11586235231835858 0.4896318883370102 0.09011034684397004 0.06813787799792799
0 0.3367531724705829 0.4375386571531479 0.09291701186299814 0.060470927212139716
0 0.11888251193736019 0.8508048287837162 0.12990235870696815 0.12613446856846872
8 0.24669844722234333 0.9447538819268694 0.1339531887450242 0.11049223614626129
9 0.09433615669043316 0.7459525088913401 0.13315469269935692 0.12940501778268027
0 0.8056994906456408 0.3876415884991168 0.14706068380210838 0.08794526385373888
0 0.8749826843335811 0.5187503473904569 0.1413836867678576 0.10171666542531543
0 0.9647230276803288 0.34937110876299643 0.07055394463934235 0.08815927956950462
0 0.551741502508639 0.4319565529337561 0.12850168479069152 0.0917594685684687
1 0.9884330889538951 0.5151245413518197 0.023133822092209756 0.04407963978475227
1 0.9489640123944707 0.4972435285315381 0.0737850098858317 0.050222631926869356
4 0.8618811885164689 0.7538873267122925 0.27623762296706217 0.23795388006484258
4 0.6504879976029041 0.8077249944139195 0.23863537155854947 0.1920206418516667