1 0.61484375 0.5634725955435573 0.1234375 0.08146908525525039
1 0.4484375 0.5320953635222387 0.1390625 0.09478795680654795
1 0.48671875 0.4575390988229177 0.13125 0.08187852103089917
1 0.31484375 0.452437761758645 0.1765625 0.08425324852966191
1 0.6234375 0.355329224896771 0.15 0.09536116689245615
1 0.63359375 0.46367399140511445 0.146875 0.12332239258219672
1 0.7828125 0.40430671472000573 0.14375 0.1356586182719372
1 0.47109375 0.3653139772716202 0.1453125 0.10761550542706697
1 0.134375 0.4828235453411587 0.1453125 0.09667800542706698
1 0.64765625 0.2784734758012822 0.128125 0.07702724672063965
1 0.634375 0.6629336849826792 0.1453125 0.1044905054270668
1 0.4515625 0.6267903878324983 0.128125 0.08483974672063965
1 0.28984375 0.562846317276569 0.1390625 0.12603795680654795
1 0.153125 0.6713061912027156 0.209375 0.1250353787873868
1 0.11875 0.37809842378986114 0.1671875 0.10876192559888347
1 0.30625 0.3496436324054314 0.15 0.12036116689245616
1 0.4875 0.2677362924004826 0.165625 0.07899253844375362