1 0.34765625 0.4609375 0.12109375 0.08359375
1 0.0859375 0.19296875 0.09140625 0.06015625
1 0.9484375 0.3890625 0.06796875 0.0609375
1 0.7640625 0.54375 0.0953125 0.05234375
1 0.5890625 0.51953125 0.06484375 0.0484375
1 0.5328125 0.72109375 0.08671875 0.05625
1 0.9421875 0.70703125 0.07578125 0.04609375
1 0.8890625 0.76640625 0.0921875 0.04453125
1 0.15546875 0.7625 0.0734375 0.0625
1 0.0578125 0.73671875 0.0890625 0.0625
1 0.0453125 0.634375 0.0734375 0.0625
1 0.09296875 0.84375 0.09609375 0.06015625
1 0.0546875 0.92265625 0.08359375 0.04609375
1 0.56171875 0.28359375 0.10078125 0.0625
1 0.8671875 0.04375 0.1 0.05390625
1 0.21015625 0.4796875 0.08125 0.0703125
1 0.38359375 0.6890625 0.075 0.05234375