1 0.3468563202265864 0.7355076210096531 0.10630834980971962 0.08052526101791671
1 0.11052618387647044 0.8736206443766668 0.0805443458553869 0.06119337955902786
1 0.06703623866847455 0.34264274810013895 0.09042868182494201 0.07391158510611114
1 0.16904577174882984 0.10696178086954874 0.06609984387822054 0.05149107123840282
1 0.26658129942915876 0.2403574687492016 0.07104201186299815 0.0578501740119445
1 0.22130724459997358 0.3743317720358335 0.0693521778706093 0.05468880642076392
1 0.5936265494663397 0.6429071193941324 0.07984400889724856 0.04400587955902786
1 0.38374487209002206 0.5872889797671184 0.08328734387822045 0.051891114741388834
1 0.3866696008354838 0.48667138392743087 0.061094008897248565 0.043569468464861136
1 0.854422197642273 0.16662260201104237 0.09954901384016424 0.06787979065319454
1 0.8626206526989193 0.3486720358066327 0.10841467787060921 0.055597996200277854
1 0.6079105894667773 0.4379656994662505 0.0805443458553869 0.06119337955902786
1 0.536883165056209 0.3996285916587158 0.054109179847775656 0.06370013050895836
1 0.6950775974126238 0.8723965572737853 0.061412343878220456 0.05138196846486096
1 0.9045281932680107 0.9365902631052091 0.06571784190105419 0.042116071238402955
1 0.7918544383250946 0.9105524803357993 0.06390067391627667 0.03582970364722229
1 0.20522587163291153 0.975729964665139 0.08765650889724856 0.04418771751493082
1 0.38197541954201436 0.8120344066288545 0.0696068458553869 0.06093880642076392
1 0.12728662505577157 0.5953690110179167 0.08711268083635884 0.06915134992375016
1 0.532617476311185 0.29494109165871574 0.0841786818249421 0.07376611474138892
1 0.30044825794584645 0.4393950340036808 0.06428267589344294 0.04520470364722229
1 0.5845512742946498 0.9182155907087852 0.050220175893442943 0.04487739532659738