1 0.30859375 0.15859375 0.03203125 0.01484375
1 0.27734375 0.1125 0.03984375 0.01484375
1 0.41015625 0.16640625 0.03828125 0.01953125
1 0.24453125 0.16875 0.03828125 0.01640625
1 0.32734375 0.12109375 0.034375 0.01484375
1 0.278125 0.2140625 0.03359375 0.01796875
1 0.37578125 0.19296875 0.07421875 0.02890625
4 0.7765625 0.0671875 0.20234375 0.13359375
4 0.9203125 0.1515625 0.159375 0.215625
9 0.378125 0.43203125 0.06953125 0.1609375
9 0.29765625 0.446875 0.06328125 0.0984375
9 0.41015625 0.72890625 0.05234375 0.1046875
0 0.23671875 0.58984375 0.071875 0.13671875
0 0.35 0.83203125 0.0875 0.1484375
5 0.046875 0.6375 0.071875 0.1125
8 0.97109375 0.57734375 0.0578125 0.0953125
8 0.9234375 0.915625 0.06796875 0.1078125
8 0.9859375 0.78046875 0.02734375 0.046875
8 0.67421875 0.8953125 0.03828125 0.05625