1 0.8419876085380619 0.1728957246211528 0.11935305674305993 0.12879768657189175
1 0.702470467471835 0.18771168266306684 0.05825042069139794 0.06907725292686626
1 0.5112795146479834 0.2866162943939729 0.17862040815498564 0.1791340298578376
1 0.5193838681714802 0.41090322208707003 0.09784176959604132 0.14117042154477702
1 0.674114483769171 0.32975828209733277 0.09536998746358769 0.10991133118569749
1 0.7549289115867049 0.479472456667172 0.068625631037097 0.10350679508134383
1 0.8737303873718101 0.42468548359814323 0.1698986260225322 0.14783857806243947
0 0.8078746844814516 0.05627130600324198 0.19675063103709683 0.10425220452587258
8 0.9430831633025646 0.8071848870907434 0.07018813103709683 0.10351588544042371
8 0.7035529650310595 0.6338872458947834 0.07147784639736088 0.09414997579950324
9 0.801249701307513 0.9800705972834617 0.054397994985435 0.039858805433076586
8 0.6055604312492532 0.806002619529546 0.07643813103709682 0.1035522468767418
8 0.6794943732525521 0.9236400923039871 0.07367684389007856 0.11603406615858276
0 0.05566573132839553 0.7723295179539809 0.07469377461060625 0.09729315651766228
4 0.2556095585254265 0.6680061531980128 0.055580061757624755 0.08468407220870695
4 0.13908598508931921 0.8056328973442802 0.05897784639736088 0.09407725292686635
4 0.18172944081616468 0.5753732256031114 0.050528848904643334 0.07215680113146802
9 0.029623720045624434 0.673723846311008 0.05512542069139796 0.06905907220870695