1 0.32092439040843407 0.6598578307929139 0.12253427956950454 0.08194086729005097
1 0.020495339848924148 0.8447630541565303 0.040990679697848295 0.06139201795398108
1 0.11812460629081549 0.97048119252382 0.07420378742738745 0.05041815651766228
1 0.6624120312266436 0.525870212815492 0.08452485731976367 0.07078519867214013
1 0.36281444561850174 0.4819282735131257 0.07024403349844607 0.06601588544042354
1 0.16321266770162704 0.22054027985783758 0.06802656203449331 0.051944295081343926
1 0.25235871257261255 0.05148172852997769 0.09055653349844599 0.0661340601084586
1 0.3723607276692057 0.3608572494108248 0.0619948858558109 0.056595433645025485
1 0.674456228702663 0.267276462815492 0.11272263192686935 0.0725113251355733
1 0.5726968296122859 0.22057820393669741 0.08608735731976366 0.07079428903121973
1 0.8890814232877077 0.843680923293293 0.09011988585581107 0.05675906010845892
1 0.36417777667852963 0.7546663367448423 0.09844180810555185 0.06774201190385672