1 0.6121166422761146 0.4329394295321274 0.12543633723582168 0.08228042093374803
7 0.33937455474570544 0.32933410032470095 0.056604524004105095 0.06421368942018653
7 0.16454675068737107 0.4441686870011122 0.08465680113146812 0.053351784130279786
7 0.4934262504909793 0.2953700820500239 0.10961134933607006 0.0469953683170294
1 0.44479733206946026 0.4653332425310152 0.13800906010845856 0.09550846302712265
1 0.48419110929501913 0.540356358358383 0.13324883723582168 0.08273544724210709
1 0.3115575851927182 0.5465061897731224 0.1754363372358217 0.08519258930724707
1 0.6194922841594459 0.6418139005929323 0.15050906010845858 0.09623650512049764
1 0.6294990641154794 0.5326741190229012 0.14754768657189174 0.1241794945971538
1 0.7791081786750558 0.5911251139024036 0.14293290944452863 0.13640647881213824
1 0.4672576184684013 0.6319369136059375 0.14589428298109547 0.10846348933548207
1 0.13054393452878826 0.5164378001270569 0.1442772408266178 0.09899748407380997
1 0.6424798113850049 0.7177925716678544 0.12853406615858276 0.07777493145709151
1 0.6314393348981306 0.33340986639206516 0.14431360226293624 0.10524748407381015
1 0.4500347987937771 0.3705289767459997 0.1285795179539809 0.0855874314570916
1 0.28643084104645067 0.43550777659070794 0.13819086729005098 0.12675846302712265
1 0.1511705727978822 0.3270189843561588 0.21002950585373248 0.12469470506402783
1 0.11587238047045387 0.6219443474821036 0.16933178298109555 0.10982856826055958
1 0.30237296185254303 0.6485692187123175 0.15065450585373252 0.12123650512049747
1 0.4838678806668456 0.7301546057275472 0.16604315651766227 0.0815215577372161