1 0.271875 0.33203125 0.15390625 0.18046875
1 0.0890625 0.1890625 0.07109375 0.10546875
1 0.4359375 0.13125 0.0734375 0.14140625
0 0.96015625 0.2203125 0.0796875 0.1484375
0 0.96328125 0.53515625 0.0734375 0.0484375
0 0.69609375 0.15234375 0.06875 0.1015625
0 0.86796875 0.25390625 0.0484375 0.09453125
0 0.1734375 0.90546875 0.14765625 0.1890625
8 0.30703125 0.66015625 0.05 0.0765625
8 0.46796875 0.88359375 0.0484375 0.09140625
1 0.39609375 0.95234375 0.04609375 0.0734375
1 0.3953125 0.82109375 0.0484375 0.07109375
8 0.95859375 0.72265625 0.05390625 0.08203125