1 0.7274503550873251 0.3359375993513294 0.10421627404661712 0.034851204353836526
1 0.5740301668907394 0.6974331161415523 0.08579365626060227 0.043571439925866075
1 0.9344245521847675 0.41199913546366407 0.0835218281303014 0.023204376223535307
1 0.4699329770496912 0.45287952957373073 0.09920139183263199 0.02531251324684387
1 0.42315223548721176 0.3589459910991433 0.07274801923729371 0.027509930307219398
1 0.275543114705972 0.3076414075265467 0.060248019237293705 0.027073420688572547
1 0.2431547114405946 0.3839484471822604 0.082013891832632 0.024712312521204538
1 0.5570286614484438 0.8259028565229055 0.11660714664195541 0.0321627139724832
1 0.4635688712445759 0.5903249658713998 0.07296627404661712 0.033759930307219396
1 0.32131439465822087 0.6768750463639537 0.07269345553496276 0.0259474303072194
1 0.2067434631698751 0.6650521142426358 0.06002976442797028 0.02082342068857255
1 0.3312797048171726 0.43630461006628457 0.06973214664195541 0.030525802902557686
1 0.3803818929289403 0.39656255298737564 0.0946230192372937 0.02827382213985139
1 0.47008923367311317 0.4036062158713999 0.07247520072563951 0.019697430307219398
1 0.15186747941194395 0.6013417891075596 0.09796627404661713 0.034632949544512924
1 0.06931538503957399 0.6805902902886859 0.06660714664195541 0.03041667549789597
1 0.8598957450210406 0.6870784918169336 0.07291171034428601 0.0321974303072194
1 0.5286408328548065 0.3172619773041453 0.04785714664195524 0.029761911069925696