1 0.26796875 0.0859375 0.08046875 0.09609375
1 0.1546875 0.16875 0.071875 0.09609375
1 0.203125 0.228125 0.06953125 0.09921875
1 0.2890625 0.3125 0.08828125 0.08515625
1 0.2328125 0.38046875 0.05546875 0.04921875
1 0.27578125 0.5140625 0.07734375 0.02734375
1 0.13359375 0.36875 0.07578125 0.12109375
1 0.04921875 0.434375 0.059375 0.05625
9 0.7015625 0.29609375 0.06875 0.08515625
9 0.6421875 0.1796875 0.06484375 0.0703125
0 0.5640625 0.26640625 0.04765625 0.0890625
0 0.7953125 0.4234375 0.05078125 0.0890625
0 0.8390625 0.44296875 0.04921875 0.0671875
0 0.740625 0.44140625 0.04765625 0.078125
9 0.2828125 0.734375 0.053125 0.03828125
4 0.209375 0.78046875 0.08046875 0.065625
0 0.25 0.69765625 0.1140625 0.09453125
1 0.146875 0.871875 0.03984375 0.02578125
1 0.13671875 0.9015625 0.02890625 0.02578125
1 0.1265625 0.72421875 0.04453125 0.03046875
8 0.384375 0.6015625 0.05625 0.04140625
8 0.2421875 0.5828125 0.0703125 0.04921875
8 0.10703125 0.6015625 0.07265625 0.06171875
9 0.76015625 0.815625 0.09375 0.18671875
9 0.84609375 0.59609375 0.1078125 0.134375