1 0.25966278077263955 0.7731313232021451 0.12536498233256949 0.08856169396136267
1 0.29418063829583385 0.6432597326316044 0.06402743882958344 0.06853598428423417
1 0.2616603854460423 0.7245482739879333 0.0891001740119445 0.07282537799792799
1 0.285155702884723 0.89395109139911 0.0828501740119445 0.0725342795695049
1 0.36040700997107705 0.7332447237402644 0.06093880642076392 0.06995293507002245
1 0.3680389784359382 0.7923286253118409 0.10134560087368065 0.06247007485477489
0 0.30612793911392383 0.24930852543567542 0.10843205547083343 0.09869867328319834
8 0.3932811405769446 0.16312912283064152 0.05723192496187508 0.0448073858558109
8 0.32869457655673634 0.3116073182397463 0.07303876291777786 0.05334763192686944
8 0.31782654568718766 0.14709105397172267 0.08426720364722229 0.06635705417661045
8 0.6957989961033686 0.694160683212505 0.09876611474138883 0.08576202564056316
8 0.6412017618709381 0.666983907157657 0.03321384992375016 0.08583049214211727
8 0.9178220793096188 0.8245972382176848 0.09822060087368065 0.062324525640563164
8 0.832733338808924 0.5626473558765307 0.11435474715020817 0.0849272717116218
9 0.7912251713495841 0.9298198933039181 0.09847517401194458 0.07326202564056317
9 0.8357914825200007 0.8620480423942954 0.0700592332825 0.059452082712657985
8 0.9992454255305561 0.8703399237019923 0.001509148938887961 0.08383134449948208
9 0.6765280920399654 0.06781650703382254 0.06853310087368066 0.06094180810555185
8 0.9902619772985763 0.024841410672313706 0.019476045402847218 0.04968282134462741
8 0.6252552263486459 0.024480826614357805 0.03121493882958326 0.04896165322871561