1 0.7609375 0.4010254228533313 0.1140625 0.1108976907221905
1 0.27109375 0.15926627616027306 0.35 0.16582390714754366
1 0.71796875 0.49262001524867716 0.121875 0.14090352570316256
1 0.60703125 0.4315153719784789 0.09375 0.0756950197716634
1 0.53359375 0.5548202207996153 0.0609375 0.04310801285158128
1 0.45546875 0.6330035706093349 0.103125 0.12763952174882984
1 0.61796875 0.6248197030051182 0.121875 0.12996602570316257
1 0.6140625 0.5109163704956041 0.121875 0.11277852570316256
1 0.59296875 0.33599462494422844 0.1640625 0.12699753460041113
1 0.49296875 0.2275693127006695 0.15 0.13111203163466154
1 0.49296875 0.7478818127006696 0.128125 0.11147069368794008