1 0.2755658107097253 0.3266815842055689 0.07932496801399935 0.10585318511654282
1 0.12899770401018135 0.07947422359113018 0.06028406667727224 0.08019842068857252
1 0.659211915340545 0.07612360053245573 0.072893154678545 0.09000993030721935
1 0.8987931306890445 0.19616331513791124 0.0507454346753633 0.06580853847458741
1 0.7686158293682257 0.28376746414211934 0.05704997867599957 0.07071429328391084
1 0.6328686860279987 0.22826645389050032 0.05390679734245403 0.06904266587924912
1 0.3769214147437692 0.5809003474524129 0.04309656667727228 0.07959821996293322
1 0.425284547382225 0.3748611677781656 0.05094542934436319 0.0829960384745874
1 0.5261476133831795 0.38541177657850584 0.04287839067472703 0.060848219962933124
1 0.8629974641151765 0.8782292814726471 0.06675224267981754 0.09916667549789579
1 0.6809753047819492 0.8726538601511027 0.05436133068109026 0.10810516587924894
1 0.5826537940801781 0.6107317243089204 0.060284066677272284 0.08019842068857255
1 0.6185634747374058 0.5424827213136955 0.06309998400699968 0.05374504809323426
1 0.1506503634229504 0.6651488287632733 0.050690890674726895 0.06112103847458741
1 0.09368439011772185 0.8701066580747007 0.041370434675363256 0.0654811562606021
1 0.11582192476922255 0.7592063636096636 0.0351022533418178 0.06370040145127884
1 0.030052221355817144 0.16660714664195542 0.043187473344999464 0.08741071996293312
1 0.20015727804740693 0.3560664946425224 0.06015679734245412 0.06926092068857255
1 0.40823121801399936 0.11733884445718794 0.0681692920114541 0.08672123920022683
1 0.7232509747374058 0.5461384893698629 0.0728204293443632 0.08375993030721922
1 0.5704783213717255 0.30261912394610063 0.044477253341817756 0.06402778366526399
1 0.10090380740767842 0.5509573539910168 0.04431362133990877 0.04996528366526398