1 0.25387689539937264 0.5421875 0.050463608313060515 0.0796875
1 0.3338689224285398 0.48984375 0.05358860831306052 0.0796875
1 0.4766104134515494 0.52890625 0.05350679508134384 0.065625
1 0.4206245547457055 0.34921875 0.03795451795398073 0.078125
1 0.5102910427436529 0.3796875 0.04416815651766228 0.071875
1 0.9361707240509872 0.765625 0.07243860226293605 0.096875
1 0.6173541090004315 0.37421875 0.05032725292686635 0.05625
1 0.6499035094679698 0.28515625 0.06444429508134383 0.065625
1 0.5452160094679698 0.28515625 0.040915891490547904 0.05
1 0.4702028948101975 0.153125 0.1413522287263694 0.125
1 0.11327968735745864 0.403125 0.04903746369925477 0.103125
1 0.05306837432213379 0.546875 0.05096357806243947 0.165625
1 0.14912017594458127 0.82265625 0.044131795081343926 0.065625
1 0.696685522353785 0.83828125 0.056786331185697494 0.0921875
1 0.8881312590751864 0.02578125 0.054942030054229464 0.04375
1 0.2884074732654204 0.246875 0.05052724082661779 0.090625
0 0.4191069856602564 0.47578125 0.03966246369925486 0.103125
0 0.23826903435583766 0.8078125 0.05356133723582168 0.075