1 0.3526899830373714 0.8252335368618742 0.03206887155129756 0.017262743102595124
1 0.32385565411369904 0.8729650299644691 0.04144387155129756 0.01775406603337366
1 0.45384304726172264 0.8120983717784401 0.03848264586155707 0.02071529172311415
1 0.288095216529028 0.8184346602221939 0.03831887155129756 0.01759029172311415
1 0.37340527476048546 0.8617508910003171 0.035193871551297565 0.01742651741285428
1 0.3193142390302652 0.7713615863869041 0.035357645861556986 0.020551517412854638
1 0.4180759656245169 0.7873373891912947 0.07647396879233544 0.03205558344622812
4 0.8254491316124618 0.8921145839005135 0.2101672953411587 0.14502033016686794
4 0.9397197557657512 0.800205965628576 0.12056048846849769 0.2239774898232348
9 0.40789098088966486 0.5481520584586 0.07718437697836436 0.1645405348257091
9 0.32664430291593216 0.5375254969477823 0.06765889077317429 0.10171298620519006
9 0.4243636714150119 0.24959837177844016 0.05861143939369349 0.10747166327441153
0 0.25821412822155987 0.39775034599784254 0.07908106965141819 0.14126680913596862
0 0.3588028691764483 0.1496260272509356 0.09527927973732639 0.15302318068726609
5 0.06587281999010244 0.3600433853461074 0.07777087516934214 0.11626680913596861
8 0.9809202086155702 0.3717633830868592 0.03815958276885958 0.0983423247398008
8 0.9278594063770065 0.045843729365585596 0.074400213703953 0.09168745873117119
8 0.9910759189843918 0.16786045511312656 0.017848162031216218 0.04834896879233552
8 0.6797051893936934 0.06935319256151207 0.040447937584671044 0.05821529172311406