1 0.35915625783430327 0.7667386437315485 0.12531301779449713 0.08863096878180662
1 0.3060246461615856 0.8994494508104574 0.06217634783255317 0.07082342068857272
1 0.32213239619876666 0.5041369508104575 0.07490184091247096 0.038501994009550344
1 0.3484614969598884 0.8180010433687288 0.09042868182494201 0.07493056733052797
1 0.349628702016535 0.6357515385594054 0.08411501482874764 0.07314981252120453
1 0.24997491741612388 0.7965674982707195 0.062240014828747636 0.07238592068857255
1 0.2502415142600939 0.7324231527172232 0.10235567885919253 0.061304576949174815
4 0.8655719673767553 0.18513404590061755 0.09967634783255334 0.07213294954451306
8 0.7117254312934694 0.3510988078815171 0.0730501808363588 0.06964286660488854
8 0.7541596234985347 0.2313145867374576 0.054525673916276676 0.03623016587924912
8 0.8210566689361798 0.41359386259817327 0.06115767589344294 0.04582342068857255
0 0.9455711906850095 0.3146702676776492 0.08774935079830257 0.08575893992586625