4 0.07302569871013836 0.625950377997928 0.1396093202884723 0.09702916542531544
0 0.30993989798895766 0.8637929420993359 0.22205945079743064 0.15237594499482016
0 0.22082611265409663 0.6938378529765374 0.1113024823325695 0.08790672249741008
8 0.2750486724933331 0.31313581658260725 0.055125217514930644 0.08841183664159917
0 0.11620165577583312 0.24942641935425688 0.049528527735416716 0.04913101282028158
0 0.20588044519475668 0.3279024838699495 0.035393292553055566 0.045351041356328906
0 0.09508776234909692 0.3501156240689866 0.04149782218833335 0.03939213978475227
0 0.03829224848138858 0.3709332382131757 0.05748649810013893 0.0557448858558109
0 0.12688850189986106 0.05909251778268031 0.04040810087368061 0.059631865177646425
0 0.1015423565732638 0.1064020113725395 0.05995688145888889 0.027765435070022583
0 0.18667976956729157 0.14477961476336168 0.037173998100138925 0.05479881596343472
0 0.06395013117454847 0.17582194540910479 0.04509560087368061 0.059850188998963993
0 0.20232099373173593 0.245616522745079 0.0476750870059723 0.03655823821317572
0 0.21363512775607596 0.4987607934232434 0.05443423328249999 0.058724336641599
8 0.8180797063095827 0.8733821894087395 0.044550087005972475 0.036412688998964174
8 0.7522910521492701 0.8773569059102936 0.052362587005972114 0.03677656203449331
8 0.791860738794652 0.9581916829985989 0.038372822188333267 0.03924659057054072
8 0.5785080600330549 0.8841226745215434 0.031977351823611146 0.032705492142117265
8 0.515172911856666 0.8498889156302031 0.039100174011944586 0.07049659057054072
8 0.5516546193036105 0.8953855062007439 0.03502961664125017 0.029726041356328992