0 0.39113045251082657 0.6178899193052818 0.08047536167271777 0.13481133723582167
0 0.1903054401535369 0.6776381449083934 0.0035070019771663574 0.009393180718159222
0 0.20624611654127145 0.6314625816766768 0.012945668973360736 0.011010222872636888
9 0.4177778882529203 0.9223501603282914 0.04160917984777566 0.06272725897699054
9 0.46022530380342086 0.5323518742239379 0.03768568380210837 0.08144998789975162
9 0.9209134530051181 0.6124645375772915 0.03341467787060921 0.05330680718159222
0 0.7521939920169725 0.8235525493829524 0.052257519771663395 0.09403180113146803
0 0.6712941604960416 0.8154314980550923 0.06724584980971962 0.07849770472226432
0 0.8120411773019557 0.734944046456086 0.047859179847775477 0.06276362041330899
0 0.7665840972638995 0.7195872120489348 0.036730678859192525 0.05801248789975162
0 0.668462273651634 0.6740752450300304 0.08334569368794006 0.1285795179539809
0 0.5844454179104155 0.7807888533430909 0.04023768083635879 0.06740566861791067
0 0.8875359258190809 0.7415344140407246 0.04785917984777584 0.06276362041330899
0 0.7095674347163294 0.7003923053348806 0.051111513840164415 0.06590680113146803
0 0.7809105355146322 0.6171843747149172 0.06479201186299796 0.056613614363184794
0 0.8492811921307032 0.6644315585563344 0.05356535178688589 0.0877908914905479
7 0.13999766992476287 0.37878300927157804 0.10270318874502422 0.10526019262201594
7 0.20084628110318895 0.24642905152425162 0.059815351786885886 0.08782725292686618
7 0.16170020946808986 0.19120119603986147 0.05005834980971957 0.07839771077238855
7 0.22331814178732343 0.11664155757437582 0.07916752965749527 0.14105224687674203
7 0.3276846482131141 0.08557284387512104 0.14667336463846717 0.1492556323171656
7 0.32195195996238146 0.18792568423420067 0.09559102570316255 0.1224022408266178
7 0.4202767134224225 0.17095128679172458 0.08934102570316256 0.12236587939029935
7 0.44220611015266187 0.26533254586691085 0.04610567885919252 0.058067030054229286
7 0.30582559977253854 0.31533306674775796 0.1137043557412186 0.10688632513557321
7 0.22801893475351048 0.30797508470173884 0.03328734387822054 0.050181807181592396
7 0.2344506654761386 0.3993222473677213 0.08207235376405224 0.0973295179539809
7 0.11581736509557775 0.24379947609409078 0.08921369171077376 0.11924087939029934
9 0.827628956996632 0.19904290789240453 0.08392401384016424 0.06609769867214013
9 0.5430072647915666 0.3217638321676561 0.09801568874502423 0.10523292154477701
4 0.7598326674533049 0.38689288671696975 0.15050401878308026 0.08991699375348405
4 0.629541625475701 0.19160363349551596 0.12193334980971962 0.07881586729005097