8 0.428125 0.109375 0.10546875 0.09765625
8 0.08359375 0.134375 0.059375 0.09609375
9 0.1859375 0.18671875 0.08359375 0.10703125
9 0.76875 0.2125 0.0734375 0.07734375
9 0.69765625 0.1078125 0.0703125 0.06171875
0 0.61640625 0.19609375 0.04765625 0.084375
0 0.8765625 0.32421875 0.0515625 0.0828125
0 0.92421875 0.33828125 0.0515625 0.06171875
0 0.81796875 0.3453125 0.04921875 0.06953125
1 0.9890625 0.5984375 0.02109375 0.103125
1 0.78828125 0.565625 0.14375 0.17265625
1 0.85 0.67421875 0.1390625 0.103125
1 0.77890625 0.39453125 0.09453125 0.0296875
1 0.92421875 0.4 0.0625 0.04140625
1 0.56015625 0.64375 0.04296875 0.0734375
1 0.59375 0.72578125 0.05 0.0734375
1 0.54609375 0.4734375 0.0140625 0.09375
1 0.9640625 0.98671875 0.071875 0.0265625
8 0.934375 0.8890625 0.09765625 0.1203125