8 0.48671875 0.1234375 0.03125 0.040625
8 0.33359375 0.1234375 0.034375 0.0359375
8 0.246875 0.1703125 0.02578125 0.025
8 0.1328125 0.284375 0.04296875 0.02578125
5 0.70625 0.084375 0.04140625 0.0546875
5 0.80859375 0.26796875 0.0453125 0.05546875
5 0.85078125 0.2046875 0.03984375 0.0390625
8 0.7421875 0.30625 0.03984375 0.0515625
0 0.3875 0.68984375 0.10703125 0.16171875
0 0.215625 0.953125 0.0765625 0.09375
0 0.47421875 0.590625 0.078125 0.15546875
8 0.55390625 0.9953125 0.05390625 0.00859375
0 0.9 0.7171875 0.028125 0.07109375
0 0.78828125 0.78671875 0.03828125 0.0734375
0 0.93671875 0.734375 0.021875 0.0453125
0 0.8015625 0.90234375 0.040625 0.0515625
0 0.865625 0.74453125 0.034375 0.1078125
1 0.73828125 0.69375 0.02734375 0.07265625
1 0.78203125 0.5484375 0.021875 0.0609375
1 0.81484375 0.5609375 0.0265625 0.0640625
9 0.8515625 0.9609375 0.021875 0.05078125
9 0.90859375 0.60546875 0.02265625 0.0453125
0 0.86171875 0.8234375 0.05234375 0.05625