5 0.02927243965924531 0.6795905601082721 0.057327021748829844 0.10467077962517113
5 0.5420854574537424 0.5803942613492781 0.06332235376405215 0.09860263605166182
1 0.47705207057215376 0.8358917550810719 0.11552152372599629 0.1157279515702104
1 0.724026454525174 0.19430233399396254 0.03899351581733086 0.07604567445232169
1 0.2543453769213948 0.5755011390211628 0.06488485376405233 0.09864810015828454
1 0.3514538457810248 0.7201567579840658 0.04954901384016441 0.06698892319868044
8 0.36749131714929373 0.46062263361088646 0.09469968775644108 0.10263691818411544
8 0.3817236190127294 0.6092503502247915 0.060070019771663576 0.09538670783841638
8 0.3853818823214212 0.9407814950519422 0.06587435079830276 0.08463106426490725
3 0.45154532357508437 0.42774428595988434 0.04868685079830275 0.08413095909205773
9 0.6728857657801497 0.300353757192643 0.07729201186299814 0.05843227711788872
9 0.6747427430427367 0.4079844007661523 0.06743685079830275 0.08467652837152997