9 0.8891045845840871 0.6069288600544004 0.048893856986241956 0.05917642319868044
9 0.6710813039988659 0.35580531459411163 0.061721239200226916 0.06891513605166182
9 0.5243798525554364 0.8168528116911178 0.07060516587924895 0.05512542069139812
0 0.8797915496528788 0.8960140921077118 0.10974207694917482 0.10309155925034226
0 0.7893054481089327 0.8222152277636623 0.07998016587924912 0.055398205331134064
8 0.6965623874018266 0.8578368275262352 0.10080358656782167 0.11531877461060631
0 0.9710118382122841 0.5232872974388458 0.02736608656782167 0.11318196159934021
7 0.20170873358829516 0.7183110454602888 0.038993067330527875 0.08854567445232178
7 0.2522419577275795 0.7940755750854599 0.033377984390903316 0.06184678213245363
7 0.25978661761637883 0.6676040032987054 0.02814484736759475 0.046085389812585476
7 0.27951627505810744 0.7072802687381115 0.025347229581579978 0.05536946159934022
9 0.7782365834877787 0.19860423152458592 0.03820932813030105 0.02140363855894436
8 0.8264285468272898 0.20704486882988907 0.03492063702330839 0.01662521034569897
8 0.538110091292327 0.22211697321131574 0.03971726442797028 0.019886602665567032
1 0.11247766343217838 0.11588707594338973 0.03321429328391083 0.05715928213245362
1 0.01888392005560034 0.1670200154394062 0.03776784011120068 0.08091503087881238
1 0.09854659428755193 0.24608304130365366 0.08354167549789593 0.06798913354437941
1 0.2547593887525891 0.2740896840192331 0.1602133029025577 0.07334187476889084
1 0.4314186363903364 0.11969300369441668 0.06419147477225647 0.05025606426490725
1 0.22969987976691444 0.16309234804671352 0.04593254809323426 0.0637729949854351