9 0.065625 0.0296875 0.06953125 0.059375
9 0.46953125 0.3265625 0.04765625 0.0828125
0 0.3453125 0.06328125 0.04921875 0.0796875
7 0.93203125 0.39296875 0.11171875 0.0671875
7 0.8375 0.19453125 0.06640625 0.0796875
7 0.834375 0.11484375 0.10546875 0.0671875
7 0.8890625 0.3078125 0.03828125 0.0390625
7 0.940625 0.284375 0.040625 0.05546875
7 0.728125 0.1328125 0.04921875 0.0796875
7 0.70390625 0.2390625 0.03671875 0.05546875
0 0.13671875 0.96015625 0.0453125 0.07265625
0 0.09609375 0.725 0.03828125 0.06171875
0 0.25 0.96796875 0.0484375 0.0515625
0 0.19296875 0.93671875 0.046875 0.0796875
9 0.21875 0.6109375 0.03984375 0.06171875
5 0.04453125 0.67578125 0.028125 0.059375
5 0.49765625 0.634375 0.03125 0.05625
1 0.3984375 0.68203125 0.03671875 0.07421875
8 0.44453125 0.5125 0.05078125 0.0703125
7 0.23828125 0.54921875 0.03125 0.04921875
0 0.43046875 0.8171875 0.05234375 0.0828125
7 0.83125 0.86484375 0.09140625 0.20859375
7 0.88984375 0.71953125 0.03203125 0.075
7 0.8375 0.671875 0.04375 0.1078125
7 0.740625 0.621875 0.03671875 0.0609375
7 0.79375 0.6078125 0.028125 0.05625
7 0.85703125 0.4875 0.03828125 0.046875
7 0.93046875 0.6375 0.025 0.046875
7 0.75390625 0.9109375 0.05078125 0.1078125
7 0.70234375 0.9421875 0.0265625 0.04921875
7 0.6546875 0.9171875 0.025 0.0453125
7 0.728125 0.80078125 0.05234375 0.0859375