9 0.8825368560590068 0.6656864918889157 0.10343926051544941 0.06737050649282175
9 0.517268139414378 0.9175991883148982 0.08065685775648763 0.07946140340856686
8 0.592001466529028 0.8216769878284307 0.16469102103089917 0.13400462743398442
8 0.7752710741739739 0.2452978997617093 0.13583568068726617 0.08979097727182861
0 0.6128629274079057 0.2051246875041191 0.11445864767057934 0.06912392126547413
0 0.43627268769621275 0.700062860798188 0.06593926051544959 0.06671594155801372
8 0.340878300541083 0.700164046674159 0.07794793758467104 0.0575591298696164
8 0.4654456105815627 0.794171370944458 0.014301517412854459 0.03459318831160267
0 0.3245960447753318 0.3297969995962582 0.17511062188998175 0.2434614480508353
0 0.11371717774659003 0.43904313474088025 0.11552318068726612 0.08943642126547413
0 0.08762058796878386 0.19474370982195816 0.16286957146044048 0.18861030681713328
0 0.0694858208946136 0.3858596335230643 0.1033507293077851 0.09546823295387145