0 0.9903125926374552 0.5851852990682493 0.019374814725089708 0.14611613680346808
9 0.4065839478903042 0.1312008522496652 0.06882708271265763 0.07257222099021768
9 0.30178105541495553 0.5910169260542455 0.052765435070022626 0.062287168373499215
9 0.4673696681114025 0.5998822337914614 0.048330492142117265 0.03398015785015538
0 0.5184398624870501 0.5755871600574685 0.06955482878371626 0.08819722099021768
0 0.4698076174494489 0.6522259837914615 0.06155823821317572 0.05033319994353036
8 0.19497016749223006 0.33859060509226263 0.05291098428423431 0.06541216837349921
8 0.22904976095825474 0.267337231372387 0.057016287427387444 0.0531851841585147
8 0.2726242865988179 0.36648736291418327 0.02718323821317572 0.048331084186749605
8 0.1913272448282043 0.4778428208913956 0.08376287799792803 0.0921412683452644
8 0.29119019602827734 0.33017043131591733 0.03946491439185813 0.04437162628012441
9 0.9613188370513747 0.9005681043863909 0.05232878742738763 0.05291216837349921
0 0.9804817322150651 0.780467706988992 0.039036535569869815 0.07616765785015556
8 0.9209806273742462 0.8374464781062667 0.04651543507002245 0.06192314732681155
1 0.41830304528076107 0.9822534524684855 0.06268409057054072 0.03549309506302904
1 0.5068368523528557 0.9621393100857032 0.07333049214211726 0.035436242036904986
1 0.5988916116584806 0.881017383678522 0.05777826674922295 0.036088689420186525
1 0.5310127528909749 0.8622604074266323 0.04059076674922295 0.035087631541796324
1 0.3699297036767632 0.849761865474432 0.09764128742738745 0.055551320961982856
1 0.42241684883819897 0.8224327970021108 0.10130994292790554 0.033949336746998425
1 0.12160136558742199 0.8376357788686078 0.06522689371369372 0.02873121572854558
1 0.3479498498716563 0.9131495312876824 0.06693494292790536 0.03194722099021767
1 0.452782899085868 0.9223718838196963 0.04178939371369381 0.027366136803468066
1 0.21107908849911677 0.8015533366764112 0.032268844499481995 0.02369510523343692
1 0.2435812193925289 0.7800724498023559 0.033831344499482 0.023786110495108835
1 0.17207440053361006 0.8507041972421071 0.04200771753501131 0.032053636803468066
1 0.593510598838199 0.8323978731551783 0.051164393713693815 0.027912168373499212
1 0.6603342258026696 0.8284985994070677 0.04178939371369381 0.027366136803468066
1 0.5372177493763182 0.7278321995200072 0.06366439371369381 0.028640210466874018
8 0.49915697725041175 0.7637928153473752 0.06566354135632882 0.03810621572854593
8 0.6930332557864591 0.7610604704255204 0.05687073821317572 0.050060184158514785