0 0.6203125 0.5763757605824584 0.134375 0.07656359468490823
0 0.67890625 0.7741314605745042 0.009375 0.0032340880012725393
0 0.6328125 0.7606053099140949 0.0109375 0.012627269334818081
9 0.925 0.5337679005410967 0.0625 0.03978975334181776
9 0.53515625 0.5117416432606852 0.08125 0.03532042934436319
9 0.61796875 0.04671553258277659 0.053125 0.03186816534054513
0 0.828125 0.20442639322091427 0.09375 0.049528380012726636
0 0.81953125 0.2857763905554142 0.078125 0.06497156667727229
0 0.73984375 0.1492036385662319 0.0625 0.0460397533418178
0 0.72421875 0.19547920190168633 0.0578125 0.03504770934118144
0 0.678125 0.29601555124127693 0.128125 0.07961586935072643
0 0.784375 0.3744667205601867 0.0671875 0.03828179734245411
0 0.746875 0.0733405725652774 0.0625 0.0460397533418178
0 0.7046875 0.2535189685710044 0.065625 0.04920111600890866
0 0.621875 0.18651382924891297 0.05625 0.06315452800763603
0 0.66953125 0.11564679857577691 0.0875 0.05101815467854491
7 0.3796875 0.8401131859484569 0.1046875 0.0996556493475449
7 0.24765625 0.7861807586330469 0.0875 0.057268154678545
7 0.1921875 0.8282324459739103 0.078125 0.047784066677272106
7 0.11796875 0.7705023093173189 0.140625 0.07507382001909021
7 0.0875 0.6677318453214551 0.1484375 0.1423522266868172
7 0.18984375 0.6681034679742284 0.121875 0.09204314401654479
7 0.1734375 0.5706381219764557 0.121875 0.08579314401654478
7 0.26796875 0.5437569012969562 0.0578125 0.04442270934118149
7 0.3171875 0.6775591892902747 0.10625 0.11061133068109026
7 0.309375 0.755775095958002 0.05 0.03183180267345413
7 0.40078125 0.7445552379455934 0.096875 0.07925224267981754
7 0.24453125 0.8713733713001378 0.11875 0.08575678134945405
9 0.20390625 0.16168983597231948 0.065625 0.08201361600890866
9 0.325 0.4399682826225475 0.1046875 0.09496814934754472
4 0.39140625 0.21966432594686608 0.0890625 0.14791133601209036
4 0.1953125 0.3602273333068194 0.078125 0.11965906667727229