9 0.1765625 0.26015625 0.05078125 0.07421875
9 0.2203125 0.178125 0.04921875 0.07578125
9 0.03125 0.3265625 0.0375 0.08125
9 0.17734375 0.59453125 0.0453125 0.06953125
9 0.24375 0.4859375 0.04921875 0.05703125
9 0.30859375 0.5359375 0.0546875 0.06171875
9 0.446875 0.51875 0.05703125 0.071875
0 0.5390625 0.33046875 0.084375 0.11171875
0 0.50625 0.54921875 0.1125 0.16015625
8 0.390625 0.5125 0.053125 0.06953125
8 0.34453125 0.4765625 0.04765625 0.0640625
9 0.146875 0.4546875 0.04921875 0.06875
0 0.7984375 0.09921875 0.03046875 0.065625
8 0.878125 0.38515625 0.0171875 0.04296875
8 0.88046875 0.20234375 0.02265625 0.04765625
0 0.23125 0.77421875 0.0625 0.07578125
0 0.5796875 0.840625 0.0734375 0.05390625
9 0.1015625 0.8578125 0.0515625 0.08046875
9 0.5234375 0.88125 0.03515625 0.05
9 0.45625 0.821875 0.0328125 0.0421875
1 0.2578125 0.92265625 0.02734375 0.0296875
1 0.3015625 0.9609375 0.0203125 0.0296875
1 0.39375 0.959375 0.02109375 0.0234375