9 0.9684030075218473 0.065625 0.06137542069139812 0.06875
9 0.6597755359598844 0.46953125 0.08417642319868043 0.046875
0 0.9266711824363874 0.3453125 0.08114235141192552 0.05
7 0.5799119103995707 0.93203125 0.07046091567683313 0.1125
7 0.781099988850243 0.8375 0.08159699247815269 0.065625
7 0.8608784170634882 0.834375 0.07027905925034225 0.10625
7 0.6663184233316944 0.8890625 0.04019910266556703 0.0390625
7 0.688255607813146 0.940625 0.05743206677218975 0.040625
7 0.8460012263138307 0.728125 0.08114235141192552 0.05
7 0.7404559199664822 0.70390625 0.057341138558944314 0.0375
0 0.03623118510827214 0.13671875 0.07246237021654428 0.0453125
0 0.27220395744270515 0.09609375 0.06359113855894431 0.0375
0 0.02562146829651129 0.25 0.05124293659302258 0.0484375
0 0.05766643283209888 0.19296875 0.08105142319868044 0.046875
9 0.3826975250728246 0.21875 0.06368206677218975 0.040625
5 0.3229230229612536 0.04453125 0.060193353919208284 0.028125
5 0.35114468204067606 0.49765625 0.05715928213245362 0.03125
1 0.30637540281121634 0.3984375 0.07609113855894431 0.0375
8 0.4745654616658472 0.44453125 0.07176735141192588 0.05
7 0.4438479737400411 0.23828125 0.050909282132453625 0.03125
0 0.17028713862545136 0.43046875 0.08435827962517117 0.053125
7 0.11096934527673363 0.83125 0.2120573822907382 0.0921875
7 0.2545769412783831 0.88984375 0.07590928213245363 0.03125
7 0.30375623885024294 0.8375 0.1090854949854351 0.04375
7 0.35657501346084913 0.740625 0.06202863855894432 0.0375
7 0.36909173383567795 0.79375 0.05706835391920819 0.028125
7 0.4875629375174594 0.85703125 0.04796613855894449 0.0375
7 0.33542612450619336 0.93046875 0.04760242570596294 0.025
7 0.06712606855455636 0.75390625 0.10931281551854848 0.0515625
7 0.03737638407310483 0.70234375 0.05077288981258558 0.0265625
7 0.06376303932509661 0.6546875 0.046039925705962895 0.025
7 0.17803247631383062 0.728125 0.08748327962517113 0.053125