8 0.29921875 0.10625 0.0546875 0.09296875
8 0.1109375 0.20703125 0.05625 0.084375
8 0.02890625 0.3546875 0.0421875 0.06171875
1 0.43203125 0.55 0.04375 0.084375
9 0.9875 0.40625 0.025 0.09609375
0 0.95078125 0.05390625 0.0984375 0.1078125
4 0.7125 0.55 0.10390625 0.13515625
0 0.2796875 0.91015625 0.03125 0.0390625
0 0.26953125 0.94921875 0.02734375 0.0375
0 0.196875 0.88671875 0.0296875 0.05
0 0.20546875 0.94453125 0.03984375 0.0546875
8 0.17734375 0.83203125 0.05234375 0.02421875
9 0.746875 0.95859375 0.09140625 0.04140625
9 0.6453125 0.95625 0.09140625 0.04453125
9 0.453125 0.9125 0.0640625 0.04140625
9 0.6859375 0.86796875 0.0796875 0.02890625
1 0.9265625 0.86484375 0.05390625 0.02734375