0 0.30373502505810746 0.7118075692008222 0.21250995680090723 0.2770267095052709
9 0.16899294810893267 0.8064595415204934 0.07087798439090336 0.06373884783255335
9 0.19766361824935103 0.5455366289729232 0.07071429328391084 0.05905134783255317
9 0.252160145291193 0.5532337238397269 0.03659226442797028 0.02021434091247105
9 0.2651759781459996 0.8526262287826428 0.0868849303072194 0.07531301779449713
4 0.22478164583934718 0.7547498028891999 0.07367560217691826 0.0544911818249421
9 0.26128466334736034 0.44876905832640723 0.09993056733052796 0.09144735376405215
1 0.036679022147700566 0.33869242688202617 0.0674801658792491 0.05579901384016441
0 0.7457662684346855 0.7791077461200293 0.34332344718226027 0.26987473718559973
0 0.919796567793864 0.4779484472223433 0.13252481252120454 0.08653436068413445
0 0.7072246459241652 0.4489454022418089 0.23238096878180664 0.13117038144438115
0 0.7434746591710091 0.3518449091618911 0.1722073606144388 0.15056236859279987
6 0.7904563304925538 0.17146900106294527 0.1995337524470706 0.17351970752810453