3 0.4065476773968125 0.44954233254669507 0.0632490228654909 0.1133568458553869
3 0.9426786064380874 0.2981972802261489 0.07675101687504124 0.18724001482874764
3 0.3305109339354164 0.17105523520843344 0.047896841377145095 0.12053267589344294
3 0.41841767250267103 0.11924733748961094 0.08259922359113023 0.13130834980971956
3 0.5953249791182438 0.6054607045995362 0.003343254809323426 0.006377333992388756
3 0.5857118769413255 0.5535798696185641 0.012718254809323426 0.006759335969555025
4 0.1341022808396751 0.7348936062355103 0.043298621414211924 0.07821784190105419
9 0.16594494773041452 0.06059128460041111 0.040337312521204496 0.08277800790866541
9 0.3341469208582085 0.7219810652464895 0.03450397477225655 0.04977450692008212
9 0.3518378408289909 0.33497315517037735 0.027509930307219398 0.07289367193911023
9 0.2896503540758348 0.43073664133021283 0.03154266587924912 0.05433467292769336
9 0.29290675181409853 0.05484264479025401 0.061775802902557686 0.07116934585538688
1 0.28610125734121217 0.5078257233454353 0.04593254809323426 0.06428267589344294
1 0.2524851707733905 0.3941160504177419 0.03499504809323426 0.06383700692008229