9 0.421875 0.6643712715946833 0.04375 0.06686612739018098
9 0.3109375 0.9261679696197851 0.0390625 0.09625323874123311
0 0.3265625 0.7900104241232919 0.0609375 0.10078005243632368
0 0.2328125 0.6217994471022511 0.0484375 0.08279151603912886
0 0.44375 0.5731257078995927 0.065625 0.04795544108527139
1 0.334375 0.5684160263750453 0.05 0.02195414558877822
9 0.25546875 0.437535068632336 0.065625 0.09014294108527139
9 0.3640625 0.4602635649317082 0.04375 0.05905362739018098
9 0.2078125 0.2718390198966403 0.040625 0.05729086829088228
9 0.38125 0.19041213988556566 0.046875 0.0655038864894796
9 0.07734375 0.2403560872923586 0.0484375 0.09372901603912895
5 0.475 0.2945606169066064 0.06875 0.07628070018457009
5 0.1984375 0.07322104719453622 0.05625 0.05672966378737558
5 0.18828125 0.18402813926725678 0.0625 0.07588018198597286
5 0.0953125 0.40873584747139147 0.05625 0.09891716378737563
0 0.44375 0.06453195789959279 0.071875 0.09210595928386878
0 0.7484375 0.18641294571797518 0.2265625 0.28170628469915154