8 0.12934531505309324 0.56678077750259 0.1005853317584982 0.11076202564056317
8 0.16637661141704693 0.9101476337888963 0.09894842068857254 0.06388702564056317
9 0.21514643891437588 0.8053659344508499 0.10919643992586625 0.08932367328319835
9 0.22057542794496668 0.22135265343360339 0.08068949400955017 0.0770762303552929
9 0.1183705764010206 0.29732230210969585 0.0649553666048885 0.07322348428423427
0 0.2094891389222251 0.3744605368082149 0.0860119110699257 0.05080482878371626
0 0.3285292824841376 0.1083367690255346 0.08461310217691827 0.055419554176610444
0 0.3409275895630465 0.06002554756158187 0.06430060217691817 0.054473484284234305
0 0.3516691713215447 0.1659480618296055 0.07049603847458741 0.053202082712657715
1 0.573018381665831 0.18537434222767962 0.1768948606144388 0.15175520678164428
1 0.6794568654237622 0.11859775703382254 0.10798116950744614 0.14386562406898656
1 0.4022520138798161 0.202718161705771 0.03296132213985139 0.09513271753501132
1 0.4026463395630465 0.05715095058090051 0.04280754809323426 0.06439213978475229
1 0.6591096822061359 0.40986061187238676 0.07496528366526398 0.0471704065339754
1 0.7399678126060225 0.37244619499932924 0.0751835384745874 0.053420406533975305
1 0.4892882555271136 0.4318555440469252 0.09424107332097761 0.01842897642635144
1 0.98671875 0.01326820988652542 0.0265625 0.02653641977305084
8 0.8913541754978958 0.037727785465171325 0.12369544954451328 0.07545557093034265