0 0.4609428868072265 0.5311007179344576 0.1852212114824372 0.2145544906906352
4 0.9531423156664189 0.46758836986796065 0.058571186767857594 0.09594884667409058
8 0.5099546842592189 0.30563709392904875 0.09623301285158128 0.06202838001272663
8 0.7759656393158656 0.12059683322727761 0.06428267589344294 0.044477253341817805
8 0.8309714742968375 0.11214798655318706 0.07522017589344294 0.04460452267663593
8 0.655239303840602 0.13215304591027685 0.06571784190105419 0.041370434675363256
9 0.7044116328900749 0.1518837432368226 0.08484984387822045 0.050963610677908555
1 0.14139697973404491 0.09440288598027363 0.05873301285158128 0.06159202800763601
1 0.11207955285201879 0.14315855931731894 0.0490396778706093 0.05367044000636332
1 0.03642297825117016 0.10265228532781845 0.03360567885919249 0.05817612667090888
1 0.25685224749136104 0.40384951662954716 0.0503475098858317 0.04743862133990877
1 0.327540068175058 0.06802964795513843 0.06322951186299815 0.05695907200827235
0 0.2686107371484187 0.057783038629865335 0.0881313527754691 0.093169292011454
0 0.16493529741481133 0.16831255331000108 0.05331068380210837 0.08183180267345422
0 0.10081178901185435 0.20888355665181885 0.05943334980971957 0.07877952800763595
0 0.045872279620314184 0.25403297199236397 0.08557935574121862 0.10719542934436319
0 0.052371630418616935 0.17118410932527311 0.05649935079830275 0.08343066534054513
0 0.13690184482962264 0.33887050131286456 0.07499468281352514 0.07739884134309047
0 0.13936761163553663 0.2591920919796373 0.07193334980971958 0.07892497867599957
0 0.19872141251038905 0.4123347259707287 0.04971083992388783 0.03181362133990877
0 0.2635425992782469 0.3163131539624563 0.05905134783255317 0.06940452800763604
0 0.27566986756703565 0.22949440662795634 0.0524193458553869 0.059956802673454226