9 0.26640625 0.48828125 0.03515625 0.06328125
9 0.2625 0.2140625 0.02578125 0.04375
9 0.30703125 0.38671875 0.025 0.0609375
0 0.30625 0.3 0.0359375 0.0671875
0 0.36484375 0.2078125 0.028125 0.053125
0 0.25703125 0.14609375 0.03671875 0.05078125
1 0.315625 0.146875 0.0296875 0.05
6 0.67578125 0.2296875 0.03515625 0.06875
6 0.6890625 0.271875 0.034375 0.06875
6 0.62890625 0.23984375 0.028125 0.0703125
6 0.8 0.41796875 0.028125 0.040625
6 0.80703125 0.3828125 0.02265625 0.04140625
6 0.79140625 0.353125 0.0234375 0.04296875
6 0.81875 0.34921875 0.0296875 0.05
6 0.83046875 0.40703125 0.04140625 0.08125
6 0.8421875 0.3421875 0.02890625 0.0578125
6 0.9046875 0.30078125 0.028125 0.065625
6 0.85546875 0.27109375 0.02109375 0.040625
6 0.81953125 0.26015625 0.05234375 0.0875
6 0.77734375 0.2984375 0.03515625 0.05
6 0.73828125 0.26171875 0.04140625 0.06875
6 0.7265625 0.190625 0.01953125 0.034375
6 0.6875 0.1609375 0.0296875 0.0421875
6 0.61640625 0.1703125 0.025 0.04375
6 0.87578125 0.253125 0.0296875 0.0484375
6 0.71484375 0.1328125 0.04296875 0.0578125
6 0.653125 0.059375 0.025 0.03671875
6 0.11015625 0.63515625 0.13828125 0.03046875
9 0.69765625 0.97578125 0.0734375 0.04765625
9 0.7953125 0.94375 0.0421875 0.03359375
9 0.83359375 0.840625 0.0375 0.03125
8 0.671875 0.86484375 0.0609375 0.03671875
8 0.796875 0.865625 0.05078125 0.03359375
8 0.79453125 0.83515625 0.04765625 0.03203125
8 0.55 0.88828125 0.04140625 0.03359375
8 0.60625 0.8640625 0.028125 0.02109375
8 0.6453125 0.79453125 0.02578125 0.02265625
8 0.6984375 0.80390625 0.0375 0.028125
8 0.8078125 0.81875 0.03671875 0.025
8 0.75078125 0.91171875 0.03515625 0.02265625
8 0.5359375 0.9390625 0.01328125 0.02578125