0 0.2015625 0.15937891926229183 0.11875 0.14338893692972232
0 0.5484375 0.10104627450437546 0.021875 0.05675914627652778
6 0.403125 0.2523515885245836 0.028125 0.07877961664125
6 0.3453125 0.15881848765090306 0.0359375 0.06646145459715277
0 0.3078125 0.9352894154625698 0.0859375 0.12075021751493083
4 0.50703125 0.6414887833380907 0.09375 0.15061955547083344
9 0.4453125 0.5627085134864587 0.040625 0.06657055737069442
0 0.29921875 0.5655581437110767 0.0625 0.07957970364722229
7 0.7328125 0.6553376502636812 0.040625 0.04782055737069442
7 0.63671875 0.6874760434060769 0.046875 0.09484102773541672
7 0.88203125 0.5494357552214243 0.0328125 0.04607621941479181
7 0.625 0.8637657864722227 0.021875 0.08175914627652787
7 0.59609375 0.8146554860353824 0.015625 0.05036367591180557
7 0.684375 0.712804004937084 0.028125 0.05065461664125
7 0.7296875 0.4458899150813201 0.03125 0.03510235182361114
7 0.6640625 0.48498747625173666 0.025 0.030269381458888845
7 0.75859375 0.6020314655181604 0.025 0.041206881458888844
7 0.71875 0.5878228419430561 0.025 0.050581881458888846
7 0.7328125 0.6225251502636813 0.01875 0.03168641109416655
7 0.78125 0.6767775455902785 0.0265625 0.04436824905006951