0 0.6574635755177829 0.8248973232351731 0.10236613680346807 0.04295252583555538
0 0.9038365885307883 0.9717131993757284 0.05238154735504672 0.015262630508958352
0 0.7121587807935722 0.8103250237482633 0.029217063140062293 0.019404616641249817
0 0.6890390701855239 0.8969171403895133 0.09842208944842135 0.028817290653194404
0 0.6918301412180939 0.9179745227983329 0.13877407366340577 0.025075348023889176
0 0.6733384754754306 0.8691194487101385 0.0827060841867496 0.026891114741388833
0 0.9209184017414376 0.9157716706903812 0.07820059471009344 0.029907011967847195
0 0.8048383754330782 0.9106503724377426 0.06726309471009344 0.029652438829583617
0 0.8838587465221182 0.8704780076963534 0.09905912628012459 0.03975479065319476
7 0.834728399675299 0.3224405511993396 0.03975972099021767 0.06646145459715277
7 0.8987068706655167 0.3866653989388882 0.0441742052052021 0.06188305737069451
7 0.87277443124533 0.33094272901100624 0.03608868942018688 0.05701371941479163
7 0.7749893786286116 0.31757251966420075 0.04702618942018653 0.057268292553055565
7 0.7516421548663837 0.40025838630545074 0.03627069994353036 0.060138719414791805
7 0.8773870655591367 0.22209440587274232 0.030855157850155735 0.047529616641249994
7 0.9419787285297897 0.4177329077726034 0.05069722099021732 0.06671602773541671
7 0.7542365338479312 0.3642117835319091 0.0353606473268119 0.04451371941479172
7 0.6770817706231643 0.4364153982732981 0.05033319994353036 0.06046602773541672
7 0.6922664258424839 0.4822182075438536 0.05069722099021767 0.06671602773541671
7 0.7655219153191403 0.4773839307583675 0.08009629465362363 0.08924564437666671
7 0.7929196022496652 0.38365146134357575 0.06530575256024865 0.07641833605604162
7 0.8033495970585804 0.30752471922736047 0.05033319994353036 0.06046602773541672
7 0.9107657968609363 0.5131187961653465 0.030673147326811544 0.04440461664124999
0 0.3410037025743662 0.05657404226871515 0.06638240514873237 0.1131480845374303
8 0.037922018133502794 0.3018709713146528 0.04444722099021766 0.06657055737069442
8 0.2843089836502871 0.5832436854111108 0.046085315700310936 0.09469555737069442
8 0.33487813104768605 0.5515566211065622 0.047117194681858446 0.058830792553055566