0 0.4314855798595817 0.2745396280675961 0.14684526206571746 0.18221676959604133
0 0.792953847915749 0.18026340848419004 0.09433533175849824 0.10888691818411553
0 0.7793972570867581 0.501288962324256 0.07912699400955034 0.07566524122451135
9 0.540024733040141 0.5256056860642971 0.07750993030721923 0.07405727711788863
9 0.8571923856725462 0.5801928638153241 0.07291171034428637 0.0317788489046432
0 0.8858804470974423 0.09459634461499422 0.14499009618646852 0.12909176959604132
6 0.6641616706037545 0.28522002995437556 0.06232143992586625 0.08610263605166182
6 0.565158686212851 0.34333875534376934 0.06511905771188112 0.07681856426490725
7 0.14205600291040688 0.3662196965556454 0.05305556733052792 0.08895485141192587
7 0.1826016134400276 0.5488336197543259 0.05341766587924912 0.05462531551854859
7 0.15491312305867444 0.5355152658351177 0.03644842068857255 0.06037521034569906
7 0.11291662913394225 0.28247518236988045 0.036339293283910834 0.05725021034569897
0 0.2112251543616857 0.3338223851937321 0.06308533175849824 0.10797763605166182
0 0.25177574329176 0.3819249160725445 0.07009922359113023 0.13003449247815252
0 0.14909966579443107 0.27648960682220214 0.059414694735189635 0.09226170783841656
8 0.6510936638955146 0.6594387799543756 0.12769346878180662 0.1254666644231918
4 0.6516789625369029 0.7994416543275549 0.07136905771188111 0.07700042069139794
4 0.5902826494675443 0.6764384118494023 0.056979175497895974 0.06721624373179384
4 0.5295460129923899 0.8928613822242312 0.1486607332097769 0.14480769780928676
4 0.6083307227037039 0.9795458937381115 0.07071429328391084 0.04090821252377701
9 0.4444145556433285 0.9568580345732289 0.06101191106992569 0.04860263605166182
0 0.5213714475607786 0.6118697949980703 0.06123016587924894 0.05485263605166182
8 0.19054305509517433 0.7469217787672413 0.03557540145127884 0.03537521034569906