0 0.8049610462704171 0.5729491550907424 0.05410684740221221 0.058724336641599
4 0.7935620758984474 0.7787817781262717 0.05065456493480802 0.03982878742738745
4 0.7498956708650276 0.6418661290358945 0.05687729139585791 0.0385573858558109
4 0.8799478149413987 0.8832637628247909 0.034838650162155815 0.028163541356328637
4 0.8919001643722059 0.7351708651821557 0.06608865016215582 0.029619033498445902
9 0.8791661595009419 0.5702736112532142 0.03667388555165907 0.04386131596343468
8 0.8919288068204285 0.28631598821768495 0.07334777110331814 0.08772263192686944
0 0.7753510073068959 0.21212297105417716 0.025709112012708958 0.04178939371369372
0 0.9564606854722288 0.16699875393345062 0.046130706168510116 0.048985463606069854
0 0.9107799926963993 0.19020296753952048 0.02250229139585791 0.036956344499482
0 0.6903623526805133 0.2512090498378935 0.02905230032431163 0.05443494292790545
8 0.7459129232973642 0.2439380512856355 0.04922843262955982 0.047568512820281586
8 0.8009373883943283 0.17736482734048345 0.0460216120127086 0.042735463606069855
8 0.795698689125677 0.29860412655469515 0.031822744317957154 0.034267992142117086
8 0.8118691599046837 0.26662638048363657 0.02225682954530477 0.022893844499481997
8 0.6585981095803721 0.32684690467645766 0.033248876623205345 0.02652826674922295
8 0.7224969683466701 0.33323814578511757 0.021984094155801336 0.007268844499482086
8 0.6529481274372797 0.2927630031048811 0.028943206168510115 0.04818494292790536
0 0.08206574736414476 0.689674622002072 0.16413149472828953 0.15033825599585598
0 0.3648370580415398 0.8330970204732766 0.16764324188232518 0.12333910835322079
8 0.4390510430207109 0.15909228618904234 0.07861592370110611 0.031763730355292896
8 0.2998600836057898 0.2623714516143578 0.05964773538950343 0.018390435070022627
9 0.1436061294658745 0.22515404962849644 0.05035455600635439 0.022641287427387448