9 0.4775510719638 0.7306166574014252 0.06410104135632881 0.034738614363184796
9 0.7515878854460354 0.7329275493829523 0.04491439371369381 0.025254530054229285
9 0.5810057117485522 0.68940078406125 0.06210189371369381 0.025354524004105095
0 0.6676880744449993 0.6896775191323312 0.06886131596343467 0.036328385440423536
0 0.762604622211469 0.6305474379466338 0.05443494292790554 0.028434072208706952
0 0.8193019243211648 0.7380008687629889 0.05174659057054072 0.03779089149054773
1 0.8212497220876344 0.6794116639425287 0.05138271753501158 0.029978391490547908
6 0.7552117690255346 0.31973720297374847 0.070351041356329 0.03477497579950315
6 0.7136428531859343 0.3067013926688982 0.07035104135632882 0.03477497579950324
6 0.7428722808123588 0.366671290307766 0.07162244292790554 0.028534066158582762
6 0.5727161002904502 0.19661384124284237 0.04193494292790554 0.02836134933607006
6 0.6081998360224267 0.189378058163551 0.04164384449948209 0.022111349336070063
6 0.637159589951368 0.20483034134103825 0.04484161910658777 0.023692030054229284
6 0.6423393955757206 0.17746386544333922 0.051382717535011224 0.029978391490547728
6 0.5850727051290144 0.1660814587292851 0.08314213978475227 0.04109769867214012
6 0.6504622646823084 0.15398545882748094 0.05912244292790554 0.02846134328594587
6 0.6947794989665427 0.09124456431187107 0.06693494292790536 0.028506795081343926
6 0.7221745988427083 0.14029059748935832 0.04164384449948209 0.022111349336070063
6 0.7314382828792734 0.17616446497580102 0.089974336641599 0.05363406010845857
6 0.6911921184874152 0.21857467877325165 0.051601041356328994 0.03466589149054773
6 0.7260915033097689 0.25742355533488065 0.07064213978475227 0.04102497579950324
6 0.796639443756475 0.26872869399675803 0.03524829528527036 0.01894998789975162
6 0.8245075785788284 0.3076184771742453 0.04357021753501158 0.029932939695149673
6 0.8118213339555119 0.378766769328723 0.04491439371369381 0.025254530054229285
6 0.7410894187350843 0.1198735583599427 0.04982021753501122 0.029969301131468118
6 0.8539061342031811 0.2801111007108122 0.059850188998964174 0.04408634328594587
6 0.9244690372224997 0.3414026038340701 0.03866439371369381 0.02521816861791084
6 0.32339861125321423 0.8877211511549092 0.03765416542531543 0.13768180718159256
9 0.01764228339600212 0.3022028494342659 0.03528456679200424 0.07371021077238851
9 0.04671652646913268 0.20436024707313374 0.03633991439185815 0.04238748789975162
9 0.1516245043432262 0.16547903337387898 0.032996590570540586 0.03768180718159235
8 0.11987358250776994 0.3273386839396131 0.04033820967712844 0.061155668617910844
8 0.12491430107623853 0.20234322911915287 0.036703787427387446 0.05019998789975162
8 0.15527388916557977 0.20450971711710034 0.03343323821317572 0.04705680718159231
8 0.09075966315351307 0.4493500393258073 0.03626713978475231 0.04082498789975162
8 0.11759829900932392 0.39295913876007327 0.02318494292790545 0.028252265027114642
8 0.18894891418697038 0.3534921177810303 0.023039393713693724 0.025127265027114643
8 0.1820482508285695 0.30042165993550796 0.029871590570540583 0.03766362646343309
8 0.17229872332597954 0.19113301834676436 0.02674659057054054 0.03764544574527391
8 0.07667370016661575 0.24870514471200159 0.02347604135632886 0.03450226502711464
8 0.039323441689560354 0.4637079759958949 0.025582196856846862 0.012645445745273954