9 0.31953125 0.153125 0.065625 0.09921875
9 0.07421875 0.53125 0.07734375 0.0765625
8 0.16875 0.4515625 0.13203125 0.1578125
8 0.74140625 0.23828125 0.0875 0.13046875
0 0.784375 0.3984375 0.0671875 0.1109375
0 0.29296875 0.60078125 0.065625 0.0625
8 0.29453125 0.69609375 0.05703125 0.075
8 0.1984375 0.5765625 0.034375 0.01328125
0 0.66484375 0.69296875 0.24140625 0.16328125
0 0.559375 0.909375 0.08828125 0.1109375
0 0.80390625 0.92265625 0.1859375 0.15234375
0 0.61328125 0.95078125 0.09375 0.0984375