0 0.25 0.3734375 0.2484375 0.31328125
9 0.12890625 0.1890625 0.05703125 0.0859375
9 0.39140625 0.1703125 0.05078125 0.0859375
9 0.3921875 0.2421875 0.01484375 0.0484375
9 0.0984375 0.3203125 0.06640625 0.103125
4 0.18828125 0.24921875 0.04609375 0.09375
8 0.884375 0.2703125 0.078125 0.0984375
8 0.546875 0.15625 0.06171875 0.07734375
9 0.503125 0.3921875 0.0640625 0.0890625
9 0.753125 0.4984375 0.046875 0.06015625
0 0.54296875 0.26875 0.0625 0.07578125
0 0.759375 0.20390625 0.0890625 0.1015625
0 0.8109375 0.3375 0.06171875 0.07109375
0 0.59453125 0.11484375 0.08828125 0.1
9 0.0328125 0.76484375 0.0546875 0.07109375
0 0.69296875 0.8546875 0.1171875 0.11796875
8 0.684375 0.6796875 0.1 0.12734375
8 0.5265625 0.93671875 0.059375 0.07265625
9 0.76015625 0.94453125 0.1171875 0.1109375