0 0.3015625 0.328125 0.26953125 0.20390625
9 0.2015625 0.196875 0.06171875 0.06875
9 0.46328125 0.21640625 0.05546875 0.06875
9 0.4578125 0.27109375 0.01796875 0.0359375
9 0.159375 0.29453125 0.07109375 0.08359375
4 0.25546875 0.25078125 0.0515625 0.07265625
9 0.5625 0.2765625 0.08671875 0.09609375
1 0.66328125 0.0484375 0.05390625 0.06640625
0 0.25234375 0.771875 0.25546875 0.33359375
0 0.56015625 0.93515625 0.08203125 0.1296875
0 0.58046875 0.721875 0.12265625 0.22890625
0 0.67890625 0.7546875 0.14375 0.1671875
6 0.8609375 0.7953125 0.16484375 0.19375