5 0.0644502386008336 0.31875 0.05552526101791675 0.103125
5 0.5757890885245838 0.403125 0.061629790653194405 0.096875
1 0.5151918549577432 0.14921875 0.11199346656500016 0.1125
1 0.7510690307726395 0.784375 0.03768314437666671 0.075
1 0.2878169630496184 0.41640625 0.06319229065319458 0.096875
1 0.3875052256830558 0.26875 0.048402438829583436 0.065625
8 0.3990109958190282 0.528125 0.09295252583555573 0.1
8 0.41585039086128506 0.37890625 0.05843205547083343 0.09375
8 0.4253097777354167 0.046875 0.0644274823325695 0.0828125
3 0.4825326638470491 0.55859375 0.0472399823325695 0.0828125
9 0.7017574021635422 0.6796875 0.07630923328249999 0.05625
9 0.7054980383720838 0.571875 0.0659899823325695 0.0828125