0 0.299665852701107 0.7060746941479168 0.21407572334543534 0.27347778685347246
9 0.16434116494466594 0.8030198164887501 0.07123301285158128 0.06253767401194459
9 0.19453663680722652 0.5417556613785072 0.0710420118629981 0.05785017401194459
9 0.24900130232054618 0.5484972770698266 0.03670150395433271 0.019586454597152782
9 0.26027840604741737 0.8474802909375349 0.08730368182494201 0.07383884992375016
4 0.22044392631337245 0.7503682483844794 0.07397601087441492 0.05323540919430556
9 0.2587357410655704 0.4439370636389586 0.10044035178688589 0.08975479065319458
1 0.03471726232010864 0.3378461453265973 0.06778967787060931 0.05465243882958344
0 0.7414103423209838 0.7656218400431951 0.34481638737588016 0.2640326645126391
0 0.9172339905712787 0.46160975332156334 0.13299818380210837 0.08426851006798622
0 0.7047804115218058 0.4363330771254173 0.23309102570316256 0.12718466831236128
0 0.7416039322820526 0.338659296540209 0.17304486364988386 0.14764133225631956
6 0.7896461373386992 0.15757360391090344 0.2004987015966055 0.17013458130638903