0 0.559375 0.26171875 0.13984375 0.17890625
0 0.2015625 0.15703125 0.08984375 0.10546875
0 0.20390625 0.478125 0.0765625 0.0734375
9 0.4421875 0.509375 0.07421875 0.071875
9 0.1234375 0.5546875 0.07109375 0.0296875
0 0.11171875 0.06875 0.140625 0.12578125
6 0.3265625 0.265625 0.06015625 0.084375
6 0.4234375 0.3265625 0.06328125 0.075
7 0.8453125 0.36171875 0.05 0.08828125
7 0.7984375 0.54296875 0.0515625 0.053125
7 0.8265625 0.53046875 0.03515625 0.05859375
7 0.87734375 0.27890625 0.03515625 0.05703125
0 0.77734375 0.32734375 0.05859375 0.10625
0 0.73515625 0.37421875 0.065625 0.12890625
0 0.84140625 0.271875 0.05703125 0.09140625
8 0.3265625 0.63984375 0.1234375 0.12109375
4 0.32109375 0.7796875 0.06796875 0.075
4 0.38671875 0.65859375 0.0546875 0.06640625
4 0.43984375 0.8765625 0.14375 0.13984375
4 0.3578125 0.96953125 0.06953125 0.05703125
9 0.52265625 0.94296875 0.06015625 0.04609375
0 0.4578125 0.59609375 0.05859375 0.05390625
8 0.78359375 0.740625 0.034375 0.03515625