0 0.19669802182386867 0.49013011825677066 0.1930550384437537 0.1699163757593057
0 0.12343758423919757 0.5480166598598957 0.08099105042954129 0.05650587955902786
0 0.460169622344267 0.5994817087781246 0.14207239258219673 0.15000261284152785
0 0.5369025407070612 0.6242258292190968 0.1285764586155702 0.19026393692972227
0 0.36274906773085425 0.5525904846136802 0.12842597241038015 0.12783667211208344
0 0.45440214269779766 0.9179771356398607 0.13451219810012063 0.12485714247680554
0 0.47426866463320794 0.7622356287060066 0.1338571008590826 0.11235714247680573
0 0.2937722591607125 0.8265196003049997 0.1802274898232347 0.1633754350298613
0 0.48774126017676533 0.1478282898001732 0.11394739258219673 0.14934799620027786
1 0.13515741350155416 0.36905585847312483 0.05599105042954129 0.05592399810013893
1 0.5836601905253471 0.2829280287822564 0.06470430913596861 0.07329333605604171
9 0.4068962946637901 0.30576938279006904 0.10779256784239592 0.0914627610179167
9 0.3851584927639108 0.1845489994313191 0.1185596494796016 0.11824346656500007
1 0.7326045443251058 0.5229139830950688 0.057874454997525505 0.09186149810013902
1 0.7812500842391976 0.5327059039728812 0.05096935775648763 0.07921602773541672
1 0.8098807745374021 0.40329050769635344 0.05237472749876275 0.046476262917777865
1 0.837883028043905 0.955869340618263 0.05558161465389233 0.04811149810013902
1 0.602922609115284 0.7342716700247911 0.02867827792830404 0.10054551386770835
0 0.6291785719147257 0.6501687737482633 0.07447545680654795 0.14062630642076393
0 0.7600534356641071 0.6244940136802771 0.07473440637700665 0.0860115416031249
0 0.8278484452750454 0.5815603248506938 0.07366322930778538 0.0953501740119446
0 0.8916995833346864 0.5543243712034714 0.0991479081860291 0.13495818787965277
0 0.8391754488930901 0.4845398544859715 0.076460680687266 0.08917290919430557
0 0.8782158582107729 0.7520533563858326 0.07332903663473153 0.11875130642076392
0 0.8305839416570009 0.6782534868947909 0.07456398801421252 0.11253767401194459
0 0.8870508683875382 0.9110283128828464 0.055820632066747325 0.08245013050895836
0 0.7781638692920494 0.8893734780610757 0.06428822930778502 0.09513196846486097
0 0.7200481541177584 0.8220599979127077 0.0574650192218769 0.08404899810013902
0 0.6316473111721335 0.29039438345565916 0.03945200361804453 0.0976750870059723
0 0.8668035611721334 0.28492106098298536 0.10154256784239593 0.09131729065319458
0 0.7051910317734913 0.2122135256481244 0.06848440637700666 0.08586607123840287