9 0.9289149820079228 0.41953125 0.04956766046291676 0.0578125
9 0.7137417080199894 0.6640625 0.06250430810555194 0.0671875
9 0.5616225124059968 0.19921875 0.071224336641599 0.053125
0 0.9162329296933391 0.13046875 0.1109075748547749 0.1
0 0.8265754243166556 0.2015625 0.08059933664159899 0.053125
8 0.7333861964425621 0.16328125 0.1021147717116218 0.1125
0 0.998742599771467 0.50546875 0.002514800457066002 0.1125
7 0.23998941501103072 0.28828125 0.040012877997927986 0.0875
7 0.28965762117350247 0.2140625 0.0340882096771284 0.0609375
7 0.2986773643490769 0.340625 0.028672963606069857 0.0453125
7 0.31795174917143043 0.3015625 0.025984611248705037 0.0546875
9 0.8227636052483398 0.82421875 0.03844606989237605 0.0203125
8 0.8708736195163634 0.8171875 0.035102746071058635 0.015625
8 0.5822820004097755 0.79375 0.03993579528527036 0.01875
1 0.157742226836127 0.8875 0.033869885855810855 0.05625
1 0.05991900289097492 0.83359375 0.045899004962398716 0.0796875
1 0.1422905471427879 0.75703125 0.08437930810555186 0.0671875
1 0.29823017803620006 0.73359375 0.16101458271265773 0.06875
1 0.4767469379609975 0.89296875 0.06475601282028158 0.0484375
1 0.27445453783716295 0.84375 0.046660984284234354 0.0625