0 0.23734115643912598 0.4917192502117615 0.18919419530200426 0.17636362087727822
0 0.16539194860070947 0.43956448698699474 0.07971624373179384 0.0592377630835923
0 0.5035080625490476 0.36039584257336754 0.138648626022532 0.154701452503779
0 0.5808601727364621 0.3292830794897751 0.12420569279472175 0.19441639988706055
0 0.404940181907662 0.41543892932036586 0.1255121285298145 0.1320984104104042
0 0.5051708847980206 0.052838760735105204 0.13167120031656906 0.10567752147021041
0 0.5214133134069774 0.19579501627912574 0.1313074874635877 0.11683743145709165
0 0.3423191953020042 0.1459678634788806 0.17651233887551349 0.16938557878390337
0 0.5205534393630025 0.811730829419188 0.110523626022532 0.15306335779368574
1 0.17294133880900647 0.618334229094487 0.054716243731793845 0.05778167889684287
1 0.6196775979802065 0.6682244821488459 0.06302884890464337 0.0754242052052021
9 0.44335077870073436 0.659712574086929 0.10571645407749272 0.0950688472703419
9 0.4187719790173035 0.7832256687970223 0.11586434389007838 0.12217737884037305
1 0.7743039473470683 0.41505543756580954 0.055761918184115446 0.09371917889684286
1 0.8232044486007094 0.4012512718231463 0.049148205331134065 0.08085515785015537
1 0.8488302373970807 0.5288834481597403 0.05131845909205772 0.048224668373499216
1 0.6494844891129403 0.21337808745287004 0.026347202823851744 0.10136507892507778
0 0.6737918188172538 0.2956977637894641 0.0712338054894186 0.1429757262518896
0 0.8041385483632826 0.3108005770707007 0.07276756175762493 0.08847023677523325
0 0.8709683471887837 0.34838460608048305 0.07147784639736088 0.09775423151356133
0 0.934218504948058 0.37052564561360907 0.09609741316955081 0.1397443104386391
0 0.8800371217993899 0.4448955850337956 0.07442098997087002 0.09168624203690498
0 0.9253422954602886 0.17305140613695275 0.07059730799670091 0.1211007262518895
0 0.8759620725781774 0.2510545797721238 0.0719779515702104 0.11494173151356132
0 0.9378924565847754 0.027400967538073962 0.05392663354437914 0.054801935076147924
0 0.8284409002374268 0.045957034589096446 0.06210284639736088 0.09191406917819289
0 0.7687225709288248 0.11565467704246579 0.055580061757624755 0.08746917889684287
0 0.6678650453937818 0.6568095690370186 0.037193774610606314 0.09887711575678075
0 0.9030212953937816 0.6431132771554052 0.09946645407749273 0.09470482622365459
0 0.7396240366182931 0.7293223348926212 0.06656302586424748 0.08966871572854576