0 0.7609366891190863 0.6178354598981866 0.25391948132901837 0.31695333203372583
9 0.8852487167152265 0.8008014065484146 0.05775004464226896 0.08659202800763595
9 0.6230759991826306 0.8226058705840492 0.0530625446422686 0.08653748400699968
9 0.6210401663909149 0.750739961250822 0.016470479707460583 0.04861931333545435
9 0.9134264894433979 0.6691968705442783 0.06742505357072233 0.10388861600890867
4 0.8248236854656383 0.7413360472231414 0.048511412337020235 0.0942954400063634
8 0.12836174268980877 0.728342081317637 0.07984323295387141 0.09934656667727211
8 0.4678527110331836 0.838477413271821 0.06386367694751698 0.07885225334181775
9 0.5074844066516823 0.6020308359325485 0.06561709172016936 0.0898079346753633
9 0.2556298060030591 0.4986898492998197 0.047911394480112966 0.05992044000636341
0 0.4697952662287591 0.7259319599379574 0.0638091298696164 0.07572725334181776
0 0.25452086809519825 0.7932938246340016 0.09083528003177203 0.10259883601209019
0 0.20062648051494417 0.6603000586410012 0.06375458279171564 0.07260225334181776
0 0.4209192098153676 0.880438193944957 0.09080800649282175 0.10103633601209054
9 0.971292167612026 0.22390200453536968 0.05594208279171582 0.07251134667409058
0 0.30956768912238164 0.1417398679583201 0.11926028896022585 0.12011360001590839
8 0.32121607548481973 0.31663987062382015 0.10223643019392785 0.12928860534690845
8 0.4745420783274888 0.057772305935730225 0.06062958279171564 0.0725658906747269
9 0.24081196063273708 0.0544142326543642 0.11912392126547414 0.1088284653087284