0 0.45281474669023114 0.23348221699889143 0.1489213052100677 0.18713665946843888
0 0.8057513480141386 0.10586505012919692 0.09557367328319835 0.11205751387966063
0 0.8183627797743924 0.42710899445367084 0.0799829065339754 0.07834384793281686
9 0.5815370219165095 0.4736287507751923 0.07834763192686936 0.07668121838316751
9 0.9023974855225794 0.49851482264673086 0.07325771753501123 0.0342934592838688
0 0.8914833327126577 0.039806715379290196 0.14651974317557476 0.07961343075858039
6 0.6858091832079958 0.22246916410114262 0.06330482878371627 0.08817992288667416
6 0.5917723928851242 0.2896146961794005 0.06599318114108108 0.07900518198597287
7 0.17153482154500596 0.3518059245847172 0.05414815260503385 0.09226664558877821
7 0.22685167596928543 0.5300520380952376 0.054036836641599174 0.05642927513842757
7 0.19814447911243857 0.5193543699889254 0.037140435070022626 0.061577850092285044
7 0.13564651736839556 0.2710460803525283 0.03706766046291672 0.06001535009228505
0 0.2379025301886771 0.31307528917497174 0.06432367328319835 0.11005492288667425
0 0.28227326840185285 0.35724679133444004 0.07159251778268025 0.13233044108527156
0 0.17125653163641918 0.2617118507105939 0.062106201819245574 0.0958922933370249
8 0.7032387016098486 0.5966879141011426 0.1291139193542568 0.12978523442229636
4 0.7152207789458229 0.73618121067737 0.07224318114108108 0.07940570018457009
4 0.6439557468951189 0.6192929017626414 0.0577440334984459 0.06912953423772628
4 0.600982804586386 0.8406660564507182 0.15029971463952715 0.1498369185677376
4 0.6873441437091845 0.928378005094129 0.0713698858558109 0.060655700184570095
9 0.5212632253883849 0.9123791725821324 0.06155823821317572 0.05067992288667398
0 0.5699510126108847 0.5613487962716855 0.061849336641599174 0.05692992288667416
8 0.25090141376817643 0.726757057373569 0.035976041356328814 0.03657785009228505