4 0.378125 0.0875 0.08984375 0.1375
0 0.1515625 0.3296875 0.1421875 0.21796875
0 0.3171875 0.23671875 0.0828125 0.109375
8 0.7 0.28203125 0.0859375 0.053125
0 0.75625 0.121875 0.04765625 0.0484375
0 0.68203125 0.21328125 0.04453125 0.034375
0 0.6546875 0.103125 0.03671875 0.04140625
0 0.63125 0.046875 0.05234375 0.05546875
0 0.946875 0.128125 0.0578125 0.0390625
0 0.8984375 0.10390625 0.025 0.05859375
0 0.8640625 0.18984375 0.053125 0.0359375
0 0.82734375 0.06796875 0.0578125 0.04296875
0 0.7640625 0.2078125 0.03515625 0.04609375
0 0.51171875 0.225 0.05703125 0.05390625
8 0.165625 0.8375 0.03515625 0.04296875
8 0.15859375 0.771875 0.03515625 0.0515625
8 0.0796875 0.81328125 0.0375 0.0375
8 0.14375 0.5984375 0.03203125 0.03203125
8 0.175 0.534375 0.06875 0.0375
8 0.13125 0.571875 0.028125 0.03359375