0 0.4710647009317507 0.9581680552862956 0.14611613680346808 0.04648236364988421
9 0.08442414775033479 0.397169477262587 0.07257222099021765 0.06842634783255316
9 0.5589830739457545 0.2515705454004639 0.062287168373499215 0.0524193458553869
9 0.5485552662085386 0.41722737889856115 0.03398015785015538 0.048148339923887916
0 0.5181628399425315 0.47068530133196296 0.08819722099021768 0.06906301779449713
0 0.6008990162085386 0.41509453452604905 0.05033319994353036 0.0612850098858317
8 0.31765939490773737 0.16631743079917777 0.06541216837349921 0.052546679847775654
8 0.24203776862761295 0.2068097796203142 0.05318518415851479 0.05672484387822054
8 0.33663763708581673 0.2419249258562619 0.048331084186749605 0.0269100098858317
8 0.45809467910860435 0.15046298463977975 0.0921412683452644 0.08325285178688593
8 0.29795456868408265 0.2637654337649273 0.04437162628012441 0.03921900889724857
9 0.7931818956136091 0.8873674880626398 0.05291216837349921 0.052037343878220454
0 0.669532293011008 0.9228022637658023 0.07616765785015538 0.049867348821136304
8 0.8766776641000475 0.9525521362757539 0.057342063140062294 0.021042011862997968
8 0.7344285218937334 0.8523505009142213 0.06192314732681172 0.04616934585538672
1 0.941530992460428 0.33418679684615765 0.0410492052052021 0.06246550790866543
1 0.9081731899142967 0.42517655277765665 0.035436242036904986 0.07314833992388792
1 0.815857616321478 0.5248038210664454 0.036088689420186525 0.05758700692008212
1 0.8049270925733676 0.4582211575302921 0.035087631541796324 0.040399506920082116
1 0.811175634525568 0.2974109915226809 0.055551320961982856 0.09734984387822054
1 0.7775672029978893 0.3525587479484716 0.033949336746998425 0.10114600593149899
1 0.8279892211313922 0.048877991028389335 0.02873121572854558 0.06508117193911027
1 0.8774754687123176 0.2697688111806137 0.03194722099021767 0.06677100593149907
1 0.8745031161803037 0.3743289771882249 0.027366136803468066 0.04164367193911023
1 0.7812591633235888 0.1419714164275407 0.02369510523343692 0.03214133794672147
1 0.755865050197644 0.17652017137045659 0.02369510523343692 0.03214133794672147
1 0.8352333027578929 0.09846415555312579 0.032053636803468066 0.041834672927693425
1 0.7676021268448217 0.5236524979484716 0.027912168373499212 0.05101867193911023
1 0.7558764005929322 0.5911583329294435 0.027366136803468066 0.04164367193911041
1 0.6690428004799928 0.47622835270110697 0.028640210466874018 0.0635186719391104
8 0.7096446846526249 0.43482476129434444 0.03810621572854593 0.06546317391627668
8 0.6842520295744796 0.629929014260094 0.050060184158514785 0.0565975098858317