9 0.31774947931254643 0.16800740715314783 0.06678860534690845 0.10305653349844598
9 0.06803709659454878 0.5347067938375283 0.07901588534372679 0.08020123035529281
8 0.16349559460536645 0.4594221575674326 0.13464881468808992 0.16399834160399784
8 0.7386335966343196 0.27281280107172934 0.08902723201781733 0.135325377997928
0 0.7797387599459116 0.4349703527671404 0.06847837468172671 0.11406680810555177
0 0.28597802725177646 0.6144264888323482 0.06635225334181775 0.0655565334984459
8 0.2864314659055044 0.7098117634394541 0.05868520401018138 0.07769266046291676
8 0.1917285879217309 0.585804875102444 0.03452045066836353 0.014101041356328992
0 0.6567803285725953 0.7239343453235423 0.24251585868872638 0.17370728949430206
0 0.548793463876551 0.9354283093438969 0.0903533746817267 0.11508565260503403
0 0.7931701725414149 0.9396030981165826 0.18771927068745348 0.12079380376683488
0 0.6022179085375969 0.9639716475379366 0.09489542401336308 0.07205670492412679