0 0.1734375 0.2703125 0.07109375 0.16015625
0 0.0953125 0.1859375 0.1078125 0.253125
0 0.16015625 0.1921875 0.003125 0.00703125
0 0.1421875 0.14375 0.05625 0.13671875
0 0.1171875 0.36484375 0.09375 0.17421875
9 0.0234375 0.19296875 0.03828125 0.0765625
0 0.153125 0.0078125 0.04609375 0.01484375
0 0.159375 0.06328125 0.0359375 0.05859375
9 0.61875 0.409375 0.115625 0.09296875
9 0.7875 0.0140625 0.07734375 0.02734375
8 0.434375 0.26328125 0.0578125 0.075
8 0.46953125 0.2015625 0.0453125 0.06171875
8 0.6875 0.1359375 0.08046875 0.0765625
8 0.621875 0.1875 0.04375 0.05078125
8 0.79453125 0.4328125 0.075 0.07421875
8 0.66171875 0.09921875 0.075 0.06328125
0 0.965625 0.31640625 0.06875 0.0875
0 0.58359375 0.2859375 0.065625 0.078125
0 0.67109375 0.5890625 0.0734375 0.06015625
0 0.7875 0.29921875 0.084375 0.103125
0 0.146875 0.79375 0.0859375 0.1421875
0 0.03125 0.7484375 0.0625 0.121875
0 0.071875 0.8359375 0.05234375 0.0875
0 0.196875 0.8625 0.0609375 0.10390625
1 0.0296875 0.978125 0.02890625 0.04375
8 0.0109375 0.84140625 0.021875 0.07421875
8 0.046875 0.9140625 0.04375 0.07421875
7 0.5203125 0.675 0.040625 0.06953125
7 0.49140625 0.7734375 0.01796875 0.04140625
7 0.453125 0.8328125 0.0265625 0.05078125
0 0.8 0.6484375 0.07421875 0.05859375
1 0.90234375 0.64453125 0.034375 0.05078125
1 0.94375 0.6953125 0.02578125 0.04765625
1 0.9828125 0.7796875 0.02578125 0.05859375
1 0.9171875 0.746875 0.0296875 0.053125
1 0.9203125 0.84765625 0.02734375 0.05859375