0 0.1765625 0.6439532878034029 0.028125 0.05065461664125
0 0.07890625 0.8010553133546182 0.03125 0.06010235182361114
0 0.13515625 0.6836145466371182 0.028125 0.06315461664125
0 0.13671875 0.8109946642282987 0.021875 0.03800914627652787
0 0.19140625 0.8778925299196182 0.025 0.049019381458888844
0 0.1078125 0.8743843637914583 0.034375 0.044550087005972475
9 0.209375 0.5767482572181946 0.025 0.05370688145888884
0 0.259375 0.7247870201359724 0.03125 0.04916485182361115
0 0.190625 0.6841243461240281 0.06875 0.0641001740119446
0 0.159375 0.7998032443004168 0.03125 0.053852351823611144
4 0.7 0.20144893084888946 0.071875 0.06417290919430566
0 0.87265625 0.107811299674341 0.0453125 0.06042966014423614
9 0.896875 0.04509374733763964 0.0453125 0.04792966014423615
8 0.65234375 0.1222147193178825 0.040625 0.029070557370694507
8 0.71640625 0.05886204055628532 0.05 0.040226262917777825
8 0.7765625 0.08057469281673676 0.05 0.040226262917777825
9 0.3703125 0.017994119109791977 0.040625 0.019695557370694478