8 0.4234375 0.15234375 0.128125 0.1359375
8 0.3859375 0.3015625 0.09765625 0.08984375
0 0.2296875 0.3921875 0.1265625 0.11328125
1 0.55234375 0.30703125 0.0640625 0.10546875
8 0.6890625 0.421875 0.01953125 0.05390625
8 0.6984375 0.121875 0.03828125 0.06796875
8 0.80078125 0.06328125 0.04609375 0.11015625
8 0.75625 0.08203125 0.0375 0.078125
8 0.79921875 0.2390625 0.034375 0.07421875
9 0.97421875 0.42109375 0.0515625 0.0546875
0 0.51484375 0.61953125 0.09765625 0.19140625
0 0.19609375 0.77578125 0.0671875 0.10546875
7 0.16875 0.678125 0.02890625 0.0609375
0 0.8296875 0.728125 0.05546875 0.10703125
8 0.796875 0.8390625 0.025 0.05625
8 0.86640625 0.71875 0.03046875 0.06796875
8 0.7765625 0.784375 0.0375 0.0828125