4 0.3890625 0.3921875 0.07109375 0.06640625
4 0.45546875 0.3875 0.0671875 0.06875
4 0.365625 0.25703125 0.0421875 0.05625
4 0.38671875 0.334375 0.0640625 0.0734375
4 0.33671875 0.32421875 0.04765625 0.05859375
0 0.4015625 0.4421875 0.075 0.05625
9 0.453125 0.2390625 0.0453125 0.04609375
9 0.51484375 0.30703125 0.04140625 0.0421875
9 0.30859375 0.21484375 0.0390625 0.04609375
8 0.53359375 0.35625 0.05 0.0484375
0 0.35625 0.20703125 0.05 0.0484375
9 0.85625 0.32578125 0.1640625 0.1375
9 0.69765625 0.253125 0.1109375 0.1234375
0 0.96015625 0.0296875 0.0796875 0.059375
0 0.68359375 0.37890625 0.12734375 0.1453125
0 0.7140625 0.05703125 0.1890625 0.1140625
6 0.26640625 0.7234375 0.23984375 0.18515625
0 0.8109375 0.92578125 0.15 0.1484375