4 0.89472876500507 0.7732723327171669 0.04189786569131968 0.056579639784752445
4 0.9296668094579867 0.762259904057285 0.04037173328249999 0.0580693651776464
4 0.8697449891695144 0.6743275645202018 0.026018292553055745 0.04491439371369381
4 0.8882599062476046 0.7305582938420374 0.03888196846486096 0.06112159057054054
4 0.8608434210652437 0.7287068494663899 0.029216027735416716 0.04818494292790554
0 0.9051402413537162 0.8173669350745317 0.045131968464860964 0.06141268899896417
9 0.9153295928929868 0.650305713610579 0.02587282218833309 0.03866439371369381
9 0.9546655030372229 0.6938352357364856 0.025800087005972472 0.035539393713693815
9 0.836314240119445 0.6492933312694248 0.02271145459715278 0.03695634449948208
8 0.968801391429966 0.7299354015760857 0.029034189779513754 0.04037244292790536
0 0.8610778507767716 0.6379726875557312 0.029034189779513754 0.04037244292790554
0 0.30773791128159794 0.8225105849889693 0.04484102773541672 0.04891268899896417
0 0.48390102098899385 0.8307296916895603 0.043242160144236055 0.04727741439185813
0 0.346546491353716 0.8433838571148758 0.041679660144236144 0.04720463978475209
0 0.3771035474901395 0.7113504530620999 0.04513196846486114 0.061412688998963995
0 0.40740994975059086 0.7701603728306414 0.05933993882958326 0.06831766046291676
4 0.097983011205348 0.9167465442518129 0.03695579255305559 0.04542381596343503
8 0.34545219756638945 0.6283581705971112 0.07841724715020844 0.08325345574818695
0 0.726133927430417 0.35097145533841145 0.04585932028847228 0.09266268899896399
0 0.7746947947372571 0.1524033686968123 0.04386040919430556 0.07383991439185814
0 0.7283847988213197 0.24606563151709387 0.04542290919430556 0.073912688998964
1 0.7418257837193403 0.05069747353537653 0.0262728656913195 0.05585189371369372
1 0.7658685746568754 0.3444282028572121 0.037246733282499986 0.057923815963434676
9 0.7815124116628476 0.37811184408970644 0.022747822188333443 0.038518844499481994
0 0.8445748029053822 0.33215933519836627 0.03866376291777769 0.05174659057054054
0 0.905821427430417 0.34260237552123785 0.046912674011944586 0.07086046360606986
9 0.0839944467133681 0.05078125 0.1679888934267362 0.1015625
8 0.04991300028434044 0.19554578639393014 0.09313436379145842 0.11203342721213971
8 0.31649847539871534 0.05642966666816973 0.11162979065319459 0.10196922249741003