0 0.034375 0.38125 0.06875 0.134375
0 0.21171875 0.328125 0.07421875 0.0734375
0 0.50859375 0.03203125 0.0984375 0.0640625
9 0.02890625 0.5 0.05703125 0.06875
7 0.696875 0.11484375 0.246875 0.14296875
7 0.71796875 0.2640625 0.22109375 0.10078125
7 0.8953125 0.23515625 0.18203125 0.1015625
7 0.88984375 0.45859375 0.2203125 0.109375
0 0.31875 0.80078125 0.06796875 0.09296875
9 0.43046875 0.6625 0.0546875 0.1
9 0.06328125 0.8078125 0.03515625 0.0515625
1 0.24375 0.62890625 0.02890625 0.03671875
1 0.18359375 0.5953125 0.02109375 0.03671875
1 0.0859375 0.6234375 0.021875 0.02890625
7 0.81171875 0.65078125 0.0859375 0.1546875
7 0.715625 0.63046875 0.078125 0.09921875
7 0.73671875 0.73046875 0.046875 0.0640625
7 0.8203125 0.803125 0.03828125 0.08671875
7 0.86171875 0.75390625 0.04609375 0.08125
7 0.84375 0.94921875 0.05546875 0.0765625
7 0.74140625 0.86875 0.034375 0.04921875
7 0.78828125 0.86484375 0.03671875 0.05078125
7 0.6984375 0.75078125 0.03828125 0.0640625
7 0.646875 0.6515625 0.03125 0.0546875
7 0.61796875 0.6953125 0.02890625 0.046875
7 0.65546875 0.72109375 0.04375 0.071875
7 0.60625 0.77421875 0.028125 0.05078125
7 0.91328125 0.95703125 0.03828125 0.04140625
7 0.7875 0.95703125 0.03359375 0.053125
7 0.87890625 0.84453125 0.04921875 0.075
7 0.946875 0.6625 0.028125 0.046875
7 0.903125 0.81796875 0.02578125 0.03984375
7 0.72265625 0.69140625 0.034375 0.0453125
7 0.75078125 0.68515625 0.02578125 0.046875
7 0.696875 0.85078125 0.03828125 0.0546875
7 0.828125 0.709375 0.0453125 0.07109375