7 0.42463131957642836 0.21748733043634613 0.02977840359079611 0.01700771753501131
8 0.7024477682485685 0.14915482319763584 0.0720568071815924 0.034597631926869446
8 0.858161437062871 0.2486197839082216 0.06577044574527377 0.028056533498446078
9 0.5724057442444634 0.20405203080784967 0.05792158430895533 0.021442660462916763
8 0.7383892925472612 0.2844587764646235 0.07203862646343318 0.03147263192686935
8 0.6424546238311544 0.2526393881276133 0.08452044574527377 0.02892982878371626
0 0.726928055138489 0.6426158788219883 0.35295332493918147 0.25543678659881797
0 0.7343264229195192 0.8484848891610707 0.3293431081166688 0.2246576674922302
0 0.8021628418320177 0.9883777191876412 0.13158634328594587 0.02324456162471762
0 0.9198968051384888 0.6516035427995617 0.15460672852997775 0.26181941149637405
0 0.7152916392510525 0.4935961819651415 0.13789997579950325 0.07515416542531543
0 0.6046086693052819 0.44467918486062563 0.15499657220870694 0.060329686103479926
9 0.20558536202549363 0.39249152274507904 0.040706813231716585 0.015954639784752266
9 0.23781764168693947 0.09078562758364325 0.028261355386194252 0.024747442927905428
9 0.19477564793345542 0.23569571319178512 0.02986930718159231 0.03263271753501122
9 0.3186853257247484 0.2946062944567008 0.0314318071815924 0.032705492142117175
9 0.22473131352630418 0.1909846807267964 0.04081589754067192 0.034704639784752266
0 0.2837699702403583 0.251562615796819 0.04093407220870695 0.05501713978475227
8 0.1756893046475096 0.2926349179065148 0.034565897540671964 0.0344135413563289
6 0.172201211165172 0.6385467313887502 0.344402422330344 0.4270934627775004