0 0.8124974932535771 0.8331871107840747 0.06871493882958327 0.06797123920022692
0 0.8864253025241325 0.8232788866447904 0.04171602773541636 0.04829365626060209
0 0.9316644141313896 0.7881697658635506 0.032341027735416715 0.04796627404661713
0 0.8725978854460422 0.7658111270261435 0.04462282218833309 0.03902778366526398
0 0.6466685522397922 0.6174107994439966 0.04811149810013902 0.054761911069925694
0 0.8075151332618408 0.6191246107840748 0.044986498100139015 0.05465278366526398
0 0.4567702508530213 0.6084375596107977 0.06388196846486113 0.06155754809323426
9 0.5987285468245493 0.9724777561600858 0.03993532218833344 0.03886409255827132
9 0.5410562915062158 0.7081771539831676 0.04785692496187508 0.04382441106992552
9 0.5993396105604172 0.6298091065229056 0.03521145459715278 0.03713790145127884
4 0.4669648280753478 0.7110541281224518 0.05428876291777769 0.05185516587924912
4 0.5006689872696535 0.7840476840202345 0.07369337955902786 0.0806349303072194
0 0.7285978847804522 0.9731820893313785 0.05643314437666671 0.053635821337243074
0 0.6306643053739242 0.7347247850160263 0.038772865691319505 0.05599702885594056
8 0.22770295953423672 0.7276785998146655 0.04251611474138892 0.08266865626060227
8 0.35618183729031266 0.24428080117327716 0.04164459897381949 0.11230159255827132
8 0.47073660619201413 0.3364906377410987 0.08034342306201392 0.09804068511654282