0 0.2894089754067197 0.32310666883313743 0.09113406010845856 0.08908186525911974
0 0.3425425448849522 0.18935323173935073 0.07857951795398091 0.07948867694751702
1 0.1744884782353901 0.4462186607154626 0.04910109621281209 0.11490797970746058
1 0.2668855773750684 0.6149356586868677 0.04100679508134393 0.06633411201270878
1 0.38144193930236625 0.2949350300350674 0.028406801131468207 0.0489284237011061
9 0.3668198613381226 0.06469810511614528 0.05655907220870695 0.054106847402212235
0 0.3520918243500063 0.6220430008140742 0.10673178903121974 0.08466710064862308
8 0.3768004119786114 0.4372179874213936 0.05654998184962734 0.05254434740221221
8 0.40442544222923243 0.35078956372028747 0.01438066256778665 0.054932961850553054
8 0.02694481596219107 0.19954998660731937 0.03944429508134395 0.06630683847375848
0 0.6486970961146163 0.16760136810508408 0.05681360226293641 0.0978568474022122
0 0.6079549632082755 0.4167752536567432 0.08480224687674216 0.07491027110331831
9 0.7210634963857627 0.38511042208284363 0.06912270472226431 0.06526253571381498
6 0.5885257906815398 0.9718582199715232 0.16895907825883114 0.038883042206636985
6 0.7860956822702834 0.9535643672943053 0.11756929508134384 0.06767051542127547
6 0.6614587757526209 0.8838576136408571 0.12245678298109546 0.10212733603812651