8 0.6573423104672861 0.5479234335938173 0.07883411201270896 0.0451752630835923
9 0.9603535777169331 0.7532604648814998 0.07929284456613388 0.10215330517696727
4 0.7783815133893853 0.5518513413733857 0.09435001785690744 0.03983531570031094
0 0.21156261160567175 0.2269474498023559 0.1824694009729347 0.16984060509226265
7 0.4662949760540126 0.19963931008570326 0.06315456493480802 0.041140210466873973
0 0.12059765583760806 0.9577060841867496 0.10933981818121903 0.08458783162650078
0 0.3771340279965866 0.9814610090667515 0.11657957386326193 0.03707798186649711
0 0.09656627191080197 0.7033517841302798 0.07620003571381495 0.07311825256024881
0 0.15111522442586417 0.8774487077654509 0.06808752678536126 0.05547572625188977
1 0.45169192288373666 0.8832484706372817 0.047747753246410875 0.05273015785015574
7 0.5377191517804183 0.8039697652909054 0.0666613944801128 0.06319722099021767