0 0.3610169683590716 0.6937835849760068 0.09088617328319826 0.11175712523071261
0 0.24869890487683627 0.6904805074012557 0.05512845574818703 0.07986677513842758
0 0.16817234284234295 0.6339115299187895 0.03964900496239876 0.0819904796419344
0 0.2465841331652145 0.5781807665005543 0.06221320967712849 0.06474242288667416
0 0.5177462338699496 0.2458233536360294 0.06345037799792799 0.09130492288667416
0 0.2836109824222075 0.2861224768641572 0.06032537799792799 0.09110466378737554
0 0.7923416654253155 0.18786516347360852 0.08725175103345748 0.100619366131414
9 0.7294887942473037 0.9121258813953507 0.05291098428423417 0.06570414558877821
9 0.7085253992952649 0.39513864049464925 0.0655565334984459 0.06963018198597286
9 0.5915839942090317 0.25912319246954746 0.04964043507002245 0.06237888648947969
4 0.8178083540099947 0.3834477737449264 0.0739512303552928 0.08263082973421945
4 0.797450966292157 0.5316955066260632 0.09666529238978612 0.13549501387966068
0 0.5441185285315381 0.9474413074473983 0.07017556699689198 0.10511738510520345
0 0.5879453796505578 0.4653033412975282 0.0481892510334573 0.09811612739018098