9 0.22734375 0.8925525275136001 0.1421875 0.16038723370266403
9 0.103125 0.020188131037096956 0.04375 0.03564799498543507
9 0.30625 0.015942214898045502 0.034375 0.013500210345698987
8 0.18671875 0.4077767107414104 0.059375 0.05954013605166182
0 0.36953125 0.5779397612162641 0.0796875 0.049193669437756785
0 0.65078125 0.5392483004083466 0.0796875 0.041381169437756785
0 0.36484375 0.683272118896396 0.0703125 0.04892088479802066
0 0.396875 0.628735383082161 0.10625 0.049966559250342255
9 0.803125 0.6553998008040581 0.084375 0.04308006175762493
5 0.70625 0.49164352619345186 0.078125 0.031960705331134064
5 0.80078125 0.9154878546441241 0.075 0.03343227711788863
1 0.73203125 0.8220811839527261 0.096875 0.03875627461060631
8 0.94765625 0.865855230666656 0.0890625 0.05259145407749273
7 0.88046875 0.6732752740818808 0.0625 0.03306856426490725
0 0.5671875 0.8524409707040332 0.10625 0.05309155925034226
1 0.58125 0.3497251476636374 0.128125 0.028728056743059848
1 0.6984375 0.43360370566033846 0.1796875 0.03960337226160835
1 0.87265625 0.3660167035487675 0.146875 0.071461126022532
1 0.92421875 0.23548576906731591 0.1515625 0.13878501834240006
1 0.56875 0.07983018481065593 0.1078125 0.056262023356964994
1 0.67890625 0.25256665432755493 0.140625 0.041591769596041314