4 0.12421875 0.1859375 0.040625 0.0546875
4 0.0890625 0.1953125 0.0390625 0.05546875
4 0.146875 0.2859375 0.02578125 0.04375
4 0.1296875 0.22890625 0.03828125 0.059375
4 0.15703125 0.23203125 0.028125 0.046875
0 0.11484375 0.14140625 0.04375 0.06015625
9 0.10078125 0.3078125 0.02578125 0.0375
9 0.0625 0.2625 0.02421875 0.034375
9 0.1796875 0.3125 0.02265625 0.0359375
8 0.04921875 0.22578125 0.02890625 0.0390625
0 0.1546875 0.32265625 0.028125 0.0390625
0 0.71171875 0.1640625 0.04296875 0.04765625
0 0.5359375 0.14765625 0.0421875 0.0453125
0 0.6734375 0.14140625 0.03984375 0.0453125
0 0.63984375 0.271875 0.04296875 0.059375
0 0.6109375 0.21171875 0.05859375 0.065625
4 0.9234375 0.0796875 0.0359375 0.04375
8 0.66953125 0.35625 0.07578125 0.0796875
0 0.2828125 0.615625 0.04296875 0.09140625
0 0.2296875 0.81171875 0.0421875 0.071875
0 0.278125 0.7203125 0.04296875 0.07109375
1 0.26015625 0.91484375 0.02578125 0.0546875
1 0.24296875 0.6203125 0.0359375 0.05703125
9 0.228125 0.5859375 0.02265625 0.0375
0 0.1640625 0.62890625 0.03671875 0.05078125
0 0.103125 0.615625 0.0453125 0.06875
9 0.9171875 0.94921875 0.165625 0.1015625
8 0.9546875 0.80234375 0.090625 0.1078125
8 0.68515625 0.92890625 0.10859375 0.09765625