7 0.4351173647755859 0.8097757893639678 0.02986931333545435 0.016143197240056396
8 0.713406544119949 0.8958668425276531 0.07223862667090888 0.03250458279171582
8 0.8685838454407676 0.8064066964226869 0.06591590133672724 0.026145488635914305
9 0.5830099721116767 0.8326656387947746 0.05803067600254543 0.019759120941162677
8 0.7485707901018135 0.762914020692986 0.07220226400381798 0.029379582791715642
8 0.6527952134388588 0.78858044804754 0.08466590133672725 0.026472771103318492
0 0.7350231740531339 0.40415662945928393 0.3543260626989076 0.24363654626382641
0 0.7412260786919079 0.19883788392351082 0.33056129869508977 0.21510244317957145
0 0.8081488546705907 0.043006669637325766 0.1319227093411815 0.06010347727182856
0 0.92497382268459 0.407524911519651 0.1500523546308198 0.2573603068171334
0 0.7242504007399512 0.5523759411476812 0.13829997867599958 0.07115007142762977
0 0.6138219780792236 0.594189519882207 0.1553056653405452 0.05582508035608367
9 0.2149941267504507 0.6208148806803953 0.040788632001908985 0.014771612012708778
9 0.248990055458267 0.924471714689927 0.028397720003181703 0.02392842370110628
9 0.20509351010499519 0.7768603291382676 0.030051126670908878 0.031768197240056396
9 0.32869409476445 0.7259035754848198 0.031613626670908876 0.031795470779006865
9 0.2353173594445858 0.8234722763783242 0.04100680800445433 0.033521612012708604
0 0.29401965010340436 0.766696170858437 0.04124316534054513 0.05383411201270878
8 0.1856708007638137 0.7187205466708636 0.03475680800445433 0.033412517856907444
6 0.17773738538349768 0.37255861282348773 0.351656690722452 0.41699222564697547