4 0.7932321874246352 0.6125 0.13340330517696727 0.090625
8 0.5759481639588733 0.8421875 0.09893729991529554 0.0890625
8 0.6409724664344175 0.678125 0.06982665258848364 0.0453125
8 0.7196533903519372 0.9234375 0.08461719468185844 0.0578125
0 0.89719310337906 0.7859375 0.12061487884037306 0.1125
9 0.9370787108903971 0.3828125 0.04575211575678075 0.034375
9 0.7231281449077374 0.1796875 0.057797089448421345 0.0265625
9 0.5602094579066252 0.0125 0.04208108418674961 0.025
8 0.5811520184864387 0.06875 0.08314569994353035 0.059375
8 0.9575170974115164 0.0453125 0.06614021046687384 0.0625
0 0.9040904475950431 0.23828125 0.057797089448421345 0.0265625
0 0.2610967086830841 0.82890625 0.05345819994353027 0.059375
0 0.35198774821621004 0.89140625 0.10694722099021767 0.065625
0 0.11282726670264875 0.96015625 0.09077618942018657 0.05625
0 0.23943860046587534 0.48984375 0.042718121018452494 0.0359375
0 0.29421710572754717 0.48828125 0.04123121572854575 0.0640625
0 0.21069967946154025 0.540625 0.033252115756780665 0.034375
0 0.2635061610456887 0.54609375 0.05916216837349921 0.05
0 0.218784466222656 0.45546875 0.024529563140062206 0.01875
0 0.2547942298003586 0.896875 0.04371917889684287 0.053125
0 0.21759733766463155 0.86484375 0.039866136803468066 0.040625
0 0.33521383205002386 0.4953125 0.053276189420186526 0.05625
8 0.4904899501552918 0.16328125 0.08332771046687401 0.0625
8 0.178824408061917 0.17578125 0.1364372999152954 0.0890625
8 0.051846137156403925 0.33046875 0.10024219468185842 0.0578125