4 0.4245048726573197 0.34168684545843786 0.0929891335443795 0.08335932028847229
4 0.3238683751646022 0.3174843196228822 0.0869209899708702 0.08946384992375007
4 0.4088357232113157 0.5544589491819101 0.049148205331134065 0.07921602773541672
4 0.4059571126281899 0.4286958829775004 0.07786423871722885 0.10018314437666671
4 0.47811926913382286 0.46706935837621566 0.057006169437756785 0.08096036569131951
3 0.4303707762599589 0.24813686720993094 0.09804034639736088 0.09596842306201392
9 0.26947770651826825 0.5410659835668404 0.05797763605166182 0.060684233282499986
9 0.2024456677218971 0.41068684612402795 0.053153743731793844 0.055887630508958355
9 0.4785692131821858 0.643522755602674 0.045568564264907255 0.06351829255305574
8 0.193004820070895 0.32771069196371544 0.06583560015828453 0.06242857123840286
2 0.4041004105957612 0.6332015450215975 0.06422763605166182 0.06082970364722229