8 0.7331088356836976 0.8675807096207832 0.07887040944452864 0.13039820533113405
8 0.533595169894457 0.7898063652684864 0.05711358411256366 0.15007420783841657
8 0.7776325579671592 0.4647906787419708 0.06309996369925486 0.10494356426490725
8 0.884803145890352 0.840514441278383 0.06314541549465283 0.11275606426490725
8 0.8650643802740621 0.4739634387711007 0.05051815046753809 0.09051735141192588
9 0.5917541453011769 0.46004465743006984 0.05683178298109546 0.10163670783841657
9 0.5613212358566482 0.5890334754559008 0.03793633723582168 0.07609113855894431
9 0.701506395202981 0.3920184199664821 0.06587953005422928 0.04565949247815269
0 0.6115894014494969 0.5414848740439749 0.05703177088084708 0.13601170783841657
0 0.026207455115047785 0.4413918781341031 0.05241491023009557 0.10471624373179385
0 0.1345355011783504 0.7740786945105814 0.09298745159900634 0.14018238229073815
0 0.035146117879226134 0.6067440934943671 0.07029223575845227 0.13651181301126591
1 0.07328840808879625 0.9633290626155546 0.05821247579950319 0.0704321719450391
1 0.09518367233034397 0.4221584933360824 0.08008747579950319 0.07106866943775678
0 0.2725365126894236 0.41543581723440803 0.08163179508134392 0.0679891335443795
0 0.4093143500234412 0.40130145790492355 0.1002727107723885 0.04978470282385157
7 0.8581301416869396 0.05470497341083673 0.09744769262201594 0.10125627461060623
7 0.797364837628605 0.16114284151580996 0.056686337235821685 0.07663670783841652
7 0.8330069009585175 0.21087841706348825 0.04727497579950324 0.07011392319868044
7 0.7725233980316514 0.2688787851684615 0.07883404800821019 0.12414820533113406
7 0.6716466992613153 0.2882174700456245 0.13671927088084707 0.13833037727617326
7 0.6791779190106944 0.20207538156582236 0.0912613251355733 0.11201191818411553
7 0.5854097382925351 0.20792822796318325 0.0850113251355733 0.11183006175762475
7 0.5663602773237548 0.12568402929596675 0.04561248184962743 0.05288095909205772
7 0.697769358607648 0.09452129433966154 0.10683178298109546 0.1030915592503423
7 0.7734687953759315 0.10637878516846151 0.031504530054229284 0.044659282132453626
7 0.7684454729708328 0.03783299713025963 0.0802056504675381 0.07566599426051926
7 0.8777654099355079 0.17052019002474186 0.0849931444174139 0.10870506175762476
8 0.4019983163549745 0.05418072581835868 0.09131586729005096 0.10836145163671736