0 0.7163173611784261 0.1692899055840371 0.08468801779449713 0.0886331320667471
0 0.9116178626984819 0.5810097348463936 0.14514535672980172 0.1183073439616777
6 0.840140746614321 0.8165953527796466 0.2840062213682689 0.27370525214770647
6 0.37735431475219794 0.3261519007227971 0.19201503954332697 0.1971626843053107
7 0.28258291459909857 0.7936116383983252 0.16389003954332698 0.1956887155129751
7 0.22649474068282194 0.7563705879687839 0.08092634783255326 0.07284435775648763
7 0.16292433060670977 0.7842222710308991 0.07215884288963736 0.048997421980838854
7 0.10902073919994719 0.7431978013340524 0.11711851581733076 0.08097776232447203
7 0.11212317596780505 0.8384693577564877 0.14954901384016445 0.07332239258219672
7 0.30328402824898254 0.9381395663720579 0.08265067391627667 0.038633132066747324
7 0.2897772851690648 0.9701741383983251 0.0763370069200822 0.0367430834462283
7 0.18450219475088536 0.9311348925821967 0.060521005931499075 0.03123671189493038
7 0.22444410383841434 0.8973674021931352 0.07314833992388783 0.03501680913596843