0 0.13203125 0.2890625 0.08359375 0.08203125
0 0.534375 0.11015625 0.1109375 0.140625
6 0.77421875 0.19140625 0.259375 0.2734375
6 0.30703125 0.63515625 0.18671875 0.184375
7 0.78046875 0.74921875 0.18828125 0.15703125
7 0.74609375 0.80390625 0.06875 0.078125
7 0.77734375 0.86875 0.04453125 0.0703125
7 0.7390625 0.92109375 0.07578125 0.1140625
7 0.834375 0.921875 0.06640625 0.14609375
7 0.92421875 0.734375 0.034375 0.08125
7 0.95703125 0.74921875 0.03203125 0.07578125
7 0.9234375 0.853125 0.028125 0.05859375
7 0.8875 0.81171875 0.03125 0.071875