8 0.30114193993645577 0.18537897397398945 0.13606595941492108 0.10470145250377905
8 0.15085952191739255 0.255007476463651 0.09193412986961631 0.08027830517696728
0 0.09207308279501092 0.4035961658838375 0.13294095941492107 0.10451944198043535
1 0.08833402272817145 0.12597169482303278 0.11482615909060952 0.05039338410204497
1 0.7637316688331375 0.24272541125745026 0.053970479707460585 0.05153167889684287
1 0.7227833405056486 0.3083272954300824 0.05216251785690744 0.03737817363517104
1 0.6531526789794071 0.27336003220531563 0.056686376623205345 0.028276189420186615
1 0.6216238096598025 0.06759515059293222 0.09160684740221221 0.06152830517696724
1 0.6047305900986115 0.1411614532096507 0.08532957386326193 0.059601784130279875
1 0.7823747544675221 0.4266075875940444 0.06482615909060954 0.04748121572854576
4 0.802243375004943 0.6744157560381308 0.14179776217486478 0.07537797355046649
8 0.5876199931067317 0.8531532189946663 0.10270798863591431 0.07154034200867017
8 0.6443666452974824 0.7319992848361515 0.07560001785690744 0.03874325256024882
8 0.7475620089350443 0.9008109270424658 0.08667388555165907 0.047192789391951706
0 0.9235399021973413 0.7898825903660546 0.12329322402541756 0.0883484104104042