0 0.23359375 0.2828125 0.06484375 0.0609375
0 0.30546875 0.27109375 0.03984375 0.04296875
0 0.35078125 0.23671875 0.03046875 0.04296875
0 0.29375 0.21796875 0.04375 0.0359375
0 0.078125 0.0859375 0.0453125 0.04921875
0 0.23359375 0.0828125 0.04375 0.04921875
9 0.0234375 0.4203125 0.03828125 0.0359375
9 0.03125 0.09921875 0.034375 0.034375
0 0.1484375 0.415625 0.053125 0.0484375
0 0.059375 0.19609375 0.03671875 0.05078125
9 0.7453125 0.41328125 0.03515625 0.0359375
9 0.453125 0.34375 0.0484375 0.05
9 0.61328125 0.178125 0.0453125 0.06875
9 0.6984375 0.13515625 0.03515625 0.05390625
0 0.7890625 0.153125 0.08046875 0.08203125
9 0.16875 0.709375 0.025 0.078125
0 0.78125 0.5828125 0.16171875 0.1609375
0 0.5203125 0.8765625 0.0765625 0.09921875
9 0.5296875 0.46171875 0.06640625 0.04375
0 0.4921875 0.97265625 0.13046875 0.0546875
6 0.565625 0.71796875 0.046875 0.08203125
6 0.6140625 0.6140625 0.053125 0.0703125