0 0.3296875 0.2578125 0.121875 0.12265625
0 0.2140625 0.0390625 0.0875 0.078125
0 0.39453125 0.3453125 0.09296875 0.11328125
4 0.94453125 0.34296875 0.1109375 0.10859375
4 0.7 0.0375 0.13984375 0.075
8 0.7828125 0.315625 0.1171875 0.11875
8 0.6875 0.2140625 0.10703125 0.0828125
8 0.66875 0.1265625 0.08046875 0.0828125
1 0.15234375 0.9125 0.15 0.13203125
1 0.14453125 0.7640625 0.2171875 0.15
7 0.90078125 0.6328125 0.08046875 0.08984375
7 0.98984375 0.59140625 0.0203125 0.0421875
7 0.98671875 0.696875 0.0265625 0.0484375