0 0.285530609365044 0.24676595388616018 0.061701116008908666 0.06846320967712849
0 0.27464820070813445 0.31809514433286623 0.0442227146721816 0.04266268899896399
0 0.24080045938095235 0.3618066029765374 0.04411362667090888 0.03328768899896399
0 0.22138684070654363 0.3039020576912671 0.03644657733927241 0.04542381596343468
0 0.08684656667727224 0.08212760339082215 0.05052725867281791 0.04764128742738745
0 0.085530609365044 0.23745080417661044 0.05050907733927246 0.04607878742738745
9 0.4205852200031817 0.04301386931147564 0.03637385200509069 0.03917381596343472
9 0.0995823766709089 0.03587118755122194 0.03477498933799979 0.03597604135632887
0 0.4173522266868172 0.16779554549015807 0.049055665340545215 0.055381012820281586
0 0.1967846406747269 0.0685082131917851 0.05043635200509069 0.03982878742738745
9 0.4219537461011772 0.7645613835794993 0.03633748933799978 0.03604881596343468
9 0.349022586728179 0.4691354135632887 0.05056362133990877 0.05076628742738727
9 0.18526117341658707 0.6215775552100677 0.06927725867281787 0.04851458271265763
9 0.14328330609481382 0.7047325035146567 0.05354317067154524 0.038411836641599174
0 0.16230657344044963 0.796194411496374 0.08219542934436311 0.08503427956950453
9 0.7113385840229081 0.20178967162605926 0.07841590133672724 0.028638730355292897
0 0.5919031667727224 0.8083949284504847 0.1628283586887262 0.1699957845319034
0 0.882616884070633 0.561139054586386 0.10089088534372692 0.08122007485477489
9 0.4678822220719058 0.5511923963997809 0.044513616008908664 0.06766268899896417
0 0.9751380020289531 0.5374896929233962 0.04972399594209378 0.13379711124870503
6 0.7245503927434511 0.5990649319651414 0.0817954400063634 0.050659279569504535
6 0.6212077640833599 0.642662920592602 0.07093066534054522 0.05639985731976367