0 0.7556212361970166 0.29511956162471775 0.12684102570316255 0.1275514193542569
0 0.9644073512925943 0.1693061166298977 0.07118529741481154 0.0911387303552929
0 0.6707634165390839 0.36403868962264574 0.1163200197716634 0.09898977171162171
4 0.6955179491995096 0.9139295277119871 0.11389535672980174 0.11603172249741008
4 0.9753288997331697 0.6551708420227917 0.04934220053366047 0.14411818114108108
8 0.7162721650933902 0.7509372220876344 0.12352502471457924 0.12271837014004525
8 0.8139509783255322 0.6508943726257537 0.08714185574121877 0.1101070541766104
8 0.9006869743711995 0.6280689946278257 0.08612318380210837 0.0851070541766104
1 0.09370753212895318 0.148268372002072 0.1373620316346616 0.15611306699689204
1 0.24182669714798122 0.13354228432701554 0.15884971247102042 0.22417386228216235
7 0.4038915233060667 0.8836792173301236 0.09393568380210837 0.08547092721213971
7 0.448926792089147 0.9708131902418182 0.04301517095052709 0.02227741439185813
7 0.3433307080967582 0.9726004762214636 0.04951983893530461 0.028818512820281583