0 0.6534541397872398 0.29443507971664185 0.1112552893919517 0.09150582654882315
0 0.663912768627613 0.18173036182881744 0.07956567363517095 0.055574970601357875
0 0.6169005317112054 0.10630763794809925 0.08178062101845249 0.040113744911617344
0 0.5512307581042692 0.19075123699815957 0.06439569994353037 0.06256859905006032
0 0.18370453995664904 0.4966349033247889 0.09095819994353027 0.06396068068726599
0 0.2529605870999342 0.2570091593176827 0.09077618942018653 0.06083568068726608
0 0.0917243533790599 0.7787314303485818 0.100135778868608 0.08780761646291495
9 0.8278354296027146 0.6435741853254229 0.06541216837349921 0.05327548620519007
9 0.3104659190793709 0.6738038336733707 0.06926521046687392 0.06593926051544959
9 0.18802104265807212 0.5696220239715752 0.06210515785015547 0.049986711894930556
4 0.2853000481315055 0.7849427295349278 0.08222023677523324 0.07440685775648745
4 0.4368926402107628 0.7497378126424715 0.13496580517696727 0.09742163387576941
0 0.9013015636341724 0.4520174491202328 0.13498121572854593 0.07094102103089917
0 0.39582583738228283 0.5454907259168831 0.09786064732681173 0.04874511646291495