1 0.7771093678787783 0.8562903480186478 0.07785337468172653 0.11450345574818713
1 0.8505201432209143 0.7880625787882256 0.036355670671545326 0.03761131596343468
1 0.8788991345480962 0.8320287485567672 0.04106135200509087 0.03939213978475209
1 0.8284991452100966 0.8687325359841545 0.0664613413430903 0.0749315334984459
1 0.867642913868597 0.9270330335029552 0.055432934675363296 0.06660961124870504
7 0.29420124928391134 0.35016255004278124 0.06506247334499946 0.08892125889134013
7 0.22188880259391244 0.5253124073625448 0.1137181493475448 0.1099272717116218
7 0.46434321598504613 0.08846941708245451 0.05861247867599957 0.07144266046291672
7 0.04009609929981973 0.519873698304589 0.08019219859963946 0.060252603390822126
7 0.07364165925368549 0.5829708577340483 0.05510567067154524 0.03848461124870504
7 0.2151671826066391 0.43192628039807407 0.06168293467536321 0.0669007096771285
7 0.5092444466104571 0.39011965426217293 0.0460579346753633 0.06617296360606986
7 0.44231948126195786 0.5048949377606189 0.039662484006999676 0.053381865177646405
7 0.3586819199554566 0.31124129115144106 0.05218066534054513 0.05552656203449331
7 0.35857228461172974 0.3877674038478881 0.061610209341181485 0.06065070967712849
7 0.32770409261618416 0.3564103959900053 0.041097714672181596 0.042517139784752266
7 0.2921671292966381 0.25655809925699297 0.053797709341181485 0.06028683664159917
9 0.3251207012253686 0.7797387340793465 0.09885567067154524 0.04052230024766903
9 0.26895142254141485 0.9096295953280515 0.08779090133672707 0.029075377997927986
9 0.2495399932368226 0.6989296898275336 0.061228401336727065 0.027838209677128488
9 0.2955155645687772 0.7069390889179108 0.05810340133672707 0.02769266046291676
9 0.16340994720723306 0.9207918813076968 0.0846659013367271 0.02892982878371626
0 0.5138008458784602 0.8708966193159849 0.1192227146721816 0.046155870140044894
0 0.19892927653568787 0.9550555653442622 0.17247498400699968 0.05956770678164425
0 0.22670083521645995 0.8499121470234627 0.13639203333863606 0.04539389081820957
0 0.4531997005490508 0.8448285789931133 0.10041817067154532 0.04059507485477489
0 0.2810797998886415 0.8067764230783105 0.09414998933799978 0.03874147642635144
0 0.19933145524350412 0.6520761145584739 0.10675907733927245 0.048698673283198345
0 0.48297865455923217 0.7684822487616548 0.07696248933799979 0.03794095574818712
0 0.09959453723745895 0.7012285521096958 0.09095226400381802 0.03234592721213971
0 0.06824344521805076 0.8455800196447072 0.06742385733609077 0.023441808105551586
0 0.29575937054427837 0.8872986770072518 0.08622840133672707 0.029002603390821946