8 0.7766434725529069 0.7184991943775674 0.10078491316955063 0.1371937746106063
8 0.7113641503704409 0.865944844219283 0.07763691818411544 0.09280727711788898
0 0.5644149425320244 0.9179666823033734 0.10069398495630519 0.13406877461060632
1 0.8422898899455996 0.9346530432822107 0.04706887978345584 0.11533549498543501
1 0.7057713122198432 0.2519816326199426 0.04998327962517131 0.054534387305303154
1 0.6413307275009649 0.289984086301724 0.03587531551854859 0.05256271034569897
1 0.6783473427029442 0.36143318896729104 0.02663670783841656 0.05697742570596294
1 0.8851369003039338 0.40263616514810757 0.05888691818411544 0.09226170783841656
1 0.812026009237707 0.41614708419015295 0.057142561757624576 0.08596624373179385
1 0.5212515597125608 0.22471913598515486 0.04561402837152997 0.065335494985435
4 0.2727375033652123 0.19324886097883726 0.06971676959604131 0.14253449247815259
8 0.10017086691783898 0.4001256836235217 0.06858016693047428 0.10347199247815268
8 0.21973086064963282 0.3488707236735341 0.03655727711788872 0.07600021034569897
8 0.04782241989997515 0.23752874373179383 0.04312552586424746 0.08711956677218965
0 0.1536729177884041 0.06624242860895677 0.08479620031656916 0.1242391335443794