9 0.134375 0.23671875 0.0484375 0.09140625
8 0.30234375 0.284375 0.05390625 0.1015625
9 0.16796875 0.075 0.03125 0.065625
9 0.2125 0.2578125 0.05390625 0.1046875
4 0.41015625 0.28046875 0.05234375 0.1171875
4 0.265625 0.15234375 0.0890625 0.1328125
8 0.12578125 0.109375 0.03671875 0.0703125
8 0.67734375 0.45546875 0.09921875 0.10859375
8 0.63046875 0.2125 0.10234375 0.121875
8 0.60703125 0.075 0.07734375 0.1375
8 0.54375 0.328125 0.06640625 0.1203125
8 0.89375 0.38359375 0.0890625 0.12734375
0 0.80078125 0.415625 0.13203125 0.1875
0 0.95390625 0.47421875 0.08359375 0.0703125
8 0.05 0.625 0.0578125 0.07890625
1 0.1125 0.978125 0.03671875 0.04296875
1 0.02421875 0.76640625 0.0484375 0.07734375
1 0.34765625 0.8359375 0.0578125 0.084375
1 0.3734375 0.96953125 0.05390625 0.06015625
1 0.178125 0.63046875 0.04296875 0.0546875
1 0.1765625 0.5640625 0.046875 0.07265625
1 0.26171875 0.8046875 0.05078125 0.07578125
1 0.259375 0.72890625 0.05 0.0703125
4 0.81640625 0.728125 0.10234375 0.16328125
8 0.578125 0.84921875 0.09296875 0.12734375
8 0.73046875 0.85546875 0.05234375 0.0875
8 0.53671875 0.66640625 0.0640625 0.1015625
0 0.68828125 0.5671875 0.11796875 0.115625