1 0.89296875 0.2125 0.1109375 0.0765625
1 0.828125 0.13984375 0.0359375 0.0359375
1 0.8734375 0.1109375 0.0375 0.03984375
1 0.9078125 0.1609375 0.07109375 0.06484375
1 0.96796875 0.12109375 0.0640625 0.0546875
7 0.3640625 0.7015625 0.0859375 0.0640625
7 0.5359375 0.771875 0.1046875 0.1125
7 0.11015625 0.534375 0.06875 0.0578125
7 0.521875 0.95703125 0.05625 0.0859375
7 0.58671875 0.91953125 0.0359375 0.0546875
7 0.4421875 0.7796875 0.0640625 0.0609375
7 0.4140625 0.4859375 0.0640625 0.0453125
7 0.52578125 0.5515625 0.0515625 0.0390625
7 0.328125 0.6375 0.05234375 0.0515625
7 0.4046875 0.63671875 0.0578125 0.0609375
7 0.371875 0.66796875 0.03984375 0.03984375
7 0.2703125 0.7046875 0.0578125 0.05390625
9 0.7953125 0.665625 0.03515625 0.0984375
9 0.92265625 0.7203125 0.025 0.0875
9 0.7109375 0.7421875 0.025 0.0609375
9 0.72109375 0.69609375 0.025 0.0578125
9 0.92890625 0.82578125 0.025 0.08359375
0 0.8953125 0.47578125 0.04140625 0.11875
0 0.96484375 0.78984375 0.0515625 0.17265625
0 0.8609375 0.76328125 0.0390625 0.1359375
0 0.86640625 0.53671875 0.0359375 0.1
0 0.8203125 0.709375 0.03359375 0.09375
0 0.66171875 0.79296875 0.04375 0.10625
0 0.79140625 0.5078125 0.03515625 0.0765625
0 0.70625 0.8921875 0.02734375 0.08984375
0 0.84921875 0.921875 0.0203125 0.0671875
0 0.9015625 0.69375 0.025 0.0859375