4 0.3708530923886354 0.6200657653863197 0.0681349303072194 0.07340243882958344
4 0.36848454973769673 0.5535504126127782 0.07109623920022674 0.06878767401194459
4 0.23487838685367252 0.6403574687492016 0.05772321996293313 0.04349673328249999
4 0.3129587468351391 0.6210639145126391 0.07567461179556512 0.06577177678548622
4 0.3010564583605517 0.6708275251699656 0.06101191106992569 0.04825696846486114
0 0.4212896020072822 0.6087295283040977 0.05886905771188111 0.07630923328249999
9 0.21996520418420046 0.5524392414506252 0.04845734736759484 0.046403527735416714
9 0.2900892204262693 0.4923024816669795 0.04360615626060227 0.04160692496187508
9 0.1906993117185963 0.6964067937873265 0.04823909255827141 0.040153527735416715
8 0.33996273485423956 0.474698060789167 0.05018353847458741 0.05112739532659738
0 0.18455100463968738 0.6485687058314238 0.05018353847458741 0.05112739532659738
9 0.3207613893855613 0.1513326427611461 0.14322918874473983 0.167262848023889
9 0.2425669235989794 0.3082352997712502 0.12731152286549072 0.113810539703264
0 0.0296875 0.04053473423243058 0.059375 0.08106946846486116
0 0.36785710027800167 0.32522539086128505 0.14978672359113024 0.13150718597979177
0 0.053689223232235087 0.2872649170780903 0.10737844646447017 0.19171733415618064
6 0.6978198417556631 0.7504319447165979 0.19277781015895173 0.24491637575930572
0 0.9191790420179664 0.21061029777447998 0.15367561542376224 0.15345492116215292