0 0.20625 0.19453125 0.0671875 0.06484375
0 0.13203125 0.20703125 0.040625 0.04609375
0 0.0859375 0.24375 0.03203125 0.04609375
0 0.14453125 0.2640625 0.04453125 0.03828125
0 0.3671875 0.4046875 0.04765625 0.053125
0 0.20625 0.40859375 0.04453125 0.053125
0 0.55703125 0.40703125 0.06328125 0.059375
9 0.4234375 0.04765625 0.0390625 0.03828125
9 0.475 0.31015625 0.04765625 0.0421875
9 0.41484375 0.390625 0.03515625 0.0359375
4 0.54921875 0.3046875 0.053125 0.04921875
4 0.5171875 0.2328125 0.071875 0.078125
0 0.29375 0.03984375 0.0546875 0.075
0 0.3859375 0.28671875 0.03828125 0.0546875
8 0.7890625 0.2796875 0.040625 0.08203125
8 0.64921875 0.76796875 0.0390625 0.1109375
8 0.53671875 0.6796875 0.078125 0.0953125