4 0.851023152605034 0.09891678278163107 0.086849336641599 0.054106792011454005
8 0.6537093509096228 0.05367536608845047 0.07845463978475227 0.041515885343726786
8 0.7803082382131757 0.0559293041056315 0.04349744292790554 0.028615896005727004
8 0.6181935359796453 0.11260492341658708 0.05472604135632899 0.034993165340545127
0 0.7448309646395271 0.14921568010022265 0.09705909057054055 0.038609061346272136
8 0.04553944003242131 0.13951703333863613 0.08001713978475229 0.04153406667727224
1 0.5273459040527759 0.03971176873804217 0.05312930810555194 0.06776930267345424
1 0.5426498804791274 0.1335890380728603 0.031035984284234173 0.06282726400381802
1 0.5127269400324213 0.1449532520687241 0.048767139784752264 0.041170440006363315
4 0.6251885144729113 0.3969071980824053 0.09288532092583353 0.11664315467854491
9 0.668309275845451 0.5012588907542688 0.052658427212139716 0.09118862133990877
8 0.8820764851082945 0.7153503047819493 0.07943925103345748 0.09618520401018138
8 0.8112929884180634 0.452949754773995 0.09317641935425698 0.122893154678545