0 0.2951195616247177 0.7268320579006641 0.1275514193542568 0.12755141935425698
0 0.1693061166298977 0.9509673788264976 0.0911387303552929 0.08220037799792834
0 0.36403868962264574 0.6363119117057711 0.09898977171162171 0.11686647642635144
4 0.9139295277119871 0.6130390000045092 0.11603172249741008 0.11454199710451593
4 0.6551708420227917 0.9298969760165757 0.14411818114108108 0.08154971463952734
8 0.7509372220876344 0.6479149218399655 0.12271837014004525 0.12420809553293939
8 0.6508943726257537 0.7539166728734228 0.1101070541766104 0.08776117328319835
8 0.6280689946278257 0.8422899681586931 0.0851070541766104 0.08659677956950454
1 0.148268372002072 0.0804044758071789 0.15611306699689204 0.13823636228216232
1 0.13354228432701554 0.22920584884270817 0.22417386228216235 0.16011567038771418
7 0.8836792173301236 0.3252329390034732 0.08547092721213971 0.09440927956950462
7 0.9708131902418182 0.3624910363984394 0.02227741439185813 0.043133569892376225
7 0.9726004762214636 0.25716783561265105 0.028818512820281583 0.049674668320799586