8 0.203125 0.3046875 0.09609375 0.13515625
8 0.2640625 0.15546875 0.075 0.08984375
0 0.409375 0.09921875 0.09609375 0.13125
1 0.13125 0.090625 0.04375 0.1140625
1 0.2875 0.76875 0.0484375 0.053125
1 0.35078125 0.72890625 0.03515625 0.0515625
1 0.31171875 0.65859375 0.02578125 0.05703125
1 0.10390625 0.6234375 0.05625 0.090625
1 0.1765625 0.6078125 0.0546875 0.08359375
1 0.47265625 0.790625 0.04375 0.0640625
4 0.721875 0.81484375 0.06640625 0.13984375
8 0.88828125 0.603125 0.06484375 0.1015625
8 0.7703125 0.6578125 0.034375 0.07421875
8 0.9453125 0.7640625 0.04140625 0.0859375
0 0.84453125 0.93828125 0.08203125 0.12265625