4 0.603864961250822 0.5686618460871153 0.07263861600890867 0.0702309592838688
4 0.5374041672501856 0.5776048519472117 0.06798747867599957 0.07305557063492074
4 0.6257297758991409 0.7023161528423756 0.042842028007635945 0.05895349784053163
4 0.6055360019096405 0.6263241517626414 0.06491702267663584 0.07754281153562222
4 0.6554178232415951 0.6332762561738632 0.04756589067472703 0.062378886489479514
0 0.5919467639242763 0.51946288248431 0.07565452800763595 0.06105621838316751
9 0.5380206905633684 0.7258921576227376 0.04585794000636341 0.04977875693983034
9 0.4770928285725953 0.6618785248338858 0.04111589600572714 0.04479086829088228
9 0.682270129893414 0.7408489242801753 0.039607940006363404 0.04937823874123311
8 0.45891554057927675 0.6138613294296776 0.05056362133990877 0.05164164558877822
0 0.6345229732256867 0.7517153755444796 0.05056362133990877 0.05164164558877822
9 0.13590475457514056 0.6650068314322624 0.16566245735199914 0.14801360271317882
9 0.2936530725652774 0.7274999321428564 0.11237382535009015 0.1305466980251019
0 0.03437116860282112 0.9677591964839423 0.06874233720564224 0.06448160703211556
0 0.30917916991568567 0.6008175161960125 0.1298158640197263 0.15352312307124444
0 0.27496506520532404 0.9246450424141741 0.19038973734881753 0.1261781755075681
6 0.7303756539624562 0.22955167643964375 0.24277039735836253 0.19979495064599542
0 0.18819888665659137 0.07056402143779979 0.15172722668681726 0.14112804287559957