9 0.7706652816566253 0.1410442508026082 0.14491485389503395 0.1612152969121079
9 0.8797199440002362 0.9980903366526397 0.04435001785690744 0.003819326694720715
8 0.802849121351495 0.6260566570632105 0.060384120941162675 0.05988592068857237
0 0.6229139797107559 0.45482895389050026 0.08050570616851012 0.04965774881887377
0 0.3408457735422456 0.4918824874709463 0.08036933847375849 0.04184524881887377
0 0.6294424435899038 0.3495238949974929 0.07113070616851011 0.04933036660488854
0 0.5964429829571667 0.40387408909971034 0.10706820616851012 0.05058533175849824
9 0.19045208157719493 0.37484377649368783 0.08508411201270887 0.04357143992586625
5 0.28451790706530994 0.5391642260382008 0.07864319724005649 0.03241568511654265
5 0.19733687581242654 0.11476937204718411 0.07554547077900678 0.03386905771188107
1 0.26449137378383164 0.20857642494974177 0.0975295649348082 0.0408829495445131
8 0.049520938718639815 0.16354663402808367 0.08993525324641088 0.053110131032858776
7 0.11338106696669832 0.35651787322831047 0.06304547077900677 0.03343254809323426
0 0.42994877841021434 0.17917664554564708 0.10712275324641088 0.05371033175849815
1 0.4071041988682048 0.6818105722246693 0.12856137662320535 0.029474223591130232
1 0.2913212861241473 0.5972495445498552 0.18028751785690744 0.040649825768048584
1 0.11583431656295654 0.6638219417399648 0.14804776217486465 0.07231648801910051
1 0.06946060734825871 0.7940525895630465 0.13892121469651741 0.139667679126093
1 0.4148995133992711 0.9517783318433162 0.10876707386326193 0.05845239546082901
1 0.3077024423753831 0.7784003408289909 0.1412795649348082 0.042410733209777084