0 0.22529159393982642 0.039569650699645256 0.05414329255305557 0.04529577962517116
0 0.2028003045209029 0.11449309435229682 0.028779616641249995 0.02894335391920828
0 0.07558580072118075 0.22451661520197935 0.05090918977951393 0.040517351411925785
9 0.2706586453265973 0.04059494160758751 0.028925087005972294 0.03519335391920826
9 0.02984930062427154 0.8457982333069527 0.020386541603125065 0.07085806927947189
9 0.07968238041204917 0.66922972162847 0.032450130508958376 0.052471782132453626
9 0.30150805470833414 0.9293619249145401 0.03535692496187508 0.04318771034569906
8 0.09198366508132005 0.7275052228821114 0.043533100873680605 0.05904003087881229
8 0.06366060296097291 0.8205792729612537 0.04502286569131948 0.055960494985435004
8 0.5810707748856251 0.10974078054960798 0.06359102773541672 0.04869356426490725
8 0.4530912452503474 0.11971883729266783 0.05723192496187508 0.04382420783841652
8 0.8053083618915974 0.13761441330256458 0.05890352773541672 0.04855717194503919
8 0.646295731382639 0.09064378807145537 0.05080008700597212 0.03582985141192581
8 0.7736057266329863 0.2198418915949522 0.10025587955902786 0.08098923871722893
6 0.9192637187492014 0.2304574796790429 0.1395015239356944 0.15708037727617324
6 0.8214269372140628 0.29271945044958314 0.06337282218833344 0.03931856426490725
6 0.8584554649494794 0.3385487759972615 0.03361258700597212 0.035329746239076344
6 0.9013151121759378 0.33261101306513774 0.05410692496187508 0.04373327962517113
8 0.7467244100473269 0.6435665481005852 0.23517769984749998 0.17547868778015677