0 0.04609375 0.22421875 0.04453125 0.05234375
0 0.1203125 0.2 0.02890625 0.02890625
0 0.2265625 0.0703125 0.0390625 0.05078125
9 0.0484375 0.26953125 0.034375 0.02734375
9 0.84609375 0.01015625 0.0703125 0.01953125
9 0.67109375 0.0640625 0.0515625 0.03203125
9 0.9375 0.2796875 0.0421875 0.03515625
8 0.7296875 0.075 0.0578125 0.0421875
8 0.821875 0.04453125 0.05390625 0.04453125
8 0.1265625 0.578125 0.046875 0.06328125
8 0.1328125 0.45 0.0421875 0.05546875
8 0.1609375 0.8015625 0.04609375 0.0578125
8 0.109375 0.64375 0.034375 0.04921875
8 0.2421875 0.76796875 0.07890625 0.0984375
6 0.25703125 0.91328125 0.153125 0.1359375
6 0.31640625 0.8140625 0.03828125 0.0625
6 0.36328125 0.85 0.03359375 0.0328125
6 0.35859375 0.89296875 0.0421875 0.05390625
8 0.66484375 0.73125 0.16875 0.23046875