4 0.7644060324850693 0.09485544410404066 0.08245013050895836 0.05250792934436312
4 0.8335729533628818 0.14489235411358567 0.06642508700597212 0.03513861600890866
4 0.6561187941685762 0.21472195408972317 0.05065461664125017 0.028706802673454313
9 0.5940720826375692 0.2616691320814508 0.01925914627652787 0.022093176002545345
8 0.8175674000762501 0.09391110944458579 0.060320557370694416 0.04131589067472692
8 0.7176686643252079 0.49129409209895 0.038736498100139016 0.05356135200509069
0 0.7009695139646176 0.6044117100970411 0.05152743882958326 0.06620680267345413
0 0.7910314695117009 0.596082136775904 0.047893292553055744 0.04429544000636341
0 0.7922322532310413 0.5109167961091313 0.032413762917777866 0.05036362667090888
9 0.4621674659963192 0.2882669000636334 0.0789250870059723 0.03528406667727228
0 0.28931315387597206 0.19404309070654363 0.12085932028847228 0.0920067813494538
0 0.5014670085493748 0.24496234273549683 0.16846167211208343 0.12380222135581712
1 0.38315853923149235 0.8961061247214974 0.18394250816812505 0.18490335335772629
1 0.44317389133944385 0.6678362213955881 0.08277743882958326 0.06657042934436319
1 0.36228756725124944 0.6512657920512249 0.0670797036472223 0.06326361600890866
1 0.28281827279833277 0.6409635440404072 0.06693423328249999 0.05701361600890866
1 0.3354555763693051 0.49466125604708877 0.12747299620027785 0.10770450668363551
1 0.23329366432520793 0.48565787869986216 0.08306837955902786 0.07907042934436319
1 0.13093107731923567 0.5188510920194082 0.09451502583555564 0.10107269867918127
1 0.18548671827742994 0.7601760733609078 0.14811280452090286 0.12200336401972649
1 0.2765091489388881 0.8784544533736345 0.11777068787965286 0.09353291868236298
1 0.13252602564812438 0.71892381735359 0.12576633225631956 0.1686056440165448
1 0.07782230148368005 0.6182601986791812 0.08612064437666674 0.07598179201145391
1 0.19977003666604115 0.6165533426957259 0.060684233282500076 0.05694089067472703
1 0.2466463430868051 0.5498931013685439 0.06046602773541672 0.04756589067472685
1 0.4400475849186799 0.7350055400620426 0.07343880642076392 0.06802384134309047
1 0.3903008516361799 0.7906919187221337 0.09389677678548614 0.07451019867918127
1 0.050800634121249265 0.8727022506763177 0.06529899810013892 0.0538704346753633