3 0.3201627696625483 0.3119883079006641 0.08902905925034225 0.11025260339082213
3 0.207776429929105 0.31332182961228583 0.05379024122451135 0.07896406203449331
3 0.12815111441055654 0.3685230599675787 0.03825616943775674 0.08136131596343468
3 0.20762801425227195 0.4256762803980741 0.06271060015828453 0.06377570967712849
3 0.48492132231548 0.7630670026905964 0.06192098997087001 0.09026543507002245
3 0.24981654810058523 0.7186236056671337 0.05879598997087019 0.09011988585581072
3 0.76084131314428 0.8258943726257538 0.08558581050398359 0.09916955417661058
9 0.6852207829903835 0.09993764826631688 0.05181856426490725 0.06482878742738744
9 0.673297163698276 0.6169795990521052 0.06440949247815268 0.06853598428423435
9 0.5586088749019048 0.751052846156621 0.04860263605166182 0.06155823821317572
4 0.7829078444188038 0.6305989892511421 0.07258570533113406 0.08139985731976367
4 0.7599286486545812 0.48187254487549475 0.09439852084968248 0.13390842721213972
0 0.4987580972552907 0.05666193393412139 0.0678814849563052 0.11332386786824278
0 0.5513516190294101 0.5446401803170209 0.046523310503983596 0.097350188998964