8 0.5276109335938173 0.6798281138150621 0.0451752630835923 0.08072836829088229
9 0.3579479648814997 0.9628230259090074 0.10215330517696727 0.07435394818198518
4 0.5377888413733857 0.8011221229143608 0.03983531570031094 0.09595285009228505
0 0.7972599498023559 0.2581275986987839 0.16984060509226281 0.18990071406423076
7 0.8543268100857032 0.5162998465393155 0.04114021046687384 0.06490310919158375
0 0.04980184990117796 0.10670987739018098 0.09377936305535758 0.11341975478036197
0 0.04832046281536121 0.3619085171188631 0.05985938936371684 0.11902940468807692
0 0.3064767841302799 0.10370000308231897 0.07311825256024881 0.07940570018457013
0 0.13838620776545088 0.14429831739571833 0.0554757262518895 0.07049177513842757
1 0.1676234706372818 0.4458305390180882 0.05273015785015547 0.05007914558877822
7 0.25709476529090536 0.5387375346991515 0.06319722099021767 0.06942992288667434