7 0.19765625 0.57421875 0.015625 0.0296875
8 0.11640625 0.296875 0.03046875 0.07265625
8 0.20859375 0.140625 0.025 0.065625
9 0.17734375 0.4265625 0.01953125 0.0578125
8 0.25 0.26015625 0.02734375 0.07265625
8 0.22265625 0.35625 0.025 0.08359375
0 0.60859375 0.26953125 0.23828125 0.3515625
0 0.8140625 0.2609375 0.20859375 0.32890625
0 0.97109375 0.1921875 0.0578125 0.13125
0 0.60859375 0.0765625 0.2546875 0.153125
0 0.46015625 0.28203125 0.06796875 0.13828125
0 0.41640625 0.39296875 0.05234375 0.1546875
9 0.3828125 0.7921875 0.0140625 0.03984375
9 0.0796875 0.76171875 0.0234375 0.028125
9 0.2265625 0.80390625 0.03046875 0.0296875
9 0.2796875 0.6796875 0.03125 0.03203125
9 0.18046875 0.77421875 0.0328125 0.03984375
0 0.23828125 0.71484375 0.05234375 0.03984375
8 0.284375 0.82265625 0.0328125 0.03515625
6 0.63046875 0.8265625 0.4109375 0.346875