0 0.05693934131313229 0.26510913402808367 0.030969356330665977 0.07447421034428618
0 0.04886201420345951 0.16020337921876027 0.060247753246410886 0.05207342068857255
0 0.1995653977265238 0.11627730834485325 0.041688668019063256 0.06235615626060227
8 0.041452888798070055 0.09357887440943682 0.03217730032431156 0.05421627404661713
8 0.14382173254683434 0.2775124195074462 0.021403441558013592 0.06320932813030114
9 0.16612520089020916 0.3922842476377473 0.025654564934808156 0.03837301923729371
9 0.10569444115097651 0.24026539065150562 0.032013659090609534 0.04484127404661713
9 0.08445641517639418 0.3207242169677082 0.028997753246410872 0.05098214664195542
0 0.24915016071216733 0.3178869375636135 0.0355204886359143 0.06682540145127884
0 0.2984252321397972 0.4570238486335391 0.0773807061685102 0.04954862141421188
0 0.25676997158978565 0.1729291016287641 0.041197744317957155 0.03423115626060227
0 0.22093979139585782 0.04363098202865067 0.035629582791715644 0.07307540145127883
6 0.5610048729664622 0.6496751732204613 0.345206954543657 0.27439488710812654
8 0.20889294804754005 0.6506523083448533 0.030832988635914306 0.06666171034428636
8 0.10832197807931217 0.7486408858421821 0.01803297970746054 0.04903770072563951
9 0.15358170535114074 0.8813913876562808 0.022584112012708824 0.04138889183263217