8 0.09920913876007326 0.13710110534690845 0.08164997579950317 0.0696954293443631
8 0.34166025917338216 0.09460671204645241 0.05663179508134393 0.066279528007636
8 0.290506825331965 0.02369422803945273 0.09398634933607006 0.04171588001272669
7 0.7097627601553407 0.7473713694302683 0.230496541958086 0.14173515603118042
7 0.381391799579344 0.9201248800524976 0.03468407220870704 0.05352498933799978
7 0.8915768832991244 0.5182213134547672 0.11275453005422946 0.045059056015271895
7 0.6130008687629889 0.8610969674172235 0.18494769262201594 0.10058289735836254
7 0.769082697120016 0.8918213507717677 0.1818863251355733 0.11148403469127147
8 0.7187540242986927 0.14196625409767732 0.1604476623713948 0.18622949602163538
0 0.8879575004909792 0.3345730194541308 0.058285198672140125 0.08192270934118148
0 0.5591012474659172 0.3221520987428147 0.09742951190385654 0.09643974267981754
0 0.6467148769544124 0.3036390034213596 0.05198065651766246 0.07247498400699967
8 0.9491358950065891 0.29387584146240314 0.09743860226293606 0.09800224267981754
8 0.8306489945390509 0.3815656507797221 0.09424996974937905 0.08702838001272664
8 0.9082028645595763 0.07775994545667614 0.04716589149054755 0.05054544000636334
8 0.8842017622966403 0.1743622254534945 0.06758747579950324 0.06953179734245411
8 0.8448665515242517 0.22078269211485835 0.04400453005422946 0.0442590773392725