1 0.5964733060674186 0.7087031435042968 0.17972719473518967 0.09884853060296184
1 0.7294891919096008 0.8100559358940828 0.05481647477225664 0.050911836641599
1 0.6659103307470079 0.8655931523956368 0.05508929328391084 0.058724336641599
1 0.5932788733979465 0.7959120450758732 0.10930556733052796 0.09244867328319835
1 0.5001042814726473 0.8750301567388631 0.11021330290255768 0.07377144789030403
1 0.02059773139567849 0.09845677067816443 0.037757949544513066 0.09847604135632886
1 0.05448663647515439 0.22015198821317572 0.05250993030721936 0.07420378742738745
1 0.2696701484560539 0.08353820781510161 0.14250001324684386 0.1049144400324213
1 0.1256820462791357 0.02535321856846859 0.07323909255827141 0.04241013192686943
9 0.703206878670606 0.2807858128585536 0.04943949400955035 0.07562073821317572
9 0.7280556004476377 0.36696090735803566 0.05294643992586625 0.08670378742738745
9 0.7480605324841376 0.1580782129823881 0.05278274881887377 0.08201628742738745
8 0.813554101628764 0.2913851726595166 0.05656251324684405 0.10091183664159917
0 0.9278546706885725 0.10249395471022052 0.054146841377145094 0.12107878742738745
0 0.930344786745307 0.37482271897824415 0.07153274881887342 0.08288958271265781
0 0.8357341472749276 0.18946095367676322 0.11453870435383635 0.10829199710451584