0 0.1953125 0.28125 0.3703125 0.2796875
0 0.8375 0.0390625 0.07109375 0.06015625
0 0.56328125 0.3390625 0.0859375 0.11484375
0 0.5796875 0.25390625 0.1203125 0.0953125
0 0.5453125 0.446875 0.05 0.10625
0 0.84921875 0.2625 0.1078125 0.11640625
0 0.6953125 0.2828125 0.09375 0.1171875
0 0.790625 0.4328125 0.1359375 0.13359375
4 0.34765625 0.6484375 0.1265625 0.12734375
1 0.0109375 0.8609375 0.02109375 0.0515625
1 0.38046875 0.74375 0.05390625 0.0578125
0 0.30390625 0.7640625 0.05390625 0.08125
7 0.8640625 0.60859375 0.03125 0.04765625