6 0.3453770057864591 0.7081377158823814 0.09869867328319834 0.11061647642635145
6 0.19739111600170672 0.6743171416467791 0.04397263192686944 0.07376713978475227
6 0.4127336337843871 0.7926903442945943 0.08376287799792799 0.09121150496239885
9 0.16322582361192056 0.5459395845746846 0.04564213978475227 0.04266268899896399
1 0.06391718237942623 0.5654409094294595 0.07776543507002258 0.06286818114108109
9 0.23519729279956172 0.9144862233259795 0.047350188998963996 0.04586046360606986
0 0.6791910020669146 0.15940469355158718 0.10618153349844608 0.07042812406898658
0 0.8315583308506309 0.23686610587653073 0.0936815334984459 0.06984592721213971
7 0.6746962088485589 0.33186189040843406 0.12932793507002244 0.0652697431755744
7 0.9966150195400086 0.3641626983090981 0.006769960919982765 0.03866439371369372
6 0.7759164921376079 0.9417591211780116 0.1522560128202816 0.05542386228216216
6 0.6650217258026696 0.7629321079434452 0.11599318114108108 0.0802397717116218
6 0.6469181968523376 0.9289766389606919 0.09651543507002244 0.06374147642635145
6 0.6877572125681033 0.864438949961728 0.07115156203449331 0.054764582712657627