0 0.3520498287798766 0.7206257402574721 0.03968227711788872 0.07565456493480802
0 0.25187633254080033 0.6860813705341254 0.0331594924781526 0.06617047077900687
0 0.20550744939213228 0.756329640826665 0.03297763605166182 0.05992047077900686
7 0.17941865934211987 0.637965424511885 0.03048913354437941 0.08174092370110611
7 0.34178696404011566 0.47525869317957137 0.03243206677218975 0.04117047077900686
7 0.13282611882988904 0.8347080109570486 0.01984113855894436 0.03782728246740419
6 0.6465032077719095 0.5352372597359374 0.18063754922121245 0.19680463636243814
6 0.8786086656103261 0.5955101067311125 0.14630801332783533 0.1977671185055307
6 0.8674451597378312 0.8022413478026588 0.13063754922121262 0.1959318831160271
6 0.48232967682659017 0.9538387506072603 0.03259720282385174 0.09232249878547946
6 0.5488950511997694 0.9597438772304658 0.06509145407749273 0.08051224553906841
0 0.2986494148189032 0.28085412824476325 0.17651233887551349 0.1623750892845374
0 0.2906527098834806 0.35489560024158606 0.14805706677218974 0.04318871266133195
0 0.10660666732618566 0.2556381197233466 0.20521165188677948 0.2362762394466932