0 0.2697280332935582 0.3329089905320302 0.07674659057054053 0.03793633723582168
0 0.3071617208447802 0.23388113807270222 0.06708049214211709 0.03163179508134393
0 0.23832398366506177 0.1850300267345796 0.06083049214211709 0.031595433645025484
7 0.3573479654680967 0.16306009884509073 0.08255994292790536 0.028597698672140126
7 0.51518608250777 0.3312111769075302 0.042080492142117086 0.031486349336070064
7 0.1621296648061429 0.10956641842151908 0.03837329528527027 0.01896816861791084
6 0.4463803087292336 0.6340180143397436 0.20190075599585597 0.17612720452587247
6 0.3793960541811196 0.8641595114128773 0.20029971463952717 0.14175220452587284
6 0.17316532485928407 0.8457675388348281 0.19957196856846862 0.12612720452587284
6 0.03975697404985057 0.45497839149054775 0.07951394809970114 0.030269282981095456
6 0.03312383033615685 0.521352825233769 0.0662476606723137 0.06301815046753809
0 0.7106826730783105 0.29483838143340285 0.16738020678164425 0.17280221662612102
0 0.6369369580244986 0.28425033937712096 0.04746581306795061 0.14711134933607006
0 0.7414725624487781 0.10355939646051746 0.24041960049533806 0.19822037314378343