0 0.10625 0.2015625 0.2125 0.403125
0 0.28046875 0.0171875 0.1265625 0.03359375
9 0.7515625 0.30078125 0.06328125 0.10390625
9 0.340625 0.62734375 0.0578125 0.078125
9 0.02578125 0.6953125 0.0515625 0.11953125
0 0.17890625 0.94921875 0.10390625 0.1015625
0 0.1578125 0.61875 0.09609375 0.06015625
0 0.22890625 0.86171875 0.0921875 0.13515625
0 0.27890625 0.61328125 0.084375 0.04921875
0 0.0828125 0.7015625 0.06328125 0.1171875
0 0.76015625 0.728125 0.4796875 0.28125
0 0.63671875 0.9453125 0.1578125 0.109375