6 0.85 0.290625 0.29921875 0.2375
0 0.440625 0.68203125 0.17265625 0.2703125
0 0.30703125 0.84921875 0.11328125 0.21796875
0 0.16875 0.76171875 0.1578125 0.384375
8 0.7484375 0.59375 0.025 0.05546875
8 0.65625 0.63046875 0.0375 0.03359375
8 0.62421875 0.6875 0.0296875 0.040625
8 0.6609375 0.71484375 0.040625 0.059375
8 0.61484375 0.759375 0.03671875 0.05234375
8 0.7078125 0.6484375 0.03515625 0.0390625
8 0.6875 0.6890625 0.01796875 0.03984375
8 0.740625 0.709375 0.04921875 0.0375
0 0.81484375 0.7875 0.03515625 0.04453125