0 0.16640625 0.15234375 0.06953125 0.10625
0 0.2421875 0.30859375 0.07109375 0.096875
7 0.33828125 0.15625 0.0640625 0.13046875
7 0.36875 0.50625 0.03984375 0.0609375
1 0.6578125 0.08828125 0.17890625 0.17578125
1 0.88828125 0.153125 0.0640625 0.0875
1 0.875 0.24375 0.0609375 0.0703125
1 0.85703125 0.3296875 0.05390625 0.06796875
1 0.978125 0.3578125 0.04375 0.13125
1 0.971875 0.4671875 0.05625 0.0875
1 0.91640625 0.55078125 0.09765625 0.09453125
1 0.71484375 0.35859375 0.11640625 0.153125
1 0.6375 0.2 0.08828125 0.12109375
1 0.73359375 0.43671875 0.16796875 0.1234375
1 0.80625 0.5484375 0.07265625 0.0875
1 0.85 0.42734375 0.05390625 0.0625
1 0.92734375 0.41796875 0.0453125 0.0640625
1 0.82578125 0.11875 0.06640625 0.07421875
1 0.7578125 0.13515625 0.06953125 0.0984375
1 0.5640625 0.4296875 0.05078125 0.06640625
8 0.13515625 0.7140625 0.11328125 0.12890625
0 0.20234375 0.9140625 0.05078125 0.0453125
0 0.28125 0.665625 0.059375 0.0546875
0 0.2484375 0.715625 0.04375 0.03984375
8 0.16171875 0.946875 0.05859375 0.08359375
8 0.2453125 0.88515625 0.05234375 0.07578125
8 0.04609375 0.83828125 0.03125 0.0375
8 0.109375 0.85390625 0.04140625 0.053125
8 0.146875 0.83984375 0.028125 0.0359375
8 0.04765625 0.95234375 0.034375 0.03984375
1 0.64921875 0.7328125 0.0328125 0.071875
1 0.5515625 0.7640625 0.04375 0.10234375
1 0.61328125 0.8828125 0.078125 0.0890625
1 0.74765625 0.95234375 0.15078125 0.09453125
1 0.934375 0.825 0.0609375 0.06640625
1 0.7453125 0.8203125 0.0453125 0.0796875