1 0.8626695330537503 0.2795013729738564 0.1531639804327085 0.14117561542376214
1 0.8896879343642713 0.3653471037365627 0.1531639804327085 0.14117561542376214
1 0.31039655860496546 0.2010515461943177 0.09945709897381949 0.1143204495445131
1 0.4498409183123613 0.2126016266868715 0.07638196846486114 0.061994057711881115
1 0.06070698955076413 0.2903050522695855 0.045168336056041716 0.06246528366526398
1 0.3626857572181946 0.19687991216623402 0.08154224715020834 0.08247024881887363
1 0.18459777801975713 0.23828370608311697 0.07987064437666672 0.07772818511654282
1 0.35914448955076417 0.279883385124392 0.0778717332825 0.05892362141421188
1 0.2969172464846183 0.29378468321762624 0.07078658510611113 0.08990080290255768
9 0.9371136739150352 0.6561159474759605 0.04996493882958362 0.06731647477225647
8 0.8952918094579868 0.77407726299239 0.07089568787965277 0.09458830290255768
0 0.4276295711414937 0.6692162144358195 0.10396406743868063 0.1738045769491748
0 0.2439689648525703 0.975091736120184 0.1023625870059723 0.037921640651505585
0 0.39240450522142434 0.8690450888452563 0.11228440729444458 0.1288194591631598
1 0.3202346452296881 0.6573288280454831 0.09139002583555564 0.10311013103285874
9 0.2887833170574311 0.5825842883897694 0.05777743882958344 0.06758929328391083
0 0.11013229340607693 0.6333903641578178 0.09727634992375007 0.08770338584218215