9 0.5640625 0.478125 0.0484375 0.04375
9 0.6234375 0.22734375 0.0421875 0.0578125
8 0.6953125 0.375 0.0484375 0.05390625
8 0.703125 0.303125 0.0546875 0.05625
8 0.56640625 0.34609375 0.02265625 0.06015625
0 0.95859375 0.36015625 0.0828125 0.084375
8 0.62109375 0.29296875 0.0359375 0.05
8 0.5796875 0.2859375 0.04140625 0.071875
8 0.5359375 0.25234375 0.0125 0.05625
8 0.55625 0.2203125 0.0375 0.05
8 0.65078125 0.18828125 0.0546875 0.0703125
8 0.75390625 0.15 0.03984375 0.05390625
8 0.9171875 0.46796875 0.04375 0.0640625
8 0.8984375 0.40703125 0.04765625 0.07421875
0 0.22890625 0.84296875 0.14375 0.21015625
8 0.028125 0.70234375 0.04765625 0.084375
1 0.0140625 0.928125 0.028125 0.078125
0 0.96953125 0.77421875 0.0609375 0.15625
9 0.94375 0.92421875 0.05859375 0.13828125
9 0.8140625 0.83125 0.05390625 0.115625