0 0.7342808006619539 0.04377125123332278 0.07482021753501122 0.030542022676635906
0 0.8392593990903773 0.03630310188577798 0.052765435070022446 0.05995680267345423
0 0.8814190122011091 0.18729288987909648 0.06282963978475209 0.041334072008272396
8 0.9059567475188007 0.029280395210096576 0.054580492142117264 0.03186816534054513
8 0.7208668099675787 0.13059908923459546 0.06344606989237604 0.021039753341817756
9 0.6058582400752025 0.15223882658341292 0.03866439371369381 0.02543635200509069
9 0.7585509005381192 0.09268091856305023 0.04520549214211726 0.031759077339272454
9 0.6783561323411542 0.07097009790741335 0.05130994292790554 0.028706802673454223
0 0.6792721612914863 0.2357138505729134 0.067226041356329 0.03513861600890866
0 0.5395889230783105 0.2841888079249125 0.05044095574818712 0.07710794000636331
0 0.824111626345298 0.24417923655318705 0.03470463978475209 0.04100680800445433
0 0.9538012803980742 0.20909461720246053 0.07347604135632864 0.03521134134309047
6 0.34391458829873817 0.5457001146165024 0.2783648643490769 0.34367946403563465
8 0.34704401220110903 0.19351090595163858 0.06700771753501122 0.030451116008908662
8 0.2502482489665427 0.0923489426320925 0.04923802067816441 0.01775112133990877
9 0.11699694727113161 0.13684492464990985 0.041643844499482 0.022347714672181596