8 0.8263782950645773 0.050236433756535706 0.1621028463973609 0.09838733887551347
8 0.6904959340192331 0.24419468540588835 0.10419941818411545 0.09358016693047429
9 0.24662889139543123 0.6292997404330886 0.06386392319868044 0.04869356426490725
4 0.16932825699312196 0.7136496598708453 0.10250052586424747 0.08884720282385157
0 0.18754339640999612 0.5872319123781278 0.1411371285298145 0.12900084138279588
1 0.1258319727490973 0.858005065122837 0.05403428213245363 0.03279577962517131
1 0.1255651997878437 0.9025817792294598 0.03381271034569897 0.035329746239076344
1 0.038694370941460096 0.6580254486672165 0.04010817445232166 0.03707410266556703
8 0.12279527164110535 0.43116978048310095 0.09244356426490725 0.06513691818411545
8 0.35156043230337347 0.5808956811827463 0.08931856426490725 0.06504598997087019
8 0.9780594331613033 0.859403182107183 0.043881133677393436 0.06762542069139812
8 0.8561222486798516 0.4544010965303749 0.08669366943775643 0.08214256175762476
8 0.7089577436652869 0.5024701866595296 0.12138691818411544 0.09408027210332363
8 0.6280727711788869 0.7323599266303997 0.08288670783841656 0.0586141335443795
8 0.46555708465237144 0.4946961052393565 0.06422763605166182 0.061193564264907255
8 0.5014193429656416 0.7329175192668369 0.112375631037097 0.10630748746358769