6 0.2719026789794072 0.2955653160532468 0.10788641233702041 0.09993835779368573
6 0.31507775487126394 0.1471054292497787 0.07258411201270878 0.04481124203690508
6 0.1832981006519184 0.3639428607068703 0.08889095048646736 0.08478379465362362
9 0.44525617857237004 0.11142699253101525 0.041388659090609535 0.046116136803468065
1 0.4321579350651918 0.025760321244331467 0.060684129869616396 0.051520642488662935
9 0.07320785470910818 0.1877282421780794 0.04454093262955987 0.04786064732681181
0 0.7976746517903042 0.6231717744539822 0.06742505357072233 0.10694722099021767
0 0.7107086655900219 0.7765235585842619 0.06720686525911965 0.09444722099021767
7 0.6260178401019069 0.6206823532378856 0.06158415665497756 0.13002069994353035
7 0.5726068733833852 0.953145513718877 0.03793637662320535 0.027184126280124232
6 0.01849812520516619 0.7290581684440863 0.03699625041033238 0.1528211631118273
6 0.19684853734196334 0.6160213001976441 0.07696369480442451 0.11686825256024883
6 0.032454800734643935 0.5998411053040241 0.0610114123370204 0.09720819994353036
6 0.09419114164403442 0.6399508948371502 0.05120003571381497 0.07166216837349922