6 0.14599739660917785 0.2949895542357774 0.2919947932183557 0.2462291084715548
0 0.5276088839982933 0.6983074001709199 0.18446500702931345 0.2753135517284949
0 0.6534157510379665 0.8693820812871591 0.12425094499482014 0.22206887978345585
0 0.7957723790358946 0.7859056547232663 0.17571505334804094 0.38896687476889086
8 0.22390814929977418 0.6010697211662517 0.027619885855810898 0.05697742570596294
8 0.31438544603278656 0.6404708534569898 0.03910104135632882 0.035466138558944496
8 0.34376042287342273 0.6984341176427549 0.03157963978475227 0.04148881802583091
8 0.3057681172490702 0.7247094611371219 0.043390435070022625 0.06055706677218975
8 0.3497877909465533 0.7705819022824909 0.038411836641599174 0.0541706744523216
8 0.2619860380510691 0.6569392879384413 0.036194365177646404 0.04006271034569906
8 0.28040639826631686 0.6981553213245363 0.020642139784752267 0.04117056927947225
8 0.22633532837394074 0.7169220416993651 0.05174659057054054 0.038954851411925874
0 0.14847784801864788 0.7928874966347876 0.037975188998963995 0.04479567445232178