7 0.8817443828081448 0.2298599926483098 0.10510565651766228 0.0773614393936934
7 0.7247085876286051 0.22241158355776972 0.141006795081344 0.0729948439616777
7 0.8740495365953329 0.34355400045022594 0.07842498184962707 0.055656857756487634
7 0.7550904583365016 0.37326807666036477 0.03768180718159222 0.03321529172311406
9 0.31918879889197294 0.4785875039567289 0.0680965359079618 0.15977114767057934
9 0.24949846760807964 0.5022872755534549 0.059938602262936236 0.09998671189493055
9 0.36216105230981854 0.7488900378779267 0.050581782981095544 0.10262038896415202
0 0.20336329011137427 0.641318798054692 0.06953177088084708 0.13797803482570892
0 0.3131190434310239 0.8502577860689045 0.08366699375348405 0.1512150192218769
5 0.03807411251647298 0.7092422031885033 0.0678601865718917 0.11914614767057934
8 0.9831285790443982 0.5344832948868735 0.02865224082661797 0.09209896879233562