1 0.1125 0.44296875 0.103125 0.12734375
1 0.1046875 0.565625 0.103125 0.12734375
0 0.9625 0.08046875 0.07421875 0.1265625
0 0.70078125 0.0234375 0.071875 0.04609375
0 0.9171875 0.3140625 0.10078125 0.13984375
6 0.73515625 0.353125 0.115625 0.1640625
4 0.096875 0.81015625 0.04921875 0.04765625
4 0.1390625 0.875 0.0296875 0.0390625
4 0.23515625 0.771875 0.02421875 0.03125
9 0.29453125 0.73359375 0.01796875 0.0265625
8 0.0890625 0.84765625 0.03984375 0.03515625
9 0.47578125 0.7203125 0.06328125 0.03984375
0 0.3875 0.8234375 0.03828125 0.0703125