0 0.5899817183653384 0.18819942319121602 0.09441052768032883 0.13695738433001128
0 0.6351775187458992 0.3477536983296436 0.12952035672980172 0.11894786397194572
8 0.6680125819780415 0.44541924274640265 0.0569450197716634 0.09715440468807693
8 0.39435354197760386 0.22187710903470018 0.0715168557412186 0.11055557063492083
9 0.3048493260837234 0.05400039173126694 0.07467634783255317 0.07335595928386877
9 0.4916132025480076 0.2570915206626074 0.08937551779449712 0.08988212523071262
9 0.5114375657036 0.11658643660945131 0.0850700197716634 0.0989567365817647
0 0.14521570501946557 0.22314401064045813 0.10646485870696813 0.12682092072720588
0 0.0413903332509514 0.047184683065707014 0.0827806665019028 0.09280686613141402
0 0.18024332654083394 0.4400101380306391 0.10484400889724857 0.048796050276855144
9 0.7688230765036529 0.8740727737449264 0.03207235376405215 0.09867733189368763
8 0.8713471931192863 0.7224182410483596 0.03557935574121842 0.10825259099298634
9 0.7654937825488826 0.6866531168973811 0.021678681824942102 0.07307655459579188
9 0.8164103423209838 0.8019264659099321 0.035706689733607536 0.11137759099298634
4 0.9330407212939068 0.5924291548357352 0.036279692699356755 0.12544009099298634
4 0.8322157089366172 0.644714743207828 0.06172536167271758 0.13797966378737564
8 0.7457450152486771 0.7676330066260633 0.026493515817330858 0.07650194324473994
7 0.3255571906478285 0.6991917782207466 0.3663147025851886 0.1933422964193438
7 0.2657312044879929 0.6295615962347737 0.13169035178688598 0.09571062307124442
7 0.33122355330912934 0.5601292782207465 0.08612318380210837 0.08655686613141392
7 0.2619443127006695 0.5110421337117025 0.14731535178688587 0.0967119185677376
7 0.44268497673111434 0.5351571614710238 0.12808519072219066 0.12197273442229636
7 0.5971311017125238 0.7432268846345531 0.0663200197716634 0.09775518198597286
7 0.6571109381763705 0.7321880575212273 0.05356535178688589 0.09070414558877822
7 0.6058587973776304 0.6059271437338518 0.05273768083635879 0.07039164558877822
7 0.5352624544879929 0.6468339435492816 0.06268568380210837 0.08505492288667416