0 0.36763403735677164 0.17478339402463056 0.23263287603436203 0.2544612827847038
0 0.1521630313494538 0.1196272196511831 0.20120106269890764 0.23865447560311143
0 0.39249658267027254 0.02884418012898405 0.26468066534054513 0.0546612706844554
0 0.5212862960295895 0.22098674921443306 0.06061133068109026 0.10659543364502548
0 0.5488760413749072 0.3094225353187866 0.029143154678545002 0.08766362646343309
1 0.9000920013526355 0.14741445647078016 0.07734429734245438 0.06763292759490129
1 0.7975118940165447 0.1265065379510652 0.03637385200509069 0.03770907825883123
1 0.6469760920194082 0.14672306829988213 0.11666133601209036 0.08973518657189175
1 0.6354124306969986 0.2271190954272452 0.05410679201145392 0.08468407220870695
1 0.7570692546944533 0.20907814343545533 0.06008407200827239 0.06128293364502548
1 0.793543651376498 0.32256392651474675 0.0366829346753633 0.06427157825883123
1 0.8871754727084525 0.3129530980595238 0.11796929734245439 0.06786927693097136
0 0.8965664646721816 0.04583832093216077 0.13063292934436319 0.08200449980360827
4 0.3374338427752678 0.8019089754067197 0.12365677068745366 0.15383404800821018
1 0.01221347740290589 0.5125363614363184 0.01322725334181779 0.06257272287263689
1 0.3751418334261321 0.6857299843837101 0.05238066000954493 0.07061248184962743
0 0.29823388808876866 0.6555970567888089 0.05114542401336308 0.09872839149054773
0 0.6356606154121327 0.5841276195295462 0.14286349339590618 0.4617374515990063
0 0.9109862373885884 0.41230365826617826 0.17632723734881744 0.11508062021691715