1 0.14453125 0.309375 0.15 0.13515625
1 0.11953125 0.39609375 0.15078125 0.13515625
1 0.69453125 0.21171875 0.09609375 0.1109375
1 0.55546875 0.228125 0.075 0.059375
1 0.94609375 0.2921875 0.04375 0.0609375
1 0.6421875 0.209375 0.0796875 0.0796875
1 0.82109375 0.24453125 0.07734375 0.07421875
1 0.64765625 0.2921875 0.07578125 0.05625
1 0.71015625 0.30390625 0.06875 0.0875
9 0.07890625 0.68828125 0.0484375 0.06484375
8 0.1234375 0.8046875 0.06875 0.0921875
0 0.58828125 0.68359375 0.10078125 0.1703125
0 0.77890625 0.9828125 0.10234375 0.034375
0 0.628125 0.88203125 0.10859375 0.12421875
1 0.6953125 0.66796875 0.08828125 0.10078125
9 0.725 0.5921875 0.05625 0.06484375
0 0.9046875 0.63671875 0.09453125 0.084375