8 0.17794079506457736 0.08548332433554863 0.1621028463973609 0.10396321406423074
8 0.3248709340192331 0.28438879857881216 0.10419941818411553 0.09713342072720588
9 0.7903788913954312 0.6854014975267646 0.06386392319868044 0.05088018198597286
4 0.872453256993122 0.77253935455888 0.1025005258642473 0.09234579117755662
0 0.8469183964099962 0.6453562908637895 0.1411371285298145 0.1338114003691402
1 0.9242694727490972 0.9185620558231843 0.05403428213245363 0.03465440468807692
1 0.9271276997878438 0.9631934353728336 0.03381271034569906 0.03647772054263569
1 0.9897888918576496 0.7214250424049491 0.020422216284700666 0.038440738741233105
8 0.9024827716411054 0.49139877852528835 0.09244356426490725 0.06830751387966068
8 0.6828104323033735 0.6332801881506108 0.08931856426490725 0.06810725478036198
8 0.060198612561682886 0.889702850092285 0.07065949247815259 0.0700307001845701
8 0.17174724867985175 0.4890193345145814 0.08669366943775673 0.08509449568106327
8 0.32145774366528684 0.5422816417312669 0.12138691818411554 0.09823484577334832
8 0.4155727711788869 0.7752326465116289 0.08132420783841657 0.06135660703211539
8 0.5639945846523714 0.5430080367017364 0.06422763605166182 0.06338018198597287
8 0.5420443429656416 0.780218140033224 0.112375631037097 0.11013406847545255