9 0.8808487561713548 0.8354302072595132 0.052508057370694416 0.04182513050895835
9 0.9014320534740632 0.7458403771873952 0.05218074905006951 0.02776263050895835
8 0.9282289831855909 0.6545425767505548 0.0412068814588892 0.025945557370694417
0 0.9006878242756257 0.7810329947785757 0.04785692496187508 0.04327852773541672
0 0.7489934652338199 0.5438083645539578 0.09803876291777787 0.052254790653194584
0 0.6861440538553127 0.3287477154276383 0.037646776785486225 0.07427395459715277
0 0.9482297458190281 0.5063408128828464 0.07983427678548623 0.07525587955902786
0 0.9106881525447917 0.23675566470645756 0.05069098423243048 0.030851262917777865
8 0.8340379996187505 0.40269109565225625 0.07692748233256949 0.08455814437666671
8 0.852822407578785 0.30298138317131873 0.07362064437666689 0.07667290919430556
8 0.7939046153100697 0.458342336818541 0.07500130642076393 0.06889677678548622
8 0.7277691626127781 0.37077090805694385 0.04920121941479181 0.033939895326597205
8 0.20097811179468814 0.7762137418318749 0.09462282218833336 0.039682055470833436
8 0.406048124712466 0.8214677711828122 0.09153418977951393 0.04117182028847246
8 0.5183851237625354 0.8454299884134023 0.12085801386770836 0.026237804520902942
8 0.2643697709889937 0.8466522219802428 0.10672277868534721 0.022785496200278033
8 0.3678551808488895 0.6918172919843747 0.10385235182361115 0.033650261017916704
0 0.2685825326725006 0.7253948178199303 0.22434668977951394 0.044263065538819646
0 0.2825164396826047 0.6523748919081248 0.11784211664125 0.03085256933854179
0 0.5757157001318406 0.35320481440145785 0.18779355357097244 0.15116637575930572
0 0.27894653685347237 0.19674248774781228 0.16998780452090284 0.12420383225631956