5 0.3078125 0.08203125 0.10703125 0.08203125
5 0.178125 0.20703125 0.0953125 0.071875
5 0.290625 0.2109375 0.06328125 0.05859375
5 0.27890625 0.390625 0.05625 0.03828125
9 0.48984375 0.01640625 0.0828125 0.0328125
5 0.17890625 0.12734375 0.1140625 0.09609375
5 0.040625 0.125 0.075 0.0921875
0 0.43359375 0.125 0.12578125 0.13046875
8 0.4578125 0.33046875 0.1 0.071875
5 0.33984375 0.240625 0.07421875 0.06328125
4 0.75078125 0.2796875 0.06875 0.12734375
8 0.87421875 0.04453125 0.065625 0.0890625
8 0.77421875 0.1328125 0.034375 0.065625
8 0.9453125 0.146875 0.04375 0.07890625
0 0.87734375 0.33046875 0.08203125 0.11796875
0 0.4140625 0.665625 0.16796875 0.20546875
4 0.56171875 0.5203125 0.05625 0.10078125
4 0.5828125 0.60703125 0.034375 0.10390625
8 0.69765625 0.7171875 0.02734375 0.06484375
8 0.73203125 0.965625 0.01484375 0.034375