5 0.3625 0.103125 0.13125 0.11640625
5 0.47421875 0.28046875 0.11875 0.10078125
5 0.34765625 0.26015625 0.08203125 0.07890625
5 0.3109375 0.47421875 0.06796875 0.0515625
5 0.49375 0.1859375 0.14296875 0.134375
5 0.63671875 0.2125 0.08359375 0.11875
0 0.21328125 0.12421875 0.16640625 0.171875
8 0.13125 0.36328125 0.12109375 0.103125
5 0.2859375 0.28359375 0.09296875 0.08671875
1 0.7703125 0.0375 0.06328125 0.075
1 0.7375 0.09609375 0.05546875 0.075
1 0.89375 0.47265625 0.0578125 0.05546875
1 0.97265625 0.0296875 0.0546875 0.059375
0 0.91484375 0.03125 0.0984375 0.0625
0 0.796875 0.1390625 0.059375 0.1125
0 0.72265625 0.1875 0.06640625 0.1109375
0 0.69375 0.2421875 0.028125 0.1484375
0 0.68984375 0.12734375 0.02109375 0.11640625
0 0.7609375 0.37265625 0.08203125 0.1109375
0 0.765625 0.26171875 0.07890625 0.1125
0 0.82734375 0.48046875 0.0578125 0.03984375
0 0.90390625 0.35703125 0.06640625 0.096875
0 0.91953125 0.2375 0.059375 0.08515625
4 0.09921875 0.60546875 0.19765625 0.21171875
0 0.13828125 0.8578125 0.21875 0.22734375
9 0.0890625 0.7203125 0.1328125 0.13046875
9 0.82890625 0.75078125 0.13671875 0.19375