9 0.28596623473485205 0.22473224785229343 0.054913229307785104 0.0963703889641521
0 0.7145316480092636 0.25554299807943603 0.2670325282669884 0.3381019448207603
1 0.555426642920881 0.3437877057904951 0.04233134215265544 0.09415279172311397
9 0.2963813500661131 0.7224261194035909 0.05129690637700657 0.08683161465389251
9 0.14969113579633336 0.823337923451177 0.03830558344622812 0.07680151741285428
9 0.3631893125268706 0.5771302295349278 0.034034163274411534 0.05476274310259512
9 0.3647009028705036 0.6209211731124926 0.03387038896415202 0.05163774310259513
9 0.11397496381549455 0.7547041101313369 0.03649742198083885 0.0720321302577247
0 0.24180779398236227 0.9516875734966053 0.05869997060135788 0.07942855042954164
0 0.0860004500206846 0.8188418532339318 0.07644739258219665 0.15047803482570926
0 0.2016863257558536 0.7242552922889409 0.057622149479601606 0.11832727611928177
0 0.25818638850986686 0.8905077340574834 0.05146068068726608 0.08995661465389233
0 0.258594745023159 0.718922661126705 0.047926244911617386 0.081980340343633
0 0.4022684226582074 0.5006595827688596 0.06265048620519006 0.06561171189493056
0 0.34356064450276064 0.8304123597926525 0.05039614767057934 0.06964411465389268
0 0.327971107529345 0.4881020290599579 0.03913774310259503 0.033215291723114146
0 0.17013535334547347 0.6005654867710171 0.031072937584671046 0.057723968792335614
0 0.1784336114860739 0.8186980110812765 0.03814180913596861 0.07367651741285428
0 0.9625016188935348 0.5565002312324083 0.07499676221293043 0.1414305834462281
0 0.826990620192501 0.8019432852799943 0.003616322930778537 0.009538774310259512
0 0.8226030133405245 0.748118922435124 0.013073210085908471 0.01159259724103805
9 0.9866434647778061 0.4494346817073783 0.02671307044438791 0.023676517412854637