9 0.2734375 0.2390625 0.04921875 0.09453125
0 0.69921875 0.2921875 0.25 0.32578125
1 0.5359375 0.371875 0.0375 0.0921875
9 0.2578125 0.7359375 0.046875 0.08359375
9 0.10625 0.82890625 0.034375 0.07421875
9 0.33203125 0.59453125 0.03203125 0.05390625
9 0.33125 0.63828125 0.03125 0.05078125
9 0.07421875 0.75859375 0.0328125 0.0703125
0 0.19140625 0.96171875 0.0546875 0.0765625
0 0.04296875 0.82109375 0.06875 0.146875
0 0.16328125 0.7328125 0.0515625 0.115625
0 0.2109375 0.9015625 0.04765625 0.08671875
0 0.2203125 0.73046875 0.04375 0.0796875
0 0.375 0.5203125 0.05859375 0.06328125
0 0.29921875 0.84609375 0.04609375 0.0671875
0 0.3015625 0.50390625 0.03671875 0.03046875
0 0.13828125 0.6078125 0.02734375 0.05625
0 0.13515625 0.82578125 0.034375 0.07265625
0 0.934375 0.60546875 0.07578125 0.1375
0 0.7828125 0.84296875 0.00390625 0.00859375
0 0.78125 0.7890625 0.0125 0.0109375
9 0.96484375 0.5 0.03515625 0.021875