1 0.371875 0.43515625 0.0453125 0.04921875
5 0.26796875 0.271875 0.03671875 0.09140625
9 0.7578125 0.0203125 0.03203125 0.03984375
9 0.9515625 0.24375 0.04375 0.05703125
9 0.7671875 0.30703125 0.04375 0.0734375
9 0.6875 0.3 0.034375 0.05703125
0 0.62578125 0.23359375 0.07421875 0.09375
9 0.00703125 0.59765625 0.0140625 0.08125
9 0.0125 0.6953125 0.025 0.08125
9 0.31875 0.51484375 0.0640625 0.08046875
0 0.3359375 0.73359375 0.0953125 0.1234375
0 0.38671875 0.53359375 0.13125 0.146875
8 0.265625 0.49296875 0.06015625 0.06640625
8 0.2125 0.49609375 0.053125 0.0703125
8 0.90078125 0.68828125 0.06875 0.06796875
8 0.6140625 0.60078125 0.05390625 0.05390625
8 0.6015625 0.47578125 0.04140625 0.03125
9 0.571875 0.75859375 0.05625 0.06171875
9 0.7828125 0.83828125 0.040625 0.04140625
0 0.60859375 0.67734375 0.0546875 0.053125
0 0.7953125 0.6390625 0.07734375 0.06953125
0 0.8359375 0.73125 0.05390625 0.04921875
0 0.65625 0.57421875 0.07578125 0.0703125