9 0.8838524431795713 0.31790709054746 0.0761454886359143 0.06649770401018137
9 0.9382478425309483 0.21100256253982402 0.05232615909060954 0.044349984006999674
9 0.7206666505658976 0.325275789902959 0.049201159090609535 0.04431362133990877
9 0.7062654111192044 0.1269655592377771 0.057013659090609535 0.044404528007636036
9 0.6524951233734992 0.44875019991250403 0.08053297970746058 0.04936474801081765
5 0.8269403754053893 0.056797415221232425 0.062082988635914306 0.06633407200827235
5 0.5441217414752881 0.2835711899268215 0.04478639448011279 0.0598840773392725
5 0.6369774431795714 0.3207797412476403 0.06202844155801372 0.0632090720082723
5 0.8076599103051303 0.474293997891505 0.08527502678536117 0.05254429201145392
0 0.614703428165333 0.03298275962763816 0.07937958279171564 0.06596551925527631
9 0.549249166797952 0.5773211899268216 0.060220479707460584 0.04912839067472685
9 0.5207885706102605 0.9613240199315941 0.0652079886359143 0.0663704346753633
9 0.565454413955283 0.8342160799252307 0.08872730925276535 0.071330654678545
0 0.7361135616818066 0.9416274959023226 0.08143300649282174 0.10092724801081765
5 0.14208986282348773 0.1718193613144554 0.13022506249917618 0.12180336935072651
5 0.03083871712555883 0.155141485996182 0.057231847402212245 0.056904528007636034
5 0.1620337646072013 0.4638341386457737 0.1360932329538714 0.1000010946849084
5 0.05469677718910303 0.3580301286600912 0.06682503571381496 0.06951361600890867
5 0.15538652394269215 0.30684834197963734 0.05739548863591426 0.06627952800763595
0 0.25069902394269217 0.30573928063336514 0.07334777110331832 0.08521134134309047
8 0.2062412808392557 0.7133705146403648 0.13105117694751697 0.07963405068427196
8 0.34147539731619136 0.7610256699554566 0.08541139448011296 0.060356792011454094
0 0.3872163656595663 0.8745790926161842 0.126363676947517 0.07957950668363552
1 0.4053412540538945 0.659480803946548 0.1069045649348082 0.03873633068109026