5 0.3131530859592754 0.9161779492613153 0.10672269867214013 0.0818681444174139
5 0.182738357232906 0.7919324490649237 0.09573065651766247 0.07242951190385653
5 0.29521563133520695 0.7873716932111912 0.06284543364502548 0.0597386143631848
5 0.2824514900410509 0.6077523709042882 0.05646816861791084 0.03782725292686617
9 0.4955661310406194 0.9807439224285399 0.0830033975406721 0.03329428903121965
5 0.1839832155459665 0.8716154038853837 0.11462610226293632 0.09753859621281222
5 0.04571560108458592 0.8747636506639299 0.07553633118569744 0.09262383723582168
0 0.438684351084586 0.872477425355406 0.12732609016268787 0.1319863190854491
8 0.4617077188656162 0.666867774789672 0.10041815651766246 0.07245678298109545
5 0.34426166451269424 0.7573978469001832 0.0753636143631847 0.06293633723582168
4 0.7549719055357038 0.7159445824622437 0.06949540944452863 0.12852497579950323
8 0.8797775045771863 0.9503826940949539 0.06614315046753809 0.08944429508134384
8 0.7792638992891879 0.8626832270760495 0.03475679508134384 0.06582498789975162
8 0.9502758360574713 0.8476253327568312 0.04420451795398108 0.07837953005422946
0 0.8812389688656161 0.6644270133767947 0.08194086729005079 0.11922269867214012
0 0.41600783684303816 0.3319660548439013 0.16994992739850953 0.20723175878059868
4 0.5645094902374426 0.4764195159108775 0.05683178298109546 0.10032725292686635
4 0.5850987253085238 0.3895780460633026 0.03497496369925486 0.10332498789975153
8 0.6993016049934108 0.2787536546709507 0.02850679508134384 0.06578862646343317
8 0.7322312378997516 0.030116166771199097 0.01582498789975162 0.034465903590796175