5 0.2065010577771722 0.9057127836118279 0.07515048620519008 0.06542868182494174
5 0.15186006614491518 0.6961176077183849 0.11206398801421238 0.1152668557412186
0 0.40504486261772765 0.43981716406762583 0.07457727611928178 0.0544911818249421
9 0.4899355189947342 0.5274710143716371 0.06972600180902226 0.05117518083635879
8 0.8765568509706242 0.7942499264620967 0.08172803482570927 0.07193334980971962
8 0.6779478533454735 0.6341388029263808 0.06808161465389251 0.04954901384016441
4 0.7677230042954132 0.5769894891999472 0.07046298620519006 0.0652376808363588
0 0.9032953341235966 0.5606853513669565 0.06758364767057934 0.06979784684397003
0 0.8268324106724197 0.6635928340667508 0.09150582654882307 0.10975168479069168
0 0.7056390841235967 0.552631476348366 0.07251680913596861 0.07467634783255335
0 0.6555538749421995 0.5638435489720482 0.0436548247398008 0.05946784190105418
0 0.7180239767057933 0.6996974773369491 0.058133404567984215 0.038229511862998146
7 0.9225930472617225 0.869406435359345 0.043661468792335255 0.029844008897248385
9 0.7210738178423959 0.11825381775512848 0.051392081637205676 0.028599843878220545
9 0.8203954664174862 0.21351192102488917 0.057887743102595125 0.03354201186299814