1 0.34296875 0.028125 0.03984375 0.05625
5 0.24453125 0.17578125 0.03203125 0.0796875
9 0.93203125 0.06640625 0.05859375 0.0859375
9 0.7625 0.2453125 0.0703125 0.09765625
0 0.2796875 0.67734375 0.08046875 0.10234375
0 0.2828125 0.5390625 0.08125 0.0796875
0 0.403125 0.684375 0.03203125 0.1390625
1 0.20625 0.809375 0.0609375 0.09453125
1 0.31171875 0.953125 0.05 0.078125
1 0.36875 0.921875 0.0578125 0.084375
9 0.3609375 0.44921875 0.046875 0.0609375
0 0.38671875 0.59765625 0.06484375 0.08984375
8 0.90234375 0.79921875 0.078125 0.09609375
8 0.56640625 0.90390625 0.06015625 0.0765625
9 0.52578125 0.6703125 0.0625 0.0859375
9 0.775 0.57109375 0.0453125 0.0578125
0 0.5640625 0.79296875 0.0625 0.0734375
0 0.778125 0.8625 0.08828125 0.09921875
0 0.83046875 0.73125 0.0609375 0.06875
0 0.61328125 0.946875 0.0859375 0.09765625