9 0.8635682182887946 0.149016780116131 0.04362817363517095 0.05203521467218155
9 0.7731861419945527 0.12532419410404066 0.02956567363517095 0.051871582670272566
8 0.6808775446536235 0.09536342675840488 0.027366136803468066 0.04091590133672711
0 0.8084333972562247 0.12729577410881315 0.044917657850155376 0.04736589600572705
0 0.5763173892225424 0.2705895987428147 0.055642326223654594 0.09745680267345422
0 0.3632783339044009 0.32588398404677055 0.07553062101845258 0.03679202267663593
0 0.5318562157285458 0.07020779073836034 0.07798776308359248 0.07897952267663591
0 0.26336382096198274 0.09831242003499839 0.032599668373499216 0.050345445337363445
8 0.432113091938083 0.1806902100572701 0.08718075256024882 0.07596361067790855
8 0.331665770905513 0.15844194537713435 0.07918624203690498 0.07274770401018138
8 0.48921223137238706 0.22273280673136067 0.07146474729857691 0.07421929734245411
8 0.4038809471009328 0.2857589707192703 0.03563366311182729 0.04881930800445433
8 0.8280645018543769 0.8262690761059496 0.04296031570031076 0.09418635200509087
8 0.8661883152062007 0.6229446287794038 0.04434080517696728 0.09107953333863605
8 0.8862439389966635 0.5115349614496765 0.030444905148732458 0.1205852200031817
8 0.8963447940183391 0.7653866674490402 0.026500857793685738 0.1064863573360908
8 0.7377671835938173 0.6565827374283593 0.037256347270341904 0.10348862667090905
0 0.7748415203408158 0.7569463640992682 0.05207625241907436 0.22389203333863605
0 0.7012752177240972 0.740475932089405 0.034950394625388626 0.11751476400381797
0 0.3916147074831022 0.4370760227164068 0.1576136208772782 0.18608404535327186
0 0.2453969440465739 0.7281448233609078 0.13005006299888783 0.16858746268299923