5 0.10078125 0.159375 0.06171875 0.071875
5 0.30859375 0.115625 0.11015625 0.10625
0 0.57578125 0.3828125 0.0515625 0.071875
9 0.49140625 0.46328125 0.0484375 0.0671875
8 0.23984375 0.83671875 0.06875 0.078125
8 0.3921875 0.64609375 0.046875 0.06484375
4 0.453125 0.7390625 0.06171875 0.0671875
0 0.475 0.87578125 0.0671875 0.0640625
0 0.36875 0.79375 0.10625 0.0859375
0 0.475 0.678125 0.07265625 0.06796875
0 0.46171875 0.62734375 0.0578125 0.04140625
0 0.328125 0.6828125 0.0359375 0.05546875
7 0.16640625 0.87890625 0.028125 0.0421875
9 0.9109375 0.71640625 0.0265625 0.05078125
9 0.81953125 0.8109375 0.03203125 0.05703125