8 0.774025320958725 0.13318996325372695 0.041825401451278846 0.03650406603337357
8 0.8444171773119944 0.06453846054019349 0.057832347367595106 0.048260437584671065
8 0.826108665331095 0.21264176786713979 0.1233135036281972 0.09224281094499087
8 0.8150372121583848 0.030074929332529032 0.03546627404661713 0.033051517412854545
8 0.7378522079820335 0.15073931139927613 0.0464583377489479 0.035187227498762796
9 0.9522867467731071 0.5924786748099733 0.09542650645378573 0.08649077792830404
9 0.9352828349233591 0.6718319821369195 0.0649553666048888 0.07358798620519007
9 0.7896652561600858 0.5362330760985972 0.06775298439090349 0.06437676051544958
0 0.8438691504397886 0.7212355178671398 0.09039187622353531 0.08739818068726599
0 0.7226067309323423 0.5882736109243062 0.10036707694917482 0.10507700361804453
5 0.7862724491659949 0.9097491412274596 0.0762202488188736 0.08353619629109836
1 0.21232641832631982 0.2080227826780025 0.07362103847458741 0.05376680913596861
1 0.42289687449425484 0.34334837177844013 0.07916171034428618 0.033781857756487635
8 0.061765912335870046 0.2894852238807182 0.10558036660488852 0.07571705223856365
8 0.19826142912609301 0.14144943634147564 0.09080853847458736 0.054667567842395834
8 0.2941394135169964 0.19747370703369055 0.08014385698624168 0.06190685775648754
4 0.1984896738534334 0.6634848886254678 0.2953026094333124 0.23850473654387444
0 0.08580115697839244 0.4846782151742909 0.14508435462398894 0.22439356965141818
9 0.09180067503455978 0.5892428844415962 0.13276291469812274 0.13952724672063965