9 0.2046875 0.47578125 0.0546875 0.09140625
9 0.115625 0.49765625 0.03828125 0.0625
9 0.25234375 0.303125 0.03671875 0.0578125
9 0.11640625 0.21640625 0.03984375 0.06875
9 0.35859375 0.271875 0.0453125 0.09765625
5 0.03515625 0.32265625 0.05625 0.078125
5 0.26875 0.09609375 0.04765625 0.05546875
5 0.27109375 0.21015625 0.053125 0.078125
5 0.33515625 0.4484375 0.04765625 0.1
0 0.071875 0.08203125 0.06015625 0.09609375
0 0.96875 0.19609375 0.06171875 0.10703125
0 0.759375 0.15 0.1546875 0.240625
0 0.85546875 0.1578125 0.0984375 0.1203125
0 0.91640625 0.37421875 0.12578125 0.10234375
0 0.71484375 0.840625 0.11640625 0.11796875
9 0.48125 0.615625 0.03671875 0.015625
1 0.76875 0.7125 0.04375 0.06484375