5 0.11578377894075856 0.35709544776143637 0.1202083509957919 0.13730964947960161
5 0.2970288336574147 0.4595200056542096 0.1041468413771451 0.12399077792830404
5 0.27229667376861544 0.3340220386708963 0.08096231252120453 0.08534435775648763
5 0.48507692676384034 0.2860847484181203 0.053963302902557686 0.07145227611928177
5 0.20317962993655048 0.4840054285395595 0.1393948606144388 0.15079229534115868
5 0.2347347086998237 0.6255820969023537 0.12169643992586625 0.09059842378986112
0 0.13166669536816183 0.20677122116718474 0.1776587524470707 0.17463258706427265
8 0.3678646009957919 0.11221123643233269 0.10738096878180681 0.1272795522385636
5 0.29357890752654664 0.27107498134395003 0.09077382213985138 0.09833568068726617
1 0.06439990524911192 0.768347208276886 0.07723711179556507 0.06799308344622812
1 0.12184781750016396 0.7324639399595203 0.07696429328391079 0.06018058344622812
1 0.5038666877332496 0.8689791355732499 0.0582688569862416 0.06076043758467122
1 0.06365340470095775 0.9711003940525348 0.061284729581579954 0.05779921189493038
0 0.0631970477147161 0.9132060068974048 0.06593751324684391 0.10171298620519025
0 0.16688998818873646 0.7895870431934521 0.11457342068857254 0.06527087516934209
0 0.21273571232802083 0.7128297913844298 0.11328373920022683 0.07300148801421233
0 0.2664137838349 0.6810574909548885 0.14941964664195542 0.03590427973732631
0 0.15143362457907283 0.6831699468569252 0.11638889183263199 0.027934649479601604
0 0.39922877303512677 0.7414074135015541 0.11377481252120454 0.08706398801421251
0 0.28845496414211935 0.7519089015157665 0.11522818511654283 0.08402087516934209
0 0.5093602303841882 0.8021634497976013 0.0426438569862416 0.05994156603337366
0 0.3885963517984001 0.8851950350528517 0.09922123920022674 0.07226450361804453
0 0.26961073882170866 0.9070844024202778 0.08644842068857254 0.06379690637700648
4 0.6089335450980093 0.08574665196802214 0.21937502649368792 0.17149330393604428
0 0.8626413876562807 0.10433898207911904 0.2357639183263199 0.20867796415823808
9 0.7234226310328588 0.06057901600031699 0.13588791469812272 0.12115803200063398
9 0.779727294086519 0.7895594719601542 0.19855160580511538 0.1476540072360894