9 0.8814765674971057 0.8632431386578452 0.04418792069139812 0.07120714206513981
9 0.7934597419494271 0.8939933387425498 0.030079956584775226 0.06882559471009345
8 0.7056702369348622 0.9325560388272545 0.02654577962517113 0.054581084186749604
0 0.8284795996295591 0.8913534571301664 0.04400606426490725 0.0649571420651398
4 0.25118131373618185 0.8592895129424182 0.10060305674305985 0.1337673262236546
8 0.4600548939027137 0.6398169890531333 0.09799488229073816 0.09773882096198286
8 0.2998053671805364 0.707696191839261 0.052000420691397944 0.07166216837349922
8 0.5630926288590189 0.7768458231692957 0.06169366943775678 0.08314569994353035
0 0.44269887549380665 0.9470933498305907 0.12206887978345567 0.10581330033881856
9 0.7924519244523217 0.08203166503679156 0.06615384890464338 0.0756062157285458
9 0.8013712495377817 0.3617646676676275 0.058341348904643556 0.07515118942018653
8 0.7489843839400908 0.2768212492941283 0.08334134890464337 0.07660727360693613
8 0.7262121251646022 0.3519276651073787 0.0800799565847754 0.07173776308359248
8 0.741661280416594 0.40040296246242535 0.06092077962517113 0.056583199943530185
8 0.6901823822907381 0.1322298151356136 0.06073892319868044 0.05033319994353027
0 0.4054844365265156 0.2653938417263215 0.10879598997087 0.09368835779368574
8 0.5283920537735589 0.4956112337208742 0.12358591567683312 0.11950740514873245
8 0.3918922641192579 0.5219777706937515 0.112375631037097 0.1094953683170294
8 0.5929570074553403 0.4361977073419279 0.08291545157021041 0.1155787683452644
8 0.47085703543115887 0.3409545548240314 0.05209134890464338 0.07478716837349922