5 0.16230743487716293 0.1100637866905286 0.07369356426490725 0.06668624203690507
5 0.12460416105797952 0.31532813936371684 0.10943248746358769 0.11556335779368573
0 0.399566023290458 0.5980775391096029 0.07337531551854841 0.05574874203690498
9 0.47757971153283324 0.5183893100857032 0.06859688730530315 0.05235072625188941
8 0.8436974903665817 0.28857706762527513 0.08012542069139812 0.07330026308359247
8 0.657505240762293 0.42981817570130965 0.06698892319868044 0.05069722099021767
4 0.7522470909205775 0.4961704887707846 0.06900606426490725 0.06641322625188942
0 0.8896023384132951 0.5260084491670713 0.0660174565847754 0.07091871572854594
0 0.8044795291629528 0.4149806729292993 0.08902905925034225 0.1112552893919517
0 0.6919460884132951 0.5144962835655825 0.07084134890464337 0.07587923151356132
0 0.6407783935070024 0.4982573625612474 0.0423071719450391 0.060178636803468064
0 0.692359962390763 0.3678942993505981 0.057295674452321775 0.03921368942018653
7 0.8837481773553154 0.21759670969041509 0.04300585391920819 0.030582142065139893
9 0.7429118241610231 0.9526634124765427 0.05077288981258547 0.029474668373499213
9 0.8347834239235963 0.8667629808076895 0.05715928213245362 0.034526189420186884