9 0.729344244032453 0.2771400271353346 0.05109088001272664 0.09637038896415202
0 0.30418115937299817 0.3079507773624773 0.2537817173774526 0.3381019448207603
1 0.4683896573838158 0.3961954850735363 0.03857269867918127 0.09415279172311405
9 0.7507509080999044 0.7748338986866321 0.047856792011453916 0.08683161465389251
9 0.9033951974458585 0.875745702734218 0.03524770401018138 0.07680151741285464
9 0.6748867474140419 0.629538008817969 0.03186816534054522 0.05476274310259512
9 0.6761770747533141 0.6733289523955339 0.03183180267345413 0.05163774310259513
9 0.9346082874363134 0.807111889414378 0.033630660009544754 0.0720321302577247
0 0.8197843607972214 0.982190538782438 0.05557838534372692 0.03561892243512403
0 0.9656780090507476 0.8712496325169731 0.0686439818985047 0.15047803482570926
0 0.8452457954328135 0.7766630715719822 0.05290791868236298 0.11832727611928177
0 0.7995531294557215 0.9429155133405246 0.047893154678545005 0.08995661465389233
0 0.7881872734324954 0.7713304404097461 0.04467724801081765 0.081980340343633
0 0.6310543840706331 0.5530673620519007 0.060102253341817756 0.06561171189493073
0 0.7106264421148584 0.8828201390756938 0.047656797342454024 0.06964411465389234
0 0.7043009800684059 0.5405098083429991 0.03786362667090888 0.033215291723114146
0 0.868791288749178 0.6529732660540581 0.028779528007635946 0.057723968792335614
0 0.8744525847787674 0.8711057903643177 0.03521134134309065 0.07367651741285464
0 0.07267026674885986 0.6089080105154496 0.07659995735199913 0.1414305834462281
0 0.2269963294477675 0.8543510645630356 0.0032340880012727167 0.009538774310259512
0 0.2279315734404496 0.8005267017181652 0.012627269334818081 0.01159259724103805
9 0.040974276734542334 0.5018424609904194 0.03462953866963623 0.023676517412854637