9 0.1421875 0.18671875 0.0421875 0.06875
9 0.23125 0.15078125 0.028125 0.0671875
8 0.3203125 0.10703125 0.025 0.05234375
0 0.19609375 0.15546875 0.0421875 0.06328125
4 0.7734375 0.15390625 0.09765625 0.12734375
8 0.5578125 0.3859375 0.0953125 0.0921875
8 0.7203125 0.30859375 0.04921875 0.06875
8 0.45859375 0.2546875 0.06015625 0.0796875
0 0.584375 0.06953125 0.11875 0.1140625
9 0.20859375 0.9640625 0.0640625 0.071875
9 0.2078125 0.684375 0.05625 0.07109375
8 0.2578125 0.76640625 0.08125 0.07265625
8 0.2828125 0.68984375 0.078125 0.0671875
8 0.26875 0.6421875 0.06015625 0.05234375
8 0.3125 0.9078125 0.05859375 0.046875
0 0.6015625 0.7578125 0.10625 0.0875
8 0.48515625 0.534375 0.1203125 0.1125
8 0.62265625 0.5 0.109375 0.103125
8 0.41875 0.59765625 0.0796875 0.1109375
8 0.53828125 0.6859375 0.04921875 0.07265625