5 0.06879767186929718 0.5764258957416561 0.048253793532136345 0.08772017589344294
5 0.16996950474969838 0.2971111274528674 0.048253793532136366 0.08772017589344294
5 0.21011979195025665 0.37889036806132725 0.04390048620519007 0.06415534190105418
8 0.10762331298115582 0.2520970577949347 0.04636374491161734 0.08140650889724857
0 0.007587934193769066 0.965101076578015 0.015175868387538132 0.06979784684397003
0 0.2024744725259811 0.9412802801146057 0.07070200361804461 0.09954901384016424
0 0.29109431648765877 0.7973445963124974 0.07325379353213642 0.08873884783255317
8 0.6230226679125683 0.875030608632606 0.09413950361804453 0.10050401878308009
8 0.6599295256690558 0.7955686017125239 0.09488313206674696 0.08494268577927463
8 0.6986002792871006 0.6973247612943444 0.11346935775648745 0.08258168973360736
9 0.3576599395092943 0.9552260804951667 0.08107293758467105 0.059433349809719614