8 0.1734375 0.23203125 0.03359375 0.04140625
8 0.10859375 0.159375 0.0453125 0.05546875
8 0.25546875 0.1828125 0.0859375 0.1203125
8 0.07265625 0.1875 0.03125 0.03359375
8 0.1890625 0.26875 0.0328125 0.0453125
9 0.64140625 0.06640625 0.08203125 0.10078125
9 0.71953125 0.08984375 0.0703125 0.06328125
9 0.5765625 0.23046875 0.0609375 0.06484375
0 0.7640625 0.1828125 0.08359375 0.08671875
0 0.625 0.29921875 0.09921875 0.096875
5 0.94921875 0.246875 0.07890625 0.0734375
1 0.21875 0.7953125 0.05078125 0.07109375
1 0.36484375 0.58984375 0.0296875 0.07734375
8 0.2921875 0.9484375 0.0703125 0.103125
8 0.1515625 0.80703125 0.05078125 0.0890625
8 0.2125 0.71328125 0.0578125 0.07734375
4 0.67265625 0.825 0.2234375 0.28671875
0 0.48828125 0.93125 0.2171875 0.1375
9 0.59296875 0.92890625 0.1328125 0.128125