5 0.31163316687305753 0.06769465240014609 0.11003427956950454 0.0861986732831983
5 0.18776763544152608 0.19873494478993226 0.09866013192686944 0.0763142510334573
5 0.30044957195929073 0.19740142307831052 0.06526543507002262 0.062285984284234305
5 0.29709990177646434 0.37763473263160446 0.05799659057054054 0.0401198858558109
9 0.4906078833746115 0.0059630938803094625 0.08434076674922295 0.011926187760618925
5 0.18483738047912737 0.11901105748637933 0.11857452564056317 0.10218754631872758
5 0.04644696856846859 0.12310786021524771 0.07929370181924558 0.09568068114108116
0 0.4394157185684686 0.10480504652812457 0.13267556699689198 0.13714474317557443
8 0.4732043294028889 0.30914579011798377 0.10334763192686935 0.0765325748547749
5 0.35105103949430205 0.22479652295447602 0.07791098428423435 0.06599318114108117
4 0.7638079046719485 0.24471930128563552 0.07471751778268043 0.13132708271265772
8 0.876292826302517 0.024936687036747895 0.06977315260503403 0.04987337407349579
8 0.7804045916039979 0.09675268217904767 0.0374315334984459 0.06722604135632886
8 0.9521533130679506 0.10284636270095629 0.047388730355292806 0.08016268899896399
0 0.8927355794028887 0.2896058081100611 0.0867808701400449 0.12253427956950454
0 0.44506448262709525 0.6463397291169478 0.17835624813797324 0.21410965756743253
4 0.5859526941662505 0.4941500287454443 0.060907574854774896 0.1026198858558109
4 0.6110854348606256 0.5798863215495151 0.03917812406898662 0.10472604135632899
8 0.7310597946615885 0.6846936379272346 0.0311815334984459 0.06693494292790554
8 0.77700595719142 0.9315300965709058 0.01722604135632899 0.035102746071058635