1 0.5205607489665427 0.07392038927868447 0.09676799214211709 0.035133686767857886
1 0.3428744348651348 0.32288842437338716 0.09836903349844608 0.06950868676785786
1 0.5034737946660977 0.20639730825204516 0.059413541356328994 0.036730678859192525
1 0.6054043600103599 0.4120013680241462 0.04535104135632899 0.036157675893442945
1 0.19474299586617078 0.37259128851756274 0.06312073821317572 0.04935801285158128
1 0.22137180831494882 0.47053669859367486 0.07456766046291677 0.060741181824942106
1 0.6327758811028091 0.5442262776059668 0.04720463978475227 0.0424713428896375
1 0.6513504067433723 0.44677827464021724 0.04862159057054054 0.039410009885831696
1 0.6820888304408553 0.48997251772013506 0.052328787427387446 0.052037343878220454
1 0.4178294313504781 0.4547339905712787 0.05643409057054054 0.039728344866803766
1 0.38509401406313587 0.3874483314837498 0.049892992142117086 0.03322367688202608
1 0.26027391232494357 0.13755044365075905 0.03968323821317572 0.048403007908665384
1 0.5046338802742396 0.24845747425965642 0.05428939371369381 0.027164677870609298
1 0.6801518029382654 0.38088401920300985 0.04549659057054054 0.03928267589344294
1 0.5047258097626909 0.5143543882901012 0.03263271753501122 0.030960839923887918
1 0.49260249131805683 0.5904858067691705 0.045787688998963995 0.04553267589344294
1 0.5466180190255346 0.30133046486811627 0.04415241439185813 0.043906508897248564