6 0.2515625 0.0921875 0.18515625 0.1046875
6 0.240625 0.4453125 0.18125 0.07890625
6 0.3046875 0.35234375 0.20859375 0.0984375
6 0.41171875 0.4578125 0.11484375 0.09609375
6 0.546875 0.3296875 0.1453125 0.0734375
6 0.4015625 0.24453125 0.1515625 0.1046875
0 0.7453125 0.0546875 0.0921875 0.10859375
0 0.6734375 0.2484375 0.10625 0.19765625
0 0.79140625 0.2796875 0.11015625 0.14375
6 0.9578125 0.325 0.08359375 0.1671875
1 0.2640625 0.93359375 0.0828125 0.0609375
1 0.16953125 0.8328125 0.06875 0.06640625
1 0.25859375 0.809375 0.0625 0.0703125
1 0.40625 0.78515625 0.10234375 0.04765625
1 0.3734375 0.71484375 0.06875 0.0265625
1 0.50703125 0.6234375 0.09609375 0.0359375
1 0.246875 0.68359375 0.0640625 0.0859375
1 0.1796875 0.60546875 0.07265625 0.03125
1 0.78203125 0.93359375 0.0515625 0.0609375
1 0.7234375 0.8328125 0.0421875 0.06640625
1 0.77890625 0.809375 0.0390625 0.0703125
1 0.86953125 0.78515625 0.0625 0.04765625
1 0.8484375 0.71484375 0.0421875 0.0265625
1 0.93046875 0.6234375 0.06015625 0.0359375
1 0.77109375 0.68359375 0.0390625 0.0859375
1 0.7296875 0.60546875 0.04375 0.03125