6 0.7932251766743048 0.8489365713245363 0.38190984232430586 0.3021268573509275
6 0.6853425543334717 0.7172883838735838 0.16232077488562507 0.13119983887551356
6 0.8762779852792704 0.6423207907749282 0.2227868026210416 0.17980247492717538
6 0.7573649843293397 0.6122802866182931 0.24451633225631966 0.1741889724198929
6 0.5455728459365967 0.6428613822242312 0.207887848023889 0.1434557979675713
6 0.46321036835367985 0.8562359089464084 0.11475479065319458 0.10014841567683312
6 0.5597840823532287 0.4689381489172786 0.09655030452090294 0.12304034639736088
6 0.6344743046178121 0.5180181580884786 0.173512848023889 0.14245558762187222
6 0.6922679676118398 0.5540980620868291 0.14026393692972228 0.12275084138279588
6 0.5337794011230896 0.746494847584495 0.13030705547083343 0.09747805674305994
8 0.348060106670173 0.7317096188963961 0.05181837955902786 0.07957985141192588
4 0.7546673565732638 0.123589859658689 0.1215866721120836 0.12533027210332376
8 0.605644055852083 0.3459696618494023 0.10777743882958343 0.06871655925034226
8 0.7398391775273262 0.2568426288590189 0.06395470364722229 0.06431856426490726
8 0.4811538553389928 0.2868410512662765 0.07525587955902786 0.080261813011266
0 0.5556304445291665 0.10998068606429716 0.13717530452090293 0.12422241316955059
0 0.15197746124666653 0.15452367860895677 0.09665940729444458 0.12772784639736087
0 0.05764557978777764 0.17679583221159592 0.07071384992375007 0.08637542069139799
0 0.22000206905420133 0.08692465314042072 0.12718336189159735 0.16452916442319182
9 0.1872759155594789 0.3173790312745238 0.07227634992375007 0.08642088479802065