6 0.4450427552815963 0.8247081464765031 0.42812064041962794 0.3505837070469937
6 0.9164985641273246 0.60352271522725 0.09415119480442442 0.11518238229073816
6 0.9755836432688874 0.8905429935987798 0.020986430193927673 0.1286705692794719
9 0.19408123660731938 0.0314415312745238 0.04777502678536125 0.052926423198680426
0 0.23518392897940718 0.3187202224198929 0.07663641233702041 0.09593227711788872
0 0.3287333315771949 0.37772080087056514 0.09516822402541765 0.08397784639736088
0 0.2308839870143565 0.2068196159934022 0.06677048863591431 0.0675344924781526
0 0.28984988393010136 0.23198475204506405 0.05254434740221221 0.0577503155185485
0 0.4258322483784422 0.2781503613745486 0.1179159772718286 0.13461434389007837
0 0.44518444602553575 0.42331810886726623 0.0573954886359143 0.06726170783841638
0 0.14433856087761837 0.14958612602253202 0.0667159415580136 0.0644094924781526
0 0.36355043669004494 0.26383179710964144 0.07145798863591431 0.06767088479802066
0 0.3413635653418453 0.14672085345698985 0.08546594155801354 0.06495506175762475
0 0.23620846103977416 0.12568327625995887 0.07652731818121908 0.08968227711788868
4 0.6943486489476351 0.43369463387358376 0.06626374837514692 0.21744356426490724
4 0.9614209208617324 0.2241678358395056 0.07473081330995512 0.25517088479802064
8 0.9678499732146388 0.0797502461060623 0.05448867694751698 0.07967077962517118