6 0.8585860795353775 0.7718552346025987 0.14454086123992696 0.14179486364988386
6 0.833519985365669 0.24721999053409777 0.041079517953981085 0.07978034190105418
6 0.7581745517206433 0.3096510063514285 0.11248286104353493 0.27014535672980183
1 0.23338102557523893 0.9668214495822582 0.08933521077238851 0.050504018783080085
0 0.20450308841417203 0.6946254560080487 0.06428975897699045 0.04167284684397003
0 0.35134172697785354 0.6948907583657759 0.05654089149054773 0.052292011862997964
9 0.31352810958960675 0.7503250162744413 0.048682939695149675 0.044161176882026254
9 0.3209932351692771 0.13844709878395536 0.0690136204133089 0.04811384783255326
9 0.4015256176828344 0.12423074847994417 0.06582498789975162 0.037049013840164416
9 0.5035557502945875 0.17396681022921157 0.07382838544042354 0.0701798488211364
8 0.5560181958434697 0.028988527148856254 0.0473386083130606 0.05797705429771251
8 0.10539550624651595 0.14254564425878138 0.169368144417414 0.1131260355889943