6 0.03804028818465257 0.599508255014565 0.07608057636930514 0.22285848997087002
0 0.6946461255718746 0.6121717955933027 0.1786367591180557 0.16134197994174038
9 0.03561536431487829 0.45897418322781025 0.07123072862975657 0.0617391335443795
9 0.29059832446944406 0.42874815947513395 0.07540134992375007 0.08651181301126591
9 0.019249401168350687 0.05646294866721648 0.038498802336701374 0.06676160266556704
8 0.28451589789204845 0.22047265822149265 0.06406380642076392 0.06900606426490725
8 0.14050936512263862 0.3363059098708453 0.05984908510611118 0.08918217194503927
8 0.07463501766743048 0.08058475877548862 0.051891114741388966 0.08270485141192578
9 0.9288146778116666 0.020867980239356494 0.05766833605604162 0.04173596047871299
9 0.7837151576756942 0.27387016204892334 0.043133057370694596 0.041852530878812376
9 0.9444916163569095 0.14193453728003255 0.03895470364722229 0.06359113855894435
0 0.8988323178199303 0.22523878226546765 0.06086607123840295 0.06579013605166181
0 0.949520036000451 0.3619515205869851 0.048075130508958355 0.05292642319868044
0 0.7385650054152428 0.3352994070343584 0.06511716014423605 0.04717652837152997
1 0.8366563600886454 0.38084993626381813 0.051127395326597026 0.04989235141192579