8 0.8125 0.03828125 0.178125 0.0765625
0 0.6140625 0.0515625 0.0875 0.103125
0 0.5546875 0.0296875 0.071875 0.059375
0 0.73515625 0.1046875 0.0859375 0.1
1 0.16875 0.64375 0.10703125 0.1375
1 0.19765625 0.8140625 0.121875 0.115625
1 0.15234375 0.915625 0.06328125 0.08046875
1 0.2828125 0.77734375 0.06015625 0.08359375
1 0.37109375 0.78203125 0.07109375 0.07421875
1 0.38125 0.69453125 0.0640625 0.07421875
1 0.28515625 0.66171875 0.05625 0.07421875
1 0.190625 0.54296875 0.0546875 0.08359375
1 0.28671875 0.54140625 0.08203125 0.0921875
9 0.75 0.56640625 0.06171875 0.115625
9 0.659375 0.603125 0.05859375 0.0890625
0 0.64453125 0.4125 0.04140625 0.1234375
0 0.86796875 0.5609375 0.0453125 0.1234375
0 0.90546875 0.59921875 0.04375 0.09375
0 0.8390625 0.46953125 0.04140625 0.10625