6 0.7306819794795218 0.48228885856941356 0.08030727711788863 0.07590906667727229
3 0.2703161631695506 0.13127508263050167 0.10668792069139794 0.0699681493475448
3 0.37544994404836296 0.1722535239497296 0.07194920783841648 0.057068160009545024
3 0.4367501230530312 0.47945694927595717 0.09975595909205773 0.046457924013363086
3 0.5886214777636622 0.8106149479233217 0.058539925705962934 0.025672709341181488
3 0.2652829853520166 0.2806029206317743 0.15483591567683302 0.11426358935390812
3 0.9025747337026641 0.13173323321136926 0.10254598997087001 0.08866360534690845
3 0.961833067596866 0.25215427387018774 0.07633386480626783 0.08215906667727228
3 0.913945457376198 0.3613661892107329 0.08710284639736088 0.0947317920114541
3 0.9310242749398107 0.7065968732097784 0.09446070533113407 0.07919769867918128
3 0.6383677620076869 0.6670189419160039 0.09593227711788863 0.07609088001272682
3 0.6268057878719343 0.7531200739179129 0.12818248746358768 0.11082950668363552
3 0.5035692131821858 0.6271671959341394 0.08334134890464337 0.0728204293443632
3 0.3822314222742436 0.6739069306174568 0.0994209899708701 0.08862724267981754
3 0.5919460884132951 0.4682729065881855 0.093625631037097 0.10417951734563573
3 0.7227043434278599 0.4229865839035954 0.12921613855894432 0.0389908693507266
3 0.9042642319868044 0.4583866398790965 0.07369356426490725 0.0633363413430903