6 0.5216993006404888 0.35451381897499046 0.15120901775758924 0.21305061542376222
6 0.250673728333586 0.3756993713293939 0.10869426483072289 0.15532739546082902
6 0.4158351200205255 0.2902281188823232 0.08195904800821019 0.12471231252120454
6 0.4086533582148646 0.13029012369164664 0.0613920179539809 0.08025298439090336
6 0.16115671037960508 0.30068450236225275 0.03780907220870704 0.05443452885594056
6 0.25895438182618624 0.4558953028177396 0.050345433645025486 0.06112103847458741
6 0.25768731849627385 0.5067311165200705 0.05979315651766246 0.07394842068857255
6 0.27373502019347606 0.5788417294967619 0.09752950585373252 0.11588294954451292
6 0.1721907009116353 0.5855133701482675 0.0756726865718917 0.11824405771188111
6 0.19117250506816555 0.6247023557202973 0.09238748789975162 0.03759425843752044
6 0.09110887255460823 0.617256932669472 0.03938975292686624 0.057614092558271324
6 0.2128459545258726 0.18635661833416903 0.06306360226293632 0.09905754809323426
6 0.2838488009350765 0.16824896987811508 0.06462610226293623 0.09911211179556507
6 0.3098396500747548 0.3376884506408214 0.052235186571891745 0.11742560217691826
6 0.34951574931262896 0.44179310808255 0.059847698672140126 0.08332342068857254
6 0.3572186441228264 0.28836800771973026 0.06637040944452863 0.13041667549789598
6 0.4292123396717086 0.44057285926367634 0.06925906010845857 0.08990080290255768
6 0.35800794272021175 0.027501218106425567 0.06288179508134392 0.055002436212851134
6 0.35077268052176747 0.12059023067788828 0.037809072208706954 0.05443452885594056
6 0.36356811719185506 0.17093497105924144 0.03154089149054773 0.05109127404661713
6 0.4215987858097659 0.20641611407299978 0.06304542154477702 0.09593254809323426
6 0.44758963494944426 0.3758555948357061 0.044149975799503235 0.07027778366526398
6 0.3320964451560987 0.4025495588081894 0.10059996369925477 0.10661707694917481
6 0.17717311670087574 0.5017286471901097 0.07243860226293633 0.09938493030721922
5 0.854715812838933 0.2436457185273527 0.07143061416679294 0.19464286660488855
1 0.6571883905085891 0.6756298724257024 0.03328519867214012 0.0823958377489479
1 0.5884338453290493 0.6772494253282599 0.06922269867214012 0.08365080290255769
1 0.465528131335207 0.7729662078123976 0.06604315651766228 0.07416667549789598
1 0.4733673815315987 0.6429786074495778 0.053252265027114734 0.023730165879249122
1 0.3978043001495095 0.6831249470126244 0.05666815651766246 0.07383929328391084
1 0.297273035024199 0.7296130558129645 0.05973861436318471 0.06457342068857255
1 0.24542418871319108 0.6821949079898827 0.07699883723582168 0.07767362141421189
1 0.34289863153159866 0.6475346765942043 0.05012726502711464 0.023621038474587408
0 0.5057804266129426 0.7074850515517953 0.06146474082661779 0.09275298439090349
0 0.9416411794416131 0.8133828104526518 0.08833631303532456 0.14680556733052796
0 0.8924593117587787 0.9557538489272392 0.0907795361043533 0.029727194735189498