6 0.9092760478118184 0.27269207047590355 0.10576016237139499 0.18681162860909728
6 0.5560874152982611 0.25353549486909766 0.07917948165323559 0.18306837955902786
6 0.6494288700205255 0.3197618665443408 0.09965560811666876 0.21166615824437507
6 0.5445828096174793 0.42433830413965323 0.09754768657189175 0.11787979065319458
6 0.6734941256778663 0.5624766966164589 0.07428290339440444 0.14702177678548622
6 0.7578049722834617 0.41914623033579923 0.10556926483072289 0.15399912860909737
0 0.9473464678440646 0.7673148926642369 0.10530706431187084 0.094733231382639
0 0.7554804447633152 0.6909303113578479 0.1974931444174139 0.11083231648875014
0 0.7249167668738263 0.8081717095342367 0.14439541549465282 0.11428331838861112
6 0.6805723901158057 0.9646950666309204 0.16767837939029934 0.07060986673815925
1 0.0679425206844554 0.2656081226251737 0.06141928903121974 0.08423083605604172
1 0.16817380396013853 0.1734225822563196 0.0660249757995032 0.0702774388295834
1 0.19212945442767673 0.2630305961240279 0.0706761143631847 0.06413654160312507
1 0.21720724336070063 0.4112505437873265 0.04747496369925477 0.10421602773541672
1 0.2873288458200286 0.3800745853904516 0.026962475799503238 0.06936824905006951
1 0.37951232152133596 0.5157958394745142 0.036501102262936236 0.09771145459715277
1 0.3178425267345796 0.2542394372140627 0.08631020472226432 0.06606271751493065
1 0.39557664129415604 0.1888703167730906 0.031668156517662374 0.07260235182361115
1 0.07095597471934867 0.7835768726251737 0.061237481849627386 0.0529808360560418
1 0.171396336253863 0.7273288322563196 0.06587043969514968 0.04371493882958344
1 0.19515654400118945 0.783343096124028 0.07053975897699045 0.040699041603125076
1 0.21990253482780728 0.8745317937873265 0.0472386143631847 0.06359102773541672
1 0.2900923149802324 0.8550745853904516 0.026807939695149764 0.04280574905006951
1 0.3819758088319124 0.9392333394745143 0.0362829336450254 0.06021145459715278
1 0.3208923422057913 0.7784581872140628 0.08616475897699045 0.041062717514930645
1 0.3987764476901815 0.7388703167730906 0.031504530054229284 0.04447735182361114