8 0.9701378473582988 0.8629015439823622 0.059724305283402404 0.18213747060135788
0 0.9550745853904516 0.6637680031637594 0.08985082921909679 0.09290455223856356
0 0.9763495201359724 0.605539423335576 0.04730095972805515 0.07498671189493056
0 0.9124234516504519 0.7820775898893478 0.10200021751493082 0.09117827792830405
1 0.36017769984750014 0.18742027136958345 0.13997299620027787 0.11345606965141819
1 0.19053800028434048 0.20740082146044045 0.11846167211208343 0.1279346494796016
1 0.08792084014010429 0.15676565637700662 0.08270470364722227 0.06675813206674705
1 0.22923878400368078 0.2944814196059896 0.08575696846486114 0.06379690637700666
1 0.22660605290538224 0.38251700814060036 0.07667290919430565 0.07580558344622812
1 0.31434244224805585 0.39725893882786645 0.07649107123840278 0.06799308344622812
1 0.3449183353904516 0.3028848190855913 0.07630923328249999 0.06018058344622812
1 0.46146809612402795 0.21457699287545245 0.0856478656913195 0.05910940637700666
1 0.46526720298163216 0.3107526300305822 0.09407861474138901 0.08608134215265535
9 0.4510501937666673 0.7727236855485062 0.11707970364722228 0.06855964947960161
9 0.412222123478195 0.680174337402957 0.09044446846486114 0.06404256784239593
0 0.6025016313619798 0.6753208203287867 0.12438305737069441 0.047094085255250384
0 0.4592646969007993 0.8909790405914603 0.12449216014423622 0.05178158525525021
0 0.42185626908913265 0.9264728052907814 0.09476829255305556 0.04866322930778537
0 0.5499981464639591 0.8668631891665507 0.10719555737069442 0.04619332654882306