6 0.607427550197644 0.22583901827589306 0.38027830517696726 0.10153638558944351
6 0.6995310211878618 0.16278274030007456 0.14758763154179633 0.04329066191590938
6 0.5105063185429084 0.1431963513454188 0.19684417889684286 0.05876254922121245
6 0.6149053922063142 0.12432198238251575 0.2262586631118273 0.0549388672470434
6 0.8169229185146735 0.1223743521368416 0.19299113680346808 0.0461716210079671
6 0.9318584028002451 0.2047586062934767 0.10338260523343692 0.03420516693047428
6 0.7741431552899067 0.050697928938161184 0.07460515785015538 0.04896634890464333
6 0.7123943132106494 0.07629131083318795 0.15723564732681172 0.048250946555645435
6 0.6643362448089153 0.09523988763450753 0.12102513154179632 0.04251777210332377
6 0.8458067817112054 0.16390863426929522 0.12038809471009344 0.03158027210332377
1 0.08509679486538506 0.13786136434404953 0.07809417889684286 0.05530727711788872
1 0.17367417647776845 0.17565453252816504 0.036013094710093264 0.02912521034569897
1 0.3181221264918859 0.1947264444440744 0.11503273677523325 0.07354045157021032
1 0.35117682117374427 0.1377777624699053 0.05685621572854575 0.06560827962517117
1 0.23384510800544725 0.12340772241989288 0.05907116311182729 0.05007420783841652
1 0.23048416055157855 0.033313919833468146 0.0403211631118273 0.04952863855894435
1 0.14330267896743004 0.025299179862598005 0.11651964206513994 0.04550637978345572
0 0.061609575084704604 0.22001463479802066 0.12321915016940921 0.08337009263643713
4 0.6209043481879752 0.8700386815119506 0.21454543131591725 0.2599226369760988
4 0.5297311295462448 0.6461682386507219 0.17549834186749572 0.2546828029821363
8 0.11466684264395473 0.5707026080758434 0.09670694198043535 0.1338414540774929
8 0.02342151741807577 0.7073100463182186 0.04684303483615154 0.096585494985435
9 0.33522997162550217 0.6131187432695755 0.03434417889684287 0.05403428213245363
9 0.17867686376122927 0.64064904671393 0.05685621572854584 0.06560827962517131
0 0.37326059264395467 0.5782269177218972 0.03249325256024882 0.07581835391920819