6 0.35703125 0.10078125 0.3859375 0.2015625
6 0.165625 0.05 0.065625 0.1
6 0.06328125 0.03828125 0.1265625 0.0765625
6 0.128125 0.25 0.22265625 0.11875
4 0.4859375 0.196875 0.109375 0.1203125
9 0.6953125 0.078125 0.0359375 0.0390625
4 0.728125 0.00859375 0.0796875 0.0171875
4 0.56484375 0.075 0.03046875 0.075
0 0.7671875 0.10234375 0.06015625 0.05234375
8 0.3859375 0.5234375 0.16796875 0.1734375
4 0.34453125 0.7359375 0.090625 0.11015625
4 0.46875 0.56484375 0.07109375 0.1
4 0.47421875 0.90625 0.1515625 0.1875
0 0.5171875 0.365625 0.065625 0.1125
0 0.38984375 0.3796875 0.08046875 0.08828125
8 0.909375 0.3671875 0.11328125 0.1109375
8 0.684375 0.88984375 0.08203125 0.08359375
8 0.67265625 0.82265625 0.09296875 0.08125
8 0.85390625 0.76953125 0.08046875 0.08515625