6 0.7487649153310949 0.2726888044239937 0.19815479092165802 0.22006184612402793
6 0.37745294363888127 0.5036952297671183 0.14306549763774729 0.16257534802388918
6 0.6330109736759482 0.4674901985163199 0.10011410580511537 0.1397184230620141
6 0.6872892790255765 0.7029380424561464 0.08236112141421188 0.07841724715020834
6 0.2874256882814037 0.6975341891139238 0.04883929328391083 0.057341027735416716
6 0.3568452885594054 0.3830008700597225 0.06748016587924913 0.05465243882958344
6 0.3339955764010206 0.3098718413743753 0.08052580290255769 0.07056837955902787
6 0.32747770317271013 0.19028603998760443 0.1345238221398514 0.09680487765916679
6 0.1883730523544035 0.27525783919017377 0.09241073320977704 0.14266158510611113
6 0.18400795616793503 0.15025783919017374 0.12838294954451307 0.09978440729444457
6 0.06697176750801317 0.3083404832825001 0.04642362141421195 0.07758079255305557
6 0.4015650885515562 0.8141606042921531 0.07580358656782167 0.11417290919430556
6 0.5045883956304651 0.7689409829012505 0.08183533175849825 0.10806837955902786
6 0.47184778438305414 0.5019892190335421 0.04629962504240907 0.1634455573706944
6 0.48405014010335146 0.3149256301277087 0.0778918762235353 0.08455814437666671
6 0.5553696125133553 0.5242292013661116 0.0699553798517325 0.17024107123840276
6 0.5906969549868087 0.23934636151034772 0.09513393992586608 0.08652068787965286
6 0.6668850429053926 0.9233771758148965 0.08296132213985138 0.09560474715020817
6 0.6124554593327959 0.7730128466927088 0.04593254809323426 0.06351829255305574
6 0.6102629875557642 0.6878747804882991 0.03655754809323426 0.0633000870059723
6 0.6729043420949352 0.5816079031134727 0.08005457694917481 0.1017820119678472
6 0.6416989489963589 0.313911256836945 0.05278274881887359 0.08085126291777786
6 0.47484132041057087 0.38652787319385457 0.14927580290255768 0.07216855357097236
6 0.23004717558271395 0.39566191137850715 0.0955704495445131 0.09902068787965286