6 0.606344549756726 0.9457633242735943 0.22082156010845858 0.09134556899199779
0 0.6345033067888088 0.27957921672511227 0.15726812021691713 0.17772735389503397
9 0.4657377304748853 0.9513429427791248 0.059847698672140126 0.0822863944801128
9 0.44156793568812897 0.6915821590939049 0.08480224687674216 0.07491027110331831
9 0.06273545032246013 0.9794732658283125 0.06585225897699046 0.04020798863591431
8 0.23303781820168626 0.7061606765437751 0.0675511143631847 0.06367276217486459
8 0.34557924569839166 0.8456168685088258 0.08783634328594588 0.05933981818121907
8 0.08818490221605407 0.921992002435632 0.08154089149054775 0.051418224025417555
9 0.03790906615858279 0.06965793506519184 0.06126475292686624 0.057313668019063256
9 0.2980931081166688 0.20419302759943542 0.040870439695149675 0.04289661201270878
9 0.1698312318496274 0.04860332102388811 0.06271816861791084 0.03859094155801359
0 0.25211701190385666 0.09092146022899526 0.06440793364502548 0.06049321509696395
0 0.3900846445156099 0.03460150203189018 0.05183521077238851 0.04777502678536122
0 0.35850388817089807 0.24689299634984732 0.04568520472226432 0.06485343262955982
1 0.40636415036934237 0.14682876664238678 0.04716589149054773 0.050818206168510204