6 0.16653288335875 0.22594942559888348 0.3330657667175 0.3393988511977669
6 0.19809135467340272 0.05887811227904336 0.21162979065319454 0.10784787878738675
6 0.3382227793509373 0.2218804805509805 0.071623039703264 0.1270405348257091
6 0.5148054227776735 0.12944839834794789 0.26410278685347244 0.21671826775153882
9 0.7809941204409722 0.11915046472000568 0.03633884992375016 0.08617651741285455
9 0.8255071866453818 0.12226549864120362 0.03397626291777769 0.05171963025772479
9 0.7670556409581943 0.2811181982116623 0.029361498100139015 0.05459896879233552
0 0.8613160936554859 0.19688704036431764 0.039136541603124894 0.07227779172311406
0 0.8033918780404165 0.3330834899347764 0.04862064437666689 0.0774566146538925
5 0.9688922043128123 0.21269350406827053 0.03880923328249999 0.05821529172311406
8 0.37560910410472187 0.46397612731704874 0.11282861474138901 0.08706398801421233
8 0.5904710379003121 0.4744543611473896 0.07369337955902786 0.08189180913596861
8 0.3229483910551035 0.8781304805509805 0.10534342306201391 0.10071705223856356
8 0.36097376149607563 0.9582484698661888 0.10806837955902786 0.08350306026762233
8 0.14671711863802028 0.6530065705559294 0.0741297906531945 0.10064180913596861
8 0.4919010256481243 0.7438417689947343 0.12133209897381966 0.11716092378986112
8 0.04013077146715262 0.404677533921198 0.08026154293430524 0.05310506784239592
9 0.032160443152725385 0.7771290660333736 0.06432088630545077 0.09957063206674714
0 0.17184897767982604 0.4134051599950512 0.09178876291777782 0.0547494549975255
9 0.1041464525098605 0.7344712545225558 0.0703501740119445 0.0723530348257091
8 0.08489187870600651 0.5199207536180446 0.10537979065319451 0.10227955223856355
1 0.8928303588543745 0.6240570499752561 0.08299825721819473 0.21346935775648762
1 0.6999473021492701 0.8791152849372507 0.05825283035645849 0.22309666327441172
1 0.789288437976562 0.5693518605815627 0.05618249050069472 0.268245388964152
1 0.7829046193036104 0.8896345465843541 0.07791202013597243 0.22073090683129165
8 0.893572628421666 0.7601992678630805 0.02532861474138883 0.08247830732694635