6 0.490625 0.71640625 0.07578125 0.078125
3 0.134375 0.26640625 0.06875 0.1046875
3 0.1765625 0.3703125 0.05625 0.0703125
3 0.484375 0.42265625 0.0453125 0.0984375
3 0.8171875 0.56484375 0.02578125 0.0578125
3 0.28359375 0.25703125 0.1125 0.1515625
3 0.1421875 0.8984375 0.0875 0.10078125
3 0.26328125 0.95625 0.08046875 0.07890625
3 0.371875 0.903125 0.09453125 0.08515625
3 0.7171875 0.91015625 0.07734375 0.0921875
3 0.67421875 0.61875 0.07421875 0.09296875
3 0.76015625 0.6046875 0.10859375 0.12578125
3 0.6328125 0.48515625 0.07265625 0.08203125
3 0.678125 0.3625 0.0875 0.09765625
3 0.475 0.578125 0.10390625 0.090625
3 0.43125 0.71015625 0.03671875 0.12734375
3 0.46875 0.890625 0.0625 0.071875