6 0.09648217435568802 0.35761757816063533 0.19296434871137605 0.3871101563212707
6 0.046519795906985545 0.16591589149054778 0.09303959181397109 0.06620678298109554
6 0.03828125 0.06350396379745063 0.0765625 0.12700792759490126
6 0.24328525327936035 0.12957945745273886 0.13037797602842477 0.22256586729005093
4 0.17140809475464716 0.48708288524403187 0.12604460085908267 0.11007495764913067
9 0.04168521596726042 0.6957670179539809 0.04094590456798429 0.03616475897699054
4 0.045397793420594704 0.5652800872358217 0.07663774310259504 0.031686337235821684
0 0.062137156831291826 0.7677829185197149 0.05623671189493058 0.05968407220870695
8 0.5032113726829512 0.3889827702916719 0.18228131275401313 0.1697590298578376
4 0.7178813822938898 0.3488128091265 0.1141244549975255 0.0912613251355733
4 0.5402776034610743 0.47203616480728183 0.10376680913596843 0.07245678298109545
4 0.8813972484181203 0.4794911582661783 0.19544305404758583 0.15265334308955403
0 0.33852035165205213 0.5193146440246306 0.11593926051544959 0.06627950585373252
0 0.3592566547951269 0.39205270725634717 0.09175813206674714 0.08175906010845857
8 0.31952917571448436 0.9115112343837101 0.11683337516934209 0.11314541549465318
8 0.8539771760531687 0.6895519594958424 0.0887150192218769 0.08330337939029935
8 0.7874038297166418 0.6774423240554187 0.08616322930778501 0.09422269867214013
8 0.7247799197215906 0.8583832518467116 0.08863313206674697 0.08174087939029917