6 0.19296875 0.13671875 0.13515625 0.14296875
6 0.71875 0.16484375 0.07734375 0.040625
6 0.659375 0.23984375 0.265625 0.1109375
1 0.0234375 0.7609375 0.04609375 0.0890625
0 0.296875 0.79140625 0.0390625 0.0640625
0 0.290625 0.64453125 0.05078125 0.05703125
9 0.23671875 0.68203125 0.0421875 0.0484375
9 0.8484375 0.678125 0.0453125 0.06953125
9 0.859375 0.59765625 0.03515625 0.065625
9 0.80546875 0.4953125 0.0671875 0.0734375
8 0.96015625 0.44375 0.0796875 0.04765625
8 0.853125 0.89375 0.10703125 0.16953125