6 0.26015625 0.25546875 0.190625 0.215625
6 0.63984375 0.4953125 0.1375 0.159375
6 0.3828125 0.453125 0.0953125 0.13828125
6 0.33671875 0.6875 0.0796875 0.0765625
6 0.73671875 0.69140625 0.046875 0.05625
6 0.65625 0.375 0.065625 0.053125
6 0.6765625 0.30234375 0.078125 0.06796875
6 0.67890625 0.1828125 0.13203125 0.09453125
6 0.82109375 0.27109375 0.08671875 0.14140625
6 0.82109375 0.14609375 0.125 0.09765625
6 0.94375 0.30703125 0.04375 0.0765625
6 0.6265625 0.80546875 0.07265625 0.11171875
6 0.521875 0.7578125 0.078125 0.10625
6 0.5453125 0.49140625 0.04140625 0.1625
6 0.5265625 0.30390625 0.075 0.0828125
6 0.4625 0.51171875 0.0640625 0.16796875
6 0.4171875 0.22578125 0.0921875 0.08515625
6 0.36484375 0.90859375 0.0796875 0.09453125
6 0.4140625 0.759375 0.04375 0.06171875
6 0.41328125 0.67421875 0.034375 0.06171875
6 0.346875 0.56640625 0.0765625 0.1
6 0.36875 0.29921875 0.05 0.0796875
6 0.53828125 0.37578125 0.14609375 0.06796875
6 0.78359375 0.390625 0.0921875 0.09765625