6 0.39921875 0.33359375 0.17890625 0.171875
6 0.17265625 0.38046875 0.1453125 0.07890625
9 0.69609375 0.3640625 0.03671875 0.03671875
9 0.790625 0.30703125 0.03515625 0.03984375
9 0.615625 0.20390625 0.02734375 0.03046875
8 0.753125 0.22578125 0.02890625 0.03125
8 0.6625 0.1296875 0.03671875 0.053125
8 0.71640625 0.29453125 0.028125 0.040625
8 0.6453125 0.203125 0.02421875 0.03671875
0 0.346875 0.75390625 0.165625 0.23515625
8 0.33828125 0.70859375 0.071875 0.071875
8 0.34609375 0.790625 0.05546875 0.08515625
8 0.24921875 0.76796875 0.06796875 0.0765625
8 0.1140625 0.6109375 0.0625 0.06640625
8 0.22265625 0.60546875 0.05546875 0.05546875
1 0.08359375 0.903125 0.06796875 0.0640625
1 0.06328125 0.8484375 0.07890625 0.06953125
1 0.115625 0.83359375 0.07578125 0.06796875
1 0.22421875 0.9109375 0.05703125 0.0640625
1 0.13515625 0.875 0.07265625 0.065625
1 0.17578125 0.83671875 0.075 0.06953125
1 0.103125 0.94765625 0.0859375 0.078125
9 0.67890625 0.66484375 0.03203125 0.05703125
9 0.7609375 0.81796875 0.028125 0.04921875
9 0.6375 0.8828125 0.02265625 0.04296875
9 0.81796875 0.465625 0.03125 0.071875
8 0.7734375 0.66796875 0.03203125 0.0453125
8 0.7921875 0.715625 0.03515625 0.046875
8 0.678125 0.78828125 0.02578125 0.0453125
8 0.70703125 0.76796875 0.01484375 0.04921875
0 0.9265625 0.51640625 0.05625 0.071875
8 0.66640625 0.87109375 0.02421875 0.0453125
8 0.74765625 0.771875 0.02265625 0.04296875
8 0.72578125 0.80234375 0.02734375 0.06015625
8 0.7015625 0.859375 0.02265625 0.0453125
8 0.63515625 0.79609375 0.02421875 0.0453125
8 0.725 0.8640625 0.02421875 0.04296875
8 0.78359375 0.82890625 0.0359375 0.05859375
8 0.8484375 0.79375 0.025 0.0453125
8 0.88046875 0.4640625 0.028125 0.05703125
8 0.88203125 0.52109375 0.03125 0.06171875