6 0.42198553765078417 0.7877603452816841 0.37974945499752566 0.09498852005090672
6 0.3371435481662338 0.8544125906270018 0.1473596788782438 0.04075336401972649
6 0.5277242825624016 0.8662660586012303 0.19653416327441153 0.055379485359635085
6 0.4257457027342181 0.8893410266152296 0.22597600180902228 0.0510374306969986
6 0.22459263850986683 0.899498918642592 0.19275406603337358 0.04284312269254435
6 0.10092608717581435 0.8219835406588185 0.10320024310259504 0.03243178668045381
6 0.2751525604907057 0.9692659786362288 0.07433161465389251 0.04771134134309065
6 0.333875785275935 0.941222247294729 0.1569803403436331 0.04554995202099903
6 0.37968625225924824 0.9203643072883658 0.12079717887824382 0.04044428134945406
6 0.19121357247649326 0.8592375453135009 0.12022396879233552 0.029506781349453705
1 0.9523557903643176 0.8542894858768694 0.0777841632744117 0.05399770401018102
1 0.8598883293738983 0.8201877532225051 0.03584896879233561 0.028524989337999785
1 0.7137979014001656 0.8070348672422314 0.11462242198083886 0.0716033746817267
1 0.6871402261399664 0.8651928125795949 0.056482373360319825 0.06468066534054522
1 0.8056821862258747 0.8747576218969139 0.058788501809022266 0.04909202800763594
1 0.8189844476458354 0.9645013745624139 0.04003850180902226 0.048873852005090514
1 0.9067710526887895 0.9689519698838691 0.11627345318850324 0.04351473734881779
0 0.9526513243433161 0.7712133565404603 0.09469735131336776 0.08116018801718106
4 0.33615326322898303 0.13694492198440983 0.21293152645796604 0.27388984396881966
4 0.45300100576575125 0.365267179941139 0.17403944482076028 0.2518726773551808
8 0.8750674355485062 0.42367583255095986 0.09594102103089916 0.13228633601209036
8 0.9521544787419582 0.2836315405395059 0.04874511646291495 0.0958215773392725
9 0.6505277809805218 0.3903291725811858 0.03403416327441171 0.05348862667090888
9 0.8035365943003618 0.3564979705601867 0.056482373360319825 0.06468066534054513
0 0.6164736855485062 0.4266848432527309 0.03205558344622794 0.07532726400381798