4 0.8300980992772029 0.38955349194942723 0.23493492198083885 0.07704118778015676
7 0.4576709006112554 0.299690392253361 0.04718926051544958 0.0668979949854351
9 0.5642695448909327 0.7589553951563549 0.05640048620519007 0.06404577962517113
9 0.8685586544564426 0.6410538074679757 0.04965916327441171 0.05448892319868044
9 0.8583072291962435 0.582854862561683 0.05319359905006031 0.062392351411925874
9 0.8120796031223902 0.7184370098961159 0.0530298247398008 0.05926735141192587
8 0.7715984452750455 0.6249310508040582 0.056809921980838854 0.0718582796251713
0 0.6411186499338869 0.7557143863808663 0.062227762324471844 0.11569920783841656
0 0.6787801814802357 0.5596350082467632 0.06873671189493055 0.06128449247815269
0 0.7384307411820311 0.6904734827782272 0.11034435775648763 0.08121655925034225
8 0.05454814337516618 0.48200616943775676 0.09397572930778511 0.09634145407749273
8 0.10040736149013318 0.9058588580758433 0.06659435775648759 0.07994356426490726
8 0.15512691825125258 0.6828903710079671 0.265830797150181 0.1902686134861197