6 0.5930269112428678 0.6454265064537859 0.18012494668999893 0.17809526206571746
6 0.8201348512492311 0.5906397696158118 0.14623974801081766 0.08476192431676957
9 0.296506447247004 0.6253248598966485 0.03793635200509069 0.03880952885594056
9 0.20131157857259524 0.6856572138876653 0.0364102146721816 0.04187996515360961
9 0.3751116105585959 0.7826710792266095 0.02848862667090888 0.032232146641955416
8 0.23786614922823207 0.7655976850317248 0.02848862667090888 0.032232146641955416
8 0.32737299721518726 0.8585267402965352 0.03811816534054513 0.05443452885594056
8 0.27538487790423166 0.6955654380269497 0.028597714672181595 0.04160714664195542
8 0.34541501989182316 0.7844890395708957 0.02543635200509069 0.03837301923729371
0 0.6502614399665925 0.22328612242570225 0.16835220003181667 0.2401587524470708
8 0.6583279312937745 0.26829852206288257 0.07271134134309047 0.0743849303072194
8 0.6514699513049104 0.18654009057453683 0.05723179201145392 0.08633929328391084
8 0.7480813219685014 0.20581339103002377 0.06964088534372674 0.07896330290255768
8 0.8814103479471843 0.3581248807784047 0.06328179734245439 0.06937004809323426
8 0.7727529632797753 0.3673858080903992 0.05690452800763594 0.05821429328391083
1 0.9152790073201824 0.06487338858295306 0.0694954346753633 0.06646330290255764
1 0.9349551606460919 0.11885156045265192 0.07892497867599957 0.07147818511654283
1 0.8824386879774101 0.1355231944807356 0.07579997867599957 0.07136905771188107
1 0.7747449139879097 0.06197162179273008 0.0585579346753633 0.06608135698624167
1 0.8633892433163645 0.0947989907598713 0.07263861600890849 0.06813493030721936
1 0.822318800644501 0.13449889702047355 0.07579997867599957 0.07136905771188107
1 0.8962659253262277 0.030793593338093644 0.08684656667727211 0.06158718667618729
9 0.3171938539545021 0.3239434091710091 0.033467028007636034 0.057395837748947985
9 0.23694437464195567 0.17368300354337904 0.028706802673454223 0.05098214664195542
9 0.36113639998409164 0.10452872105924145 0.0223840773392725 0.04451389183263199
9 0.1758132339274579 0.5280183286784552 0.03208634134309048 0.07296627404661712
8 0.222698966621593 0.3241195131620259 0.03333975867281787 0.04645833774894799
8 0.20450349729472905 0.27711802758999615 0.03492044000636332 0.048075401451278844
8 0.31941142930459226 0.2004786273198437 0.025527258672817865 0.04618551923729371
8 0.29026882196850146 0.22180055581296454 0.016206802673454222 0.05054563702330857
0 0.06781037726768484 0.48102925599044977 0.05708634134309045 0.07383929328391084
8 0.33209378998250083 0.11725689955236226 0.025527258672817865 0.04618551923729371
8 0.24968927530236504 0.21931296207356676 0.0223840773392725 0.04451389183263199
8 0.27191881130650125 0.18808032024093482 0.02881589067472685 0.06035714664195542
8 0.29680117998090993 0.13020333285480654 0.022402258672817865 0.04607639183263199
8 0.3624710859723194 0.19116562550574515 0.025527258672817865 0.04618551923729371
8 0.2734182239815463 0.1263342883897694 0.0255090773392725 0.044623019237293705
8 0.21441539397677375 0.16353667722717646 0.036628390674726855 0.0606299651536097
8 0.14916256397200128 0.20095732087390697 0.025527258672817865 0.04618551923729371
8 0.11329505259391244 0.5317633767716895 0.028779528007636036 0.05723214664195542
8 0.11239617126832117 0.4747866904740204 0.0319772533418178 0.06359127404661713