6 0.8328125 0.7391666463158423 0.334375 0.33939885119776675
6 0.80078125 0.9095953329960021 0.209375 0.10784787878738662
6 0.65703125 0.7616602012679394 0.06875 0.12704053482570893
6 0.4828125 0.8723531190649068 0.259375 0.21671826775153882
9 0.2171875 0.9104926854369644 0.034375 0.08617651741285429
9 0.17265625 0.9120452193581624 0.0328125 0.051719630257724705
9 0.22734375 0.7474604189286211 0.028125 0.05459896879233561
0 0.13515625 0.8413542610812765 0.0375 0.07227779172311415
0 0.18984375 0.6994257106517352 0.046875 0.0774566146538925
5 0.02734375 0.8368482247852294 0.0375 0.05821529172311415
8 0.6140625 0.5240683480340075 0.1109375 0.08706398801421233
8 0.39921875 0.5361090818643485 0.071875 0.08189180913596843
8 0.65703125 0.10541020126793935 0.103125 0.10071705223856364
8 0.6171875 0.035609993499079784 0.10625 0.07121998699815957
8 0.83828125 0.3115362912728881 0.071875 0.10064180913596861
8 0.49140625 0.25705898971169305 0.11875 0.11716092378986112
8 0.95546875 0.5475822546381567 0.0890625 0.05310506784239592
9 0.959375 0.17472128675033233 0.08125 0.0995706320667471
0 0.81875 0.5531848807120101 0.090625 0.0547494549975255
9 0.87890625 0.2258134752395146 0.06875 0.0723530348257091
8 0.903125 0.4378254743350034 0.103125 0.10227955223856355
1 0.09375 0.4185242706922149 0.078125 0.21346935775648762
1 0.28046875 0.14389500565420954 0.053125 0.22309666327441158
1 0.1984375 0.4622565812985215 0.05 0.268245388964152
1 0.196875 0.1262515615108178 0.071875 0.2525031230216356
8 0.08984375 0.2827914885800393 0.0234375 0.08247830732694635