6 0.30312173394809017 0.17690244695135685 0.15418096656500008 0.11691001834240007
6 0.3865660943210761 0.3872836689755383 0.06987739532659729 0.05043792069139794
8 0.7766494997156596 0.22038830331134057 0.08027068787965277 0.09446070533113407
8 0.8463255668699998 0.24977793810936122 0.0928797906531944 0.09951191818411545
8 0.6206183584731249 0.17285041059576112 0.08016158510611113 0.08977320533113406
9 0.6933661806614582 0.13744175950040444 0.10567073138263901 0.11237563103709695
9 0.8489361949104163 0.5406757227490973 0.057704703647222286 0.06413670783841638
9 0.4664490435998953 0.6163239627864744 0.07511040919430556 0.07401181301126591
9 0.48063229806520746 0.9474292102791919 0.07979790919430556 0.07414820533113406
9 0.603803573235173 0.6265748041692704 0.08027068787965277 0.09446070533113407
0 0.5343593229508327 0.8223442937444292 0.13335932028847228 0.09444398495630502