6 0.34845869313730243 0.5216993006404888 0.21479886228216233 0.15120901775758924
6 0.37280383747016865 0.250673728333586 0.1565839478903041 0.10869426483072289
6 0.2854022291169478 0.4158351200205255 0.12565927956950462 0.08195904800821019
6 0.12553707754537122 0.4086533582148646 0.08096320967712844 0.0613920179539809
6 0.2988269900752026 0.16115671037960508 0.05487159057054054 0.03780907220870704
6 0.4529087144346394 0.25895438182618624 0.06170378742738745 0.050345433645025486
6 0.5037627390417452 0.25768731849627385 0.07464043507002245 0.05979315651766246
6 0.5756912429706866 0.27373502019347606 0.11701202564056316 0.09752950585373252
6 0.5835465924325675 0.1721907009116353 0.11911818114108108 0.0756726865718917
6 0.6225170471472972 0.19117250506816555 0.038668701819245574 0.09238748789975162
6 0.616237122002072 0.09110887255460823 0.0580693651776464 0.03938975292686624
6 0.18388904073715634 0.2128459545258726 0.09978598428423427 0.06306360226293632
6 0.1649527961138398 0.2838488009350765 0.09985875889134013 0.06462610226293623
6 0.3341009024001461 0.3098396500747548 0.11795378742738745 0.050672686571891744
6 0.4377502872224996 0.34951574931262896 0.08401543507002245 0.059847698672140126
6 0.28422502688341744 0.3572186441228264 0.131181533498446 0.06637040944452863
6 0.4356012822601009 0.4292123396717086 0.09070208271265781 0.06925906010845857
6 0.0255981785574379 0.35800794272021175 0.0511963571148758 0.06288179508134392
6 0.11651098800828794 0.3507726805217675 0.054871590570540585 0.03780907220870704
6 0.1667100411514411 0.36356811719185506 0.05145549214211718 0.03154089149054773
6 0.20151738068852437 0.4215987858097659 0.09666098428423435 0.06304542154477702
6 0.37066548697483065 0.44758963494944426 0.070787688998964 0.044149975799503235
6 0.3987070579006641 0.3320964451560987 0.1077825748547749 0.10059996369925477
6 0.49969813130769686 0.17717311670087574 0.10022263192686935 0.07243860226293633
5 0.23370256452020186 0.854715812838933 0.19546235731976358 0.07143061416679294
1 0.6680177142297516 0.6571883905085891 0.08277826674922295 0.03328519867214012
1 0.6704385469424092 0.5884338453290493 0.08445208271265763 0.06922269867214012
1 0.7675939909037721 0.465528131335207 0.0749315334984459 0.06604315651766228
1 0.6375062305646899 0.4733673815315987 0.024349336641599172 0.053252265027114734
1 0.6785357990093239 0.3978043001495095 0.07449488585581072 0.05666815651766246
1 0.7261985111676518 0.297273035024199 0.06526543507002244 0.05973861436318471
1 0.6793813232021451 0.24542418871319108 0.07849318114108109 0.07543633723582169
1 0.6435829102580289 0.34289863153159866 0.024203787427387446 0.05012726502711464
0 0.7016393511190198 0.5057804266129426 0.09346320967712848 0.06146474082661779
0 0.8024653730400384 0.9416411794416131 0.147825377997928 0.08833631303532456
0 0.945419160467426 0.8924593117587787 0.0308562018192454 0.09234203610435329