6 0.459375 0.17890625 0.42109375 0.3578125
6 0.9265625 0.4234375 0.0921875 0.11171875
6 0.990625 0.13828125 0.01875 0.12734375
9 0.19453125 0.97421875 0.04765625 0.0515625
0 0.240625 0.68828125 0.075 0.09453125
0 0.33515625 0.63203125 0.09296875 0.08125
0 0.234375 0.8 0.065625 0.065625
0 0.29375 0.7765625 0.0515625 0.05703125
0 0.43046875 0.734375 0.115625 0.13046875
0 0.45234375 0.58984375 0.05703125 0.06640625
0 0.146875 0.8546875 0.065625 0.06328125
0 0.36796875 0.746875 0.0703125 0.06640625
0 0.34375 0.86328125 0.08515625 0.06171875
0 0.23828125 0.88125 0.075 0.0875
4 0.7015625 0.58671875 0.0625 0.21484375
4 0.96484375 0.80390625 0.0703125 0.253125
8 0.96875 0.9484375 0.05234375 0.07890625