6 0.7221151887332697 0.4947929296380047 0.07899770401018139 0.0754545179539809
3 0.26796984468490825 0.13592490622307482 0.10548747867599957 0.06935905405833438
3 0.3723669906906353 0.1787169151018694 0.07096702800763595 0.05665906615858276
3 0.4282924633990879 0.4868339421310366 0.09896475867281787 0.04588519262201594
3 0.5743525874442676 0.8204736648072817 0.05810340133672724 0.025336343285945872
3 0.2603311620384982 0.2850891140685971 0.15287155601527208 0.11338176483072289
3 0.9000920013526355 0.14741445647078016 0.10101815467854465 0.08808178298109555
3 0.9593135547024074 0.26884454975672606 0.07907042934436319 0.0817045179539809
3 0.9074521573838158 0.37712922754801903 0.08546588001272681 0.09424087939029935
3 0.9185014820973592 0.7224826341638773 0.0930965666772721 0.07866133118569749
3 0.6265952454248594 0.6778185321955286 0.09462270401018139 0.07554542154477702
3 0.6135327187698589 0.763674218963812 0.12627269334818117 0.11010222872636959
3 0.4925196900859051 0.6356350564942213 0.08208634134309048 0.07234769867214012
3 0.37039069875872305 0.6802339633064713 0.09789315467854483 0.08806360226293641
3 0.5836521253978153 0.47836343285945854 0.09182496801399935 0.1036522408266178
3 0.7151742980585427 0.4353815682016863 0.1285613520050907 0.03824540944452863
3 0.8960794000636334 0.47393150467538214 0.07260225334181811 0.06291815651766228