6 0.20481969541690526 0.615625 0.20923283338636117 0.390625
0 0.8294657067552234 0.65234375 0.06333634134309066 0.071875
0 0.6753145560948137 0.6984375 0.05388861600890884 0.065625
0 0.630329867441086 0.79375 0.05381589067472685 0.059375
7 0.5559378474299501 0.71171875 0.04934656667727211 0.078125
7 0.7357049740610881 0.45 0.05359771467218159 0.040625
7 0.5528417614576306 0.915625 0.02854317067154515 0.0359375
1 0.07914370202099903 0.1546875 0.07681813335454449 0.15625
1 0.2564067307049528 0.28203125 0.058068133354544485 0.15625
1 0.16595281134627213 0.0953125 0.0583953973583625 0.184375
1 0.1858038767106798 0.32421875 0.07716357869190796 0.1859375
8 0.084131741366953 0.24765625 0.025672709341181443 0.0578125
0 0.7530539166931807 0.1953125 0.26039424936345307 0.221875
8 0.6057345687062254 0.29140625 0.05063634667409058 0.0546875