6 0.8180058310638202 0.3797071006126163 0.2206042490485977 0.3918158370394299
0 0.1922909066532521 0.3466199490649236 0.06542868182494202 0.07223861436318471
0 0.34510023026551756 0.29962625351604144 0.05579901384016441 0.06593407220870695
0 0.38731029349765966 0.2040455879231927 0.0555443458553869 0.05968407220870704
7 0.4640903107978652 0.28564959104645066 0.051620849809719614 0.07840680113146811
7 0.2919420326604258 0.5484319130587659 0.054780341901054186 0.04093407220870695
7 0.4612505177944971 0.081711524789672 0.029589340912471052 0.03610112646343313
1 0.9571000949411659 0.8399446429634857 0.08136669961943924 0.15668633723582168
1 0.7761299847513229 0.7136235583599427 0.06261669961943923 0.15657725292686636
1 0.8720194407965526 0.8998287030719443 0.0637627055509384 0.18470225292686634
1 0.8455047258540743 0.6710224470218201 0.0825763725471326 0.18637383723582168
8 0.9494056586675995 0.7469986188611848 0.027355678859192524 0.05795794574527378
0 0.2820072530401116 0.803237587726801 0.26685321345960356 0.2233749092481368
8 0.4265292327741566 0.7062802536142373 0.052228344866803764 0.05497839149054773