7 0.6862620446488592 0.8316043322074549 0.2099046542193456 0.2225921005537103
7 0.88080120292869 0.908100573726465 0.11995003571381488 0.07635984577334831
7 0.89334784172676 0.8152121668789197 0.18545803327818292 0.1632776573089707
8 0.05945981128795077 0.7960751611664819 0.049010244317957155 0.03591651603912904
8 0.23011145617510076 0.899854595930232 0.05361592370110611 0.031529404688076926
8 0.3641139038188991 0.5549252228589876 0.0412795649348082 0.04010336829088228
5 0.7743673855549545 0.38894766040051476 0.08305005357072233 0.10833173658176473
5 0.6716941732973642 0.23555015500184395 0.07345686525911965 0.0952309592838688
5 0.758631111608967 0.2174929649963066 0.0481841298696164 0.07800388648947969
5 0.7472062366073194 0.002085472319120507 0.041497753246410876 0.004170944638241014
9 0.9166718879905865 0.4625482418327772 0.06348184740221222 0.060255181985972864
5 0.673732185879266 0.34233108112772065 0.08655688311602709 0.13040699568106334
5 0.5672503607981881 0.3624211405038745 0.05837733603812652 0.12547966378737563
0 0.8684816241908688 0.31736495219638017 0.0951603157455871 0.17622014342930994
8 0.8842601773545541 0.04351795227020931 0.07658186525911966 0.08703590454041862
5 0.7953049971606262 0.17300248535437227 0.05454322402541756 0.08465440468807692
1 0.13357656453106634 0.2606697848560351 0.032122753246410875 0.05200259099298643
1 0.17921634699847044 0.2390160279162048 0.033685253246410876 0.05210272054263569
1 0.2527805320636623 0.271759874307862 0.031959112012708776 0.04262759099298643
1 0.23273285917333503 0.1684741880029525 0.025818206168510206 0.048477072794389106
1 0.2791305722417041 0.19281405151347286 0.027326159090609536 0.04545220234403846
1 0.48395089123699736 0.44033419186046385 0.04481366801906326 0.06374112739018098
1 0.33677943100800206 0.198484258176448 0.02875229139585782 0.03773983189368777
1 0.35865047686808676 0.15260125925618215 0.03826365909060954 0.046153109191583705
1 0.3026186651796895 0.14370592304355773 0.025545470779006773 0.032852072794389155
1 0.27042950243563196 0.06538995836101813 0.08272277110331831 0.08958173658176469
1 0.06565445332913641 0.17293804981542987 0.03234094155801359 0.06450259099298643
1 0.026132257306895945 0.24648497378183826 0.03762845941492108 0.0991779796419344
1 0.061590696025535754 0.4057505498154299 0.027271612012708845 0.04232720234403846
1 0.35250997646434495 0.4596825740310068 0.03538412094116259 0.06001535009228505
1 0.4996903084419865 0.03040847933739258 0.031795470779006865 0.03325259099298642
1 0.16833516842610036 0.10236712908822398 0.03220457386326192 0.05669009099298643
0 0.22526918669004492 0.23840595620154978 0.026090941558013635 0.0641020727943891
0 0.10998728571711025 0.404990283776301 0.0336307061685102 0.048977720542635696