7 0.2984375 0.1234375 0.20703125 0.20859375
7 0.10234375 0.034375 0.11796875 0.06796875
7 0.09140625 0.1265625 0.1828125 0.15078125
8 0.9265625 0.19921875 0.04765625 0.03359375
8 0.75390625 0.084375 0.05390625 0.028125
8 0.62578125 0.42109375 0.03984375 0.03671875
5 0.21796875 0.5609375 0.08046875 0.10390625
5 0.3234375 0.72109375 0.071875 0.090625
5 0.23671875 0.73359375 0.046875 0.07578125
5 0.25234375 0.97421875 0.040625 0.05078125
9 0.07421875 0.478125 0.0625 0.05703125
5 0.31953125 0.6140625 0.084375 0.12421875
5 0.42578125 0.60078125 0.05546875 0.121875
0 0.125 0.6265625 0.0921875 0.16953125
8 0.1140625 0.90390625 0.075 0.090625
5 0.20078125 0.77578125 0.053125 0.08203125
1 0.86171875 0.73046875 0.03046875 0.04921875
1 0.81640625 0.74921875 0.0328125 0.04921875
1 0.7421875 0.71171875 0.03203125 0.04140625
1 0.7640625 0.81640625 0.02421875 0.04765625
1 0.7171875 0.7890625 0.0265625 0.04453125
1 0.5078125 0.528125 0.04296875 0.0609375
1 0.659375 0.7796875 0.02890625 0.0359375
1 0.63828125 0.82421875 0.0375 0.04296875
1 0.69453125 0.83671875 0.025 0.03203125
1 0.728125 0.9171875 0.08203125 0.08515625
1 0.93125 0.82265625 0.03046875 0.06171875
1 0.96953125 0.7515625 0.03515625 0.096875
1 0.93125 0.58984375 0.0265625 0.040625
1 0.6390625 0.5171875 0.03515625 0.0578125
1 0.49921875 0.9375 0.03203125 0.03046875
1 0.8296875 0.88671875 0.03203125 0.0546875
0 0.7703125 0.746875 0.02578125 0.06171875
0 0.8828125 0.5875 0.0328125 0.04765625