7 0.9016188902073475 0.7117622281189945 0.196762219585305 0.20868629869508978
7 0.9875912293635558 0.9088923141310848 0.024817541272888377 0.11954997867599956
7 0.92063224106643 0.9132390807208612 0.15873551786713982 0.1735218385582776
8 0.8046299462910984 0.08275543344204046 0.03683161465389233 0.047274989337999784
8 0.928522226932936 0.25674801145763065 0.030909163274411355 0.05345226400381797
8 0.5985182236535757 0.38095493407858727 0.03962906603337366 0.04106135200509069
5 0.48004702114244074 0.78714020472627 0.10738313206674696 0.08244996801399936
5 0.3143633881711826 0.679807868037862 0.0943918091359686 0.07292951734563573
5 0.3064081252808838 0.7663811673694984 0.0774566146538925 0.04774770401018138
5 0.06496425372958627 0.7479562420034999 0.05212906603337355 0.041206802673454314
9 0.570393139414378 0.9318538154041786 0.05952548620519007 0.06315452800763595
5 0.42159935605900695 0.6849595393857248 0.12942190637700648 0.08582950668363551
5 0.4293122795101838 0.5788640807208612 0.12482293758467104 0.057668144016544784
0 0.419294306872661 0.8793453387173613 0.17358134215265544 0.09415108402290784
8 0.14252376695856933 0.8870556520130449 0.09455558344622812 0.07605451734563573
5 0.26610402984886805 0.8018277713637714 0.08403416327441153 0.054070429344363194
1 0.276778263228983 0.14141753003658925 0.051637743102595036 0.03183180267345422
1 0.26040299072774586 0.18651185403404388 0.05171963025772479 0.033394302673454224
1 0.30179263059640904 0.2611669560391346 0.042262743102595035 0.031722714672181594
1 0.19595871042459254 0.23807380669158978 0.04818519448207605 0.025545440006363405
1 0.22575907507848508 0.28526698002863504 0.04514208163720586 0.027071577339272502
1 0.4976694538658718 0.49767826273072424 0.06323034034363317 0.04445907200827222
1 0.23816389981828592 0.3431885680299077 0.03741146879233552 0.02854317067154515
1 0.19473812641253754 0.36376415002386253 0.04571529172311406 0.0380090773392725
1 0.1792901888278665 0.307368699355499 0.03256019448207601 0.025363626670908877
1 0.09706086499257682 0.27283861067790854 0.0886331320667471 0.0822317920114541
1 0.18094678482570908 0.07081358135740798 0.06413774310259504 0.0319772533418178
1 0.25003429952503015 0.03335958203372572 0.09867651741285455 0.03550224267981759
1 0.4137592848257091 0.07352260005567926 0.042017081637205675 0.027035214672181552
1 0.5017284328349726 0.3665555320655424 0.05961401741285464 0.03504770934118149
1 0.08874483321908548 0.5015085033418177 0.032887743102595034 0.031613626670908876
1 0.12220694990914296 0.17163064668204475 0.056325243102595034 0.031886346674090585
0 0.2651624118040735 0.23263287603436203 0.0638101944820761 0.025727253341817757
0 0.41864153663473136 0.12198737205599741 0.0485946302577247 0.033357940006363315