0 0.8289259648991557 0.9641359548024087 0.03650298439090349 0.06193771034569906
9 0.5021501884902858 0.8263725641984003 0.05774306733052796 0.08909124373179367
9 0.3950792437550962 0.9139742011079921 0.040228185116542824 0.0792161385589445
0 0.48323400818306644 0.8977701910788621 0.045714293283910835 0.057522994985435005
0 0.5849031795046111 0.7185122515828457 0.06991568511654282 0.0800799565847754
4 0.36861598059307027 0.6864114907622929 0.09520835099579195 0.13388691818411544
4 0.5888590148064884 0.8515748041692703 0.045297631032858734 0.09029003087881264
4 0.30424840182979696 0.8276526047106311 0.05149306733052796 0.08890938730530315
8 0.6649056819516819 0.555046796647423 0.07980160580511537 0.13968227711788864
1 0.8803447205110873 0.18593439845506018 0.053546640651505585 0.10301735141192578
1 0.8251066050873253 0.33447954704313443 0.02411211179556503 0.0646989974927175
1 0.9534796309480408 0.26392065762626027 0.024930567330527963 0.0881364974927175
9 0.4157440179713493 0.23263327289474658 0.08919147477225646 0.05098348997087019
9 0.539637874957591 0.17836697321131573 0.08870040145127885 0.03692098997087014
0 0.6164062168828902 0.2642793926490724 0.047385920688572544 0.06069345909205772
0 0.2403422246874385 0.283836757059629 0.05508929328391084 0.05779577962517113
0 0.17474450653860393 0.28114601458147637 0.06079365626060222 0.04235263605166191
0 0.3088094824919868 0.31632865980433833 0.051746038474587405 0.05145485141192587