7 0.62890625 0.05604420545017415 0.103125 0.05865026101791675
7 0.68359375 0.12919207114149364 0.059375 0.04825696846486114
7 0.6390625 0.15862434479284776 0.0484375 0.04175239532659729
7 0.6984375 0.20141256325770893 0.0765625 0.07678201196784729
7 0.8078125 0.2234895446403479 0.146875 0.08310605357097237
7 0.80859375 0.16803897843593818 0.09375 0.06624455547083344
7 0.9109375 0.18135855565826464 0.0859375 0.06762521751493064
7 0.94140625 0.1312864736862855 0.046875 0.032341027735416715
7 0.8015625 0.09756282427562567 0.1171875 0.05897756933854177
7 0.7171875 0.09716147435187561 0.03125 0.028852351823611143
7 0.7296875 0.04979616508132005 0.084375 0.05196384992375007
7 0.59453125 0.1271191184442019 0.0875 0.06609908510611118
7 0.33125 0.19989742933027804 0.2578125 0.07943815254479189
7 0.29609375 0.13579790852871554 0.2359375 0.06017900626826407
7 0.1140625 0.15265483415618064 0.196875 0.05926981648875014
7 0.10703125 0.05327242999586814 0.2140625 0.06279485999173628
4 0.47890625 0.5205216666968406 0.0375 0.20087282218833344
1 0.7921875 0.8098446187285424 0.046875 0.08234102773541671
0 0.4859375 0.6886540708571532 0.0515625 0.12463763050895835
0 0.1984375 0.6741499340799307 0.075 0.18768314437666672