9 0.9925192418957307 0.43946275514757893 0.014961516208538583 0.05586956677218975
8 0.7030241023908396 0.23309806103270897 0.06686825256024882 0.07681856426490725
8 0.8638390470021108 0.36067382858368624 0.05291216837349921 0.05145485141192578
4 0.804653033777344 0.4328276249019048 0.05694722099021767 0.06717077962517112
0 0.7082631521649606 0.47084811361913365 0.05418624203690499 0.07332985141192587
0 0.7532277706937516 0.35606654810058525 0.07686487884037305 0.11454588479802066
0 0.8524380863940625 0.44708870170322434 0.05914675782192056 0.07815374373179385
0 0.8872835232540002 0.42729302725090273 0.03783319994353036 0.06037521034569906
0 0.8283040944277446 0.30144959276945116 0.044553636803468064 0.041852530878812466
7 0.6622556182464423 0.16463521753834195 0.03307010523343692 0.03215928213245363
8 0.5071604676535101 0.7936420705996203 0.08176521046687402 0.06477320533113406
8 0.19513860978923714 0.7706354457642226 0.05567314732681181 0.045295779625171305
8 0.16229601770997978 0.7442009778966762 0.05916216837349921 0.05163670783841638
8 0.2598983307794548 0.8344873456059381 0.05254814732681172 0.04520485141192587
9 0.2589581860834789 0.7914731314993153 0.06733868942018653 0.05811402837152997
9 0.32965449182514356 0.28543842867546376 0.08352513154179615 0.04142663354437941