7 0.6509161821291759 0.9403939857998358 0.09927384134309047 0.07359323295387128
7 0.690095766112313 0.815466123787127 0.053888616008908666 0.06655230032431163
7 0.638859982773677 0.777290013803013 0.041334072008272396 0.061646612012708955
7 0.6887503474299501 0.699841123787127 0.06537155601527189 0.11361821509696383
7 0.7936191134229504 0.646437659907979 0.14026246801399936 0.10555234496658024
7 0.8079094274347227 0.732924584826901 0.08855451734563573 0.09215231818121908
7 0.9082543254296318 0.6936654415646042 0.07921588001272681 0.09511367694751698
7 0.9505332794398133 0.7679426927824201 0.042696577339272325 0.04448638555165907
7 0.8162406427832218 0.8445206039016245 0.11331816000954512 0.07227619480442442
7 0.7312298434515855 0.858507011774418 0.02856135200509069 0.03799092370110628
7 0.7563212974617668 0.9330842719206878 0.07894316000954511 0.07167617694751698
7 0.6004338294477675 0.8326593522767716 0.08230451734563574 0.09204322402541791
1 0.2184207607813129 0.8408902325501295 0.03811816534054513 0.05377956493480838
7 0.1686469327657227 0.7268919622575901 0.028415901336727112 0.025490923701106106
7 0.21867365742358674 0.6611618222417042 0.023837489337999784 0.03478410308425506
7 0.15529350477399506 0.7880749241081432 0.020857940006363363 0.0472295560063543
1 0.2309383947724042 0.7750334074690517 0.04287839067472685 0.06011138555165907
1 0.26553157077494954 0.7931833896121442 0.036592028007635946 0.05687729139585773
1 0.26629409209894994 0.7244061160731939 0.03837270401018138 0.0756545649348082
1 0.3123162114496765 0.8517538202131092 0.04449543467536321 0.06482615909060954
1 0.26386962078290377 0.8518180499205699 0.05543293467536321 0.06501707386326175
1 0.29194062412472155 0.9138407629889389 0.060102253341817756 0.06353639448011279
1 0.30613838944140415 0.7909117775994354 0.04760225334181776 0.06331820616851029
1 0.25058672875554133 0.6504464646932221 0.044477253341817756 0.06326365909060953
1 0.3468457527848127 0.8644350523562018 0.034993165340545127 0.05372501785690744
1 0.1739258734484038 0.8447925284102145 0.0476022533418178 0.06331820616851047
1 0.18871453210531333 0.7726447930207109 0.038136346674090583 0.0553420649348082
1 0.21611227876349554 0.7096538693196048 0.056959072008272396 0.06191934740221221
1 0.16542138808876863 0.6511516225660157 0.05572383601209037 0.09001707386326192
1 0.29745263808876865 0.6488470085247119 0.04927384134309047 0.07272047970746058
1 0.3116247734324954 0.725177683443634 0.053888616008908666 0.06655230032431163
1 0.35079690877622227 0.8010719817393508 0.03517497867599957 0.06935001785690745
0 0.9600851666931807 0.1785938206234416 0.07305678668045382 0.10281708279171564
0 0.8948061593729981 0.27662794602883106 0.04169769867918127 0.09289661201270878
0 0.885293157344045 0.06346942695410758 0.03831816000954476 0.07096706493480816
0 0.732078345361226 0.19273200731019122 0.060029528007635946 0.057286394480112926
0 0.855536216064588 0.46094444481101504 0.06024770401018138 0.07603639448011297
0 0.6478595287237247 0.40908943872193504 0.02556362133990877 0.048873876623205345
8 0.7807623880489978 0.347382551141681 0.06646134134309065 0.0730204886359143
8 0.7027464760502704 0.35812122808919805 0.060174978675999566 0.06978639448011296
8 0.8264561487109979 0.31220298174264605 0.05552384134309065 0.07282957386326191
8 0.7615936700349983 0.24457119683960996 0.028670440006363408 0.04736592370110611
9 0.2715339334022696 0.5031759983784422 0.03822725334181776 0.0631545649348082
9 0.2472237293920882 0.42858510146269735 0.028834072008272392 0.06142842370110611
9 0.2833783107097253 0.31230553652788917 0.06162839067472685 0.06043866801906326
8 0.11651752737108918 0.27614766842610033 0.06991360534690845 0.10120003571381497
8 0.0638128874124509 0.5818170158283126 0.04258748933799979 0.03511138555165907