7 0.8540784315784578 0.21704809790691532 0.06627352084968266 0.13223417984777566
7 0.8066481874509523 0.42239217250776395 0.05398412100796719 0.1925986768820261
7 0.9593449416075874 0.3089411206443283 0.04509720282385175 0.10171900889724857
7 0.9594943911327338 0.49197645513100874 0.038682066772189924 0.04215300790866543
0 0.8658350385336737 0.9754190830409867 0.2148641335443795 0.049161833918026684
9 0.7836937914366677 0.8618220870325004 0.07360263605166181 0.0623036818249421
9 0.9116142029568657 0.8740740307204404 0.08950042069139812 0.07231535178688589
4 0.8083778911992408 0.9543425094659022 0.08408549498543536 0.04712435079830257
0 0.2922841590794225 0.4655718977560035 0.1424101235152495 0.17435269566510633
1 0.23479958267381434 0.26377463441013066 0.07034124373179385 0.05748884783255317
1 0.13980138743831713 0.8942487015966055 0.07627299498543509 0.04680601581733086
1 0.22144619253202436 0.910872468896811 0.06671613855894432 0.04017401384016424
1 0.19410479104095626 0.9892236440302261 0.08496603338609487 0.02155271193954782
1 0.5475553661264161 0.7247054531166613 0.0823411385589445 0.04081068380210837
1 0.030497870249797783 0.7246935938782205 0.060995740499595566 0.05567167984777566
0 0.04815255159714622 0.781357429353484 0.09630510319429245 0.07346135771838505
0 0.23631868626381816 0.8567261383644634 0.11662521034569898 0.03908635771838505
0 0.32084679895851503 0.9086653231551548 0.10743206677218975 0.04495435574121842
0 0.4056249642396367 0.9520107579458464 0.13927310015828454 0.06654019566510634
0 0.2856618052267212 0.9619839827369756 0.11671613855894432 0.042211357718385044
0 0.490747773489979 0.8491032752460519 0.09543217194503928 0.0616325197716634
0 0.3777022042105068 0.8632692515200556 0.10154577962517113 0.05719968775644091
0 0.587552228821113 0.7748301285158127 0.06359113855894431 0.04004667984777566
0 0.4079927609535667 0.7362265904553604 0.08721049498543501 0.04725168479069168
0 0.28033076220720793 0.7419752302655176 0.07609113855894431 0.04055601581733086