7 0.89453125 0.3164008536882171 0.1625 0.1803912641334941
7 0.575 0.39330302691225133 0.15625 0.09568871551297527
7 0.490625 0.3000686832892579 0.1453125 0.07636550542706697
7 0.28828125 0.3958293198785608 0.271875 0.12049836499257686
7 0.13828125 0.588065486771017 0.23125 0.2558692989592032
7 0.35234375 0.609659446518241 0.209375 0.1578478787873868
7 0.2390625 0.794502515265148 0.21875 0.14427670171816515
7 0.41640625 0.8680208231579212 0.096875 0.08007700361804453
7 0.63046875 0.6200835329051451 0.153125 0.20489994120271576
7 0.67890625 0.4644200310961228 0.0921875 0.05170634215265544
7 0.859375 0.5065245646786364 0.159375 0.14428998982323477
7 0.6359375 0.228390677862191 0.209375 0.1484728787873868