7 0.6404017999073328 0.08374252246418666 0.17754962504240906 0.16748504492837332
7 0.5914038270339927 0.40486599383991423 0.09295637023308564 0.15930556733052798
7 0.692006516959859 0.48583076244423573 0.07382442431676957 0.14771330290255769
7 0.6139162664117048 0.6911482342212674 0.11574408420556885 0.27558533175849825
7 0.43477938183546705 0.8475867510963084 0.25182542794496676 0.23976193756361325
7 0.3944916546161398 0.6346700888452563 0.15418653611233468 0.21450398801910034
7 0.2195412730351268 0.7541988827621393 0.14045141832631983 0.22338791469812272
7 0.13053579282057465 0.5797470089856747 0.07843751324684392 0.10105655771188111
7 0.3597793156012474 0.35741810808255003 0.20378474282842385 0.1600545901960187
7 0.5112128408289909 0.30363336525412615 0.050094258437520446 0.0938244110699257
7 0.453348233209777 0.12496521743104438 0.14150299763774737 0.16412204210278447
7 0.7509945926430894 0.3382811506486706 0.1448115361123346 0.21417660580511538