7 0.40625 0.22578125 0.1734375 0.31953125
7 0.61796875 0.13515625 0.16171875 0.19609375
7 0.5875 0.37109375 0.09921875 0.12421875
7 0.4125 0.57265625 0.07578125 0.18203125
7 0.3109375 0.4796875 0.0921875 0.16875
7 0.38359375 0.9109375 0.11640625 0.15078125
7 0.60078125 0.6828125 0.07109375 0.0984375
7 0.49453125 0.69609375 0.075 0.10078125
7 0.67890625 0.3984375 0.078125 0.1296875
7 0.77578125 0.15078125 0.06171875 0.11328125
7 0.85 0.2359375 0.059375 0.09375
7 0.7703125 0.309375 0.0859375 0.15
7 0.88984375 0.409375 0.05546875 0.103125
7 0.22890625 0.9609375 0.0828125 0.078125
7 0.51171875 0.9046875 0.06875 0.10546875
7 0.28671875 0.6921875 0.103125 0.15
7 0.10234375 0.3125 0.05546875 0.09765625
7 0.228125 0.64140625 0.0515625 0.08125
7 0.61328125 0.27578125 0.07109375 0.090625
7 0.5484375 0.27421875 0.0515625 0.09609375
7 0.69765625 0.62109375 0.0796875 0.10625
7 0.38046875 0.3640625 0.09140625 0.14375