7 0.46105135917663026 0.6620939163784156 0.03704780681713338 0.15332498789975163
7 0.4614745044708174 0.9511246001216371 0.02660913879807012 0.09233294574527377
1 0.381895693186162 0.6320887746914762 0.07712733603812652 0.12231133723582169
1 0.19656216518298478 0.6433222322424108 0.07879893019392789 0.1285704275949012
0 0.609938872569311 0.635449082265852 0.07375687418757337 0.10823065651766228
0 0.6881905576345029 0.6724900191323313 0.08973643019392803 0.12863406010845857
8 0.5331639127473528 0.5585598502198328 0.07924321509696401 0.0645170179539809
8 0.6410582333642039 0.5532451154433392 0.10405230032431163 0.053724963699254856
8 0.5507802865311844 0.757655880372258 0.07556483603812651 0.12230224687674199
0 0.10546915544045683 0.31263583450534715 0.07033186525911975 0.09102497579950324
8 0.15195046347540614 0.20065800927157804 0.06109323295387141 0.09878293364502548
8 0.13561280276323884 0.5100966417851354 0.07877956493480816 0.03795451795398073
8 0.1685986266265007 0.4552227894240032 0.03532957386326192 0.05488748789975162
9 0.04548050081407419 0.34813751815037264 0.0722216477265238 0.10978406615858276
0 0.6239912844992943 0.3674257901113743 0.13813874837514692 0.2164067708808471
0 0.5251389529253946 0.4812706423743105 0.06720686525911965 0.09100679508134384
9 0.5436976327122853 0.17884962432213378 0.07534664772652384 0.10980224687674203
9 0.5151811205374208 0.2461962056060271 0.0615296095770768 0.12378293364502549
4 0.9287412398570256 0.45158157973176916 0.11506371266133186 0.14752950585373253
4 0.5933721245946105 0.0648699793155446 0.1351307508107789 0.1297399586310892
4 0.810273252435632 0.08058536202549366 0.09507849512873605 0.1611707240509873
4 0.812979872162274 0.46006676630366083 0.07101370373287814 0.13008747579950325
4 0.4956111400191814 0.42754165437636316 0.028300098212991287 0.18920794574527378