7 0.8875808078927733 0.18256161611170058 0.17037445499752552 0.09158857806243947
7 0.7516510312076645 0.03250655307637575 0.10607293758467104 0.05684996369925477
7 0.8411993735874624 0.36672299267332953 0.12038109905006031 0.061619276930971266
7 0.7403207055633525 0.11449689646051746 0.11782930913596842 0.07253859621281208
0 0.6778616491409174 0.11335203209733276 0.09283595318850324 0.04271474082661784
0 0.7886619510407967 0.23590880902830405 0.0930816146538925 0.04740224082661779
0 0.7539837358665058 0.16693609523085345 0.11125176051544958 0.0662522347764936
0 0.022153342096884535 0.5103562378997516 0.04430668419376907 0.08789997579950323
1 0.04522899395133537 0.5777437257995033 0.09045798790267073 0.07558178298109546
9 0.1160002204898162 0.5750686985739442 0.06495661465389255 0.04723861436318479
0 0.18938573157109265 0.7106931020665446 0.08846935775648763 0.07861587939029935
0 0.31218474446139144 0.7981527163315334 0.0799132293077851 0.09418633723582168