7 0.8140236256623965 0.7622256880389563 0.11159472948277802 0.16815021370395283
7 0.9907497267751566 0.660211729423386 0.018500546449686794 0.06117651741285464
7 0.6303019358828826 0.7327439851891373 0.02674564437666671 0.0763101944820761
7 0.910481051574202 0.7728146279984766 0.07801851006798621 0.1336180834462281
7 0.8982012167524314 0.8837488059722091 0.08732077488562524 0.13098440637700648
1 0.34556325997107706 0.7320224474227521 0.12478440729444458 0.13138719810012062
1 0.4069397839067716 0.8821176226829512 0.14389808320625014 0.1479948439616777
1 0.21625631325770894 0.6879559441433918 0.07354790919430557 0.0756418091359686
1 0.4817410685760425 0.9368626763918529 0.10806837955902786 0.08369332654882307
1 0.5568501713495841 0.9376195929456248 0.05941267401194459 0.0717798247398008
1 0.4564462085843061 0.7238647094085398 0.08968205547083344 0.09833568068726599
0 0.860433579406528 0.20208272614402573 0.27238806553881967 0.2374402035271876
0 0.7577644807170488 0.2942879155377191 0.09295252583555573 0.1047494549975256
4 0.4252929003605904 0.09171390858251366 0.1275834053945834 0.18342781716502732
9 0.34927656743868074 0.15221543871632484 0.05650587955902786 0.08099105042954133
0 0.20890483415618064 0.10325339552287276 0.08045252583555565 0.1040943577564876