7 0.589808973621676 0.2361451948011292 0.17900130194586944 0.3217773628234878
7 0.37967208888079557 0.14182463027335812 0.1659364659077429 0.19971144805083538
7 0.40602253449929426 0.37829396428288975 0.10218188311602709 0.12674550649282174
7 0.5775042479747003 0.5829111006453278 0.07816373051823948 0.1825591298696164
7 0.6806895235422455 0.49171513067709993 0.09513304220663663 0.17035913879807013
7 0.6005057767919518 0.9216969111159091 0.11824325973923262 0.15201824188232535
7 0.3873002134787014 0.6897808892018118 0.07359323295387146 0.09969208279171564
7 0.4933183883976236 0.704916739850435 0.07674550649282175 0.1013091298696164
7 0.3141389975676633 0.4040422122542949 0.08038870373287824 0.13105117694751697
7 0.2215868534912922 0.1546950028393738 0.06446369480442452 0.11359094155801364
7 0.14588169561849867 0.23855575973923263 0.06101141233702041 0.09478639448011297
7 0.22428733928783268 0.31338421022569996 0.08855575973923262 0.15150004464226868
7 0.10301058279501092 0.41129778449599896 0.05805005357072242 0.10410684740221221
7 0.7543205235455409 0.9673058713449045 0.08417617694751697 0.06538825731019102
7 0.47248987094775313 0.9132104809219813 0.07060460064862309 0.10745003571381488
7 0.7011990722449994 0.7046378705308302 0.10574325973923263 0.15180005357072232
7 0.8922015422099321 0.3281686481269703 0.05794095941492117 0.0978568474022122
7 0.7606792122608855 0.6548793782414679 0.05298072402541756 0.08215002678536117
7 0.381904970375265 0.28253145089020915 0.07345686525911974 0.09187958279171564
7 0.44677599391421535 0.28210080275664823 0.05325345941492117 0.09777502678536117
7 0.2915025182672399 0.6263711797868907 0.08154210064862308 0.10764095048646745
7 0.6131765154245707 0.3748764581938098 0.09313416558343128 0.14533186525911965