7 0.187737594499482 0.03275012876978596 0.03328768899896399 0.04557010523343698
7 0.33003437220695975 0.32775806285771353 0.05182367328319835 0.10898015785015547
7 0.2584718953663236 0.3804665629283007 0.07057367328319834 0.11007222099021767
7 0.07872012117350247 0.21806673151356137 0.06468754631872757 0.11752069994353027
7 0.20499152274507906 0.2191881577089811 0.04070208271265772 0.07093412628012441
7 0.09175743031251164 0.3808852499294128 0.07878427956950458 0.08561825256024873
7 0.21762845574818704 0.08903022084904332 0.030381012820281585 0.050075594710093284
0 0.20239113916107057 0.7488455656297238 0.07464474317557439 0.13056673151356132
0 0.2551138405660314 0.9873323064923852 0.056361315963434674 0.025335387015229572
0 0.025997651362179585 0.5414517526308359 0.001999147642635146 0.00946600526167174
0 0.03156060070022581 0.5939775131541796 0.008249147642635147 0.00983002630835923
9 0.2962159520241333 0.5049884207925736 0.0401198858558109 0.05843412628012441
9 0.24887449503309206 0.8769929524331918 0.0348887303552929 0.07994510523343692
9 0.31860049007069335 0.8015826997317687 0.037140435070022626 0.06137711575678075
1 0.32764369623316514 0.7280919918251436 0.05349318114108117 0.07791216837349921
1 0.3527058163732103 0.8479795575960416 0.040847631926869445 0.0740591262801246
1 0.8125731219975627 0.9020333518967293 0.09397263192686936 0.07715330517696728
1 0.8436732646777992 0.8337229676535101 0.07947348428423417 0.06695925782192055
1 0.9842092767764644 0.8758712122506639 0.03158144644707121 0.0806731473268119
1 0.48195224482820437 0.49476979956235956 0.08012845574818712 0.08102175782192056
1 0.49608128887062025 0.9654085232540002 0.10759848428423417 0.06859735253201364
0 0.6031125388706202 0.9560847010824803 0.14266699710451575 0.08783059783503937
0 0.7403470574818701 0.8066683730140038 0.07682367328319835 0.11043624203690498
0 0.8371085874656595 0.7429614597610023 0.08903257485477489 0.10491428413027978
0 0.9141569309316843 0.6742107307371026 0.13125861621110388 0.14165542093374803
0 0.9372926780362001 0.7861947912463287 0.08151117328319835 0.11070925782192056
0 0.7202014156302032 0.5748723414439729 0.11991870181924576 0.09892188936371689
0 0.7485148143062956 0.6809249203690506 0.11076202564056317 0.10306335779368574
0 0.5776992384180635 0.4761933757860142 0.08045378742738744 0.054550263083592475
0 0.5074510126108847 0.6240323653332577 0.09455482878371627 0.08965330517696728
0 0.5222841081438239 0.7417658969032888 0.08459763192686935 0.07660727360693613