7 0.2046875 0.19609375 0.1078125 0.16171875
7 0.0171875 0.28828125 0.03359375 0.059375
7 0.3875 0.23515625 0.02421875 0.07578125
7 0.10859375 0.18046875 0.075 0.12890625
7 0.1234375 0.0703125 0.08515625 0.1265625
1 0.671875 0.25078125 0.12265625 0.12421875
1 0.6140625 0.09765625 0.140625 0.14140625
1 0.8 0.3015625 0.071875 0.07109375
1 0.540625 0.0390625 0.10625 0.07734375
1 0.465625 0.034375 0.0578125 0.06875
1 0.5609375 0.253125 0.0875 0.09296875
0 0.1453125 0.753125 0.2671875 0.22265625
0 0.25 0.66640625 0.08984375 0.1
4 0.57734375 0.88671875 0.1234375 0.17890625
9 0.6546875 0.8296875 0.0546875 0.078125
0 0.79375 0.8859375 0.07734375 0.1