7 0.37109375 0.04140625 0.10234375 0.05625
7 0.31640625 0.11328125 0.05859375 0.046875
7 0.3609375 0.14375 0.04765625 0.04140625
7 0.3015625 0.18515625 0.0765625 0.075
7 0.1921875 0.2046875 0.14609375 0.07890625
7 0.19140625 0.14921875 0.09375 0.0640625
7 0.0890625 0.16015625 0.0859375 0.065625
7 0.05859375 0.109375 0.04609375 0.03203125
7 0.1984375 0.07890625 0.11640625 0.05625
7 0.2828125 0.08046875 0.03125 0.028125
7 0.2703125 0.0328125 0.08359375 0.05078125
7 0.40546875 0.11328125 0.0875 0.0640625
7 0.66875 0.1921875 0.2578125 0.0734375
7 0.70390625 0.12890625 0.23515625 0.0546875
7 0.8859375 0.15 0.19765625 0.0546875
7 0.89296875 0.05078125 0.2140625 0.0578125
4 0.52109375 0.509375 0.0375 0.20078125
1 0.2078125 0.79140625 0.04765625 0.08046875
0 0.5140625 0.67734375 0.0515625 0.1234375
0 0.8015625 0.66953125 0.075 0.1859375