9 0.6328125 0.29609375 0.05 0.04921875
8 0.56796875 0.28359375 0.046875 0.03671875
8 0.9453125 0.20859375 0.05390625 0.04765625
1 0.21953125 0.80859375 0.0609375 0.046875
1 0.225 0.8484375 0.0640625 0.04375
1 0.19296875 0.89296875 0.0625 0.04609375
1 0.1671875 0.83828125 0.0609375 0.0484375
1 0.175 0.7984375 0.05078125 0.03671875
1 0.125 0.840625 0.053125 0.04375
0 0.8125 0.80078125 0.0546875 0.0390625
9 0.8796875 0.76015625 0.06171875 0.03046875
0 0.79296875 0.90703125 0.059375 0.04140625
0 0.82578125 0.93828125 0.04140625 0.0296875
0 0.6421875 0.76328125 0.03984375 0.02734375
0 0.7453125 0.803125 0.0265625 0.02578125
1 0.6875 0.92265625 0.0296875 0.01640625
7 0.61796875 0.94765625 0.03359375 0.0234375