6 0.7226680154320797 0.3431418387130229 0.10834166297065302 0.20138702564056316
6 0.667314844568919 0.14596077771198698 0.10274411035393456 0.18554370181924557
6 0.8150991681617377 0.23543203846535396 0.12232856826055957 0.1739897717116218
7 0.32562162628012437 0.031969129859954835 0.17624325256024873 0.06393825971990967
0 0.8502286572148708 0.6771828908227188 0.15427724729857673 0.08042386228216233
0 0.8434528253766086 0.9508943726257538 0.07176858418674961 0.028274857319763667
0 0.7685691335373477 0.6739359203922234 0.05182010523343692 0.033578787427387444
0 0.9354067219879934 0.7850809739496614 0.1291865560240133 0.05931084160399784
0 0.9426122772355476 0.8150574183253088 0.11477544552890465 0.057568559139009066
0 0.9104828887284324 0.743313004966908 0.11688366311182748 0.053750046318727485
0 0.7305363254471958 0.8817334578196109 0.11541216837349921 0.055239771711621796
0 0.8424146991670713 0.8389209115008832 0.10291216837349922 0.05465757485477489
0 0.691793072886947 0.8083344991759397 0.1493167315135615 0.07551803846084475