0 0.34921875 0.4125 0.04375 0.0625
0 0.17890625 0.42890625 0.03984375 0.0578125
0 0.3125 0.440625 0.03828125 0.0578125
0 0.28125 0.27421875 0.04296875 0.0765625
0 0.253125 0.35 0.05703125 0.0828125
4 0.553125 0.525 0.034375 0.0578125
8 0.31171875 0.1671875 0.07421875 0.10390625
0 0.7171875 0.2390625 0.17421875 0.2421875
4 0.88984375 0.246875 0.065625 0.10859375
4 0.88359375 0.346875 0.06953125 0.11328125
8 0.1421875 0.909375 0.09765625 0.040625
8 0.4625 0.946875 0.0703125 0.04140625
8 0.5765625 0.8484375 0.05703125 0.03125
0 0.5296875 0.8484375 0.07109375 0.03203125
1 0.49375 0.771875 0.06875 0.03125
0 0.87890625 0.73984375 0.0765625 0.13828125
0 0.8515625 0.66953125 0.11796875 0.10078125
0 0.89765625 0.67734375 0.003125 0.00546875
0 0.9015625 0.653125 0.0625 0.06796875
0 0.80234375 0.7453125 0.0984375 0.1546875