9 0.009375 0.228125 0.01875 0.0328125
9 0.3625 0.18046875 0.021875 0.0203125
9 0.1875 0.1796875 0.02890625 0.021875
9 0.1640625 0.29765625 0.03203125 0.021875
9 0.246875 0.19375 0.02890625 0.0296875
0 0.1984375 0.2578125 0.0546875 0.025
8 0.1171875 0.178125 0.03125 0.02578125
6 0.7796875 0.28125 0.1390625 0.10234375
8 0.1703125 0.4953125 0.0609375 0.06015625
8 0.2015625 0.78359375 0.03203125 0.04609375
8 0.28359375 0.81875 0.03359375 0.05234375
8 0.31171875 0.8578125 0.01953125 0.05625
0 0.23671875 0.77265625 0.03828125 0.05
9 0.12421875 0.809375 0.02890625 0.05625
8 0.05625 0.47109375 0.03828125 0.034375
8 0.184375 0.38203125 0.08046875 0.04453125