0 0.6876476626408252 0.8833304833801151 0.032522994985435004 0.04538774310259512
0 0.8277294418702847 0.7766190586857427 0.032477530878812645 0.04382524310259513
0 0.7114201317620127 0.839832788898039 0.029397994985435005 0.045223968792335256
0 0.7787333153855345 0.9481941655377192 0.028852425705962935 0.026473968792335257
0 0.7847272511206272 0.8852847297620704 0.04239810015828453 0.06306656603337366
4 0.4886107690673159 0.9000210956591583 0.026272994985435005 0.0450601944820761
5 0.15762153035008697 0.8187798982364061 0.0543070667721897 0.043409163274411355
5 0.2714172573888334 0.857415273067064 0.054579851411925784 0.05278416327441136
5 0.40646585880075914 0.9004139213034703 0.05118206677218975 0.0432453889641522
5 0.2647544172596787 0.7091006037997587 0.05693196159934022 0.026385437584671222
5 0.13981425323219826 0.7445987697877037 0.02880696159934022 0.024911468792335613
5 0.09957569813849107 0.7600090858210773 0.03197742570596289 0.026637743102595125
5 0.27514399947127455 0.7703689744465451 0.04484113855894432 0.03979284034363299
8 0.11084816725967868 0.7171664885800393 0.05380696159934022 0.026221663274411534
9 0.1582734335570147 0.5722767124607574 0.06495506175762475 0.08765048620519007
9 0.11547451662654043 0.4728023349165661 0.06169366943775674 0.08279921189493056
0 0.3166134678010394 0.4207916983272632 0.2046206185006846 0.2228996687014785