6 0.849446895376011 0.2122014380448297 0.07618553248413776 0.12385565651766246
6 0.8738888785857881 0.07146280855633445 0.07267858656782167 0.11289997579950317
6 0.7596775564459367 0.16585822405098732 0.09557044954451292 0.09741133118569745
4 0.42258927341364494 0.09041540086032167 0.17669645317271013 0.18083080172064334
0 0.5456820330322918 0.07743361182910194 0.08988593393541641 0.15486722365820388
9 0.7253074686121707 0.5237979890781019 0.02282243030721922 0.07199317466803504
9 0.8057315454765275 0.7482843837901036 0.020823420688572368 0.05948408430895533
9 0.792857034043782 0.8038167663036611 0.021150802902557685 0.06885908430895568
9 0.7990128087233714 0.6499059711241211 0.02093254809323426 0.06260908430895533
8 0.7711754962021669 0.731301416869395 0.02298612141421188 0.07668067466803503
0 0.7492434764167191 0.554121293332828 0.02624009618646852 0.12512726502711474
0 0.7309125947508881 0.7659036758463854 0.027400802902557687 0.06889544574527377
0 0.7707786813187096 0.6531945975875543 0.042227194735189676 0.09085225897699054
1 0.08481141026731746 0.725140379684887 0.01838790145127882 0.03447499394987581
0 0.41939228530972644 0.5607268590986274 0.07031747840045366 0.13475679508134383
0 0.2039706711519087 0.46668700936977386 0.047876994009550165 0.07370112041330898
7 0.1842732408446893 0.5386620033196496 0.020277783665263983 0.04385908430895533