0 0.9124460033418178 0.03066207968994562 0.07227498933799978 0.03688493030721938
0 0.7100931626750451 0.03694682914179145 0.05970226400381797 0.030198420688572526
0 0.9522812100174992 0.09570423713167422 0.056649989337999786 0.03633929328391081
0 0.9097391740133631 0.06670870709460733 0.07852498933799978 0.0371031851165428
9 0.6571777953532718 0.12398552687220596 0.06286362667090906 0.03343254809323426
5 0.6558960113383179 0.013829276872205979 0.054942038669636165 0.02378472958157995
5 0.7598317227084526 0.2814036680718658 0.0549602200031817 0.025347229581579887
1 0.7676891286998622 0.21782231770904606 0.07220226400381798 0.0306349303072194
8 0.6447607060391346 0.2658828501931837 0.06918635200509068 0.03990080290255769
7 0.613618699355499 0.14191956053746996 0.050272720003181705 0.02518353847458741
0 0.8865027633672711 0.21914422633190106 0.08012385200509087 0.040282748818873594
4 0.57188901674886 0.5857439716073956 0.02910679201145392 0.08535714664195541
4 0.7470008414624031 0.9250817462021669 0.1476931600095451 0.0754414880191007
0 0.7895230541056315 0.7508704306857374 0.10726815467854482 0.09121033175849824
9 0.27765447469763493 0.21852178838976935 0.0803965720082724 0.06372024881887359
9 0.05121924403245306 0.23737102522774345 0.07242044000636336 0.049384930307219396
9 0.18121801607254212 0.5282638653389441 0.14480451734563582 0.0956448606144388
8 0.46219584341181463 0.5622196807705555 0.12901588534372674 0.08103672359113005
8 0.3106322487269063 0.43308279619431767 0.11649770401018138 0.07903771397248338
8 0.07506220679499409 0.9430753882044349 0.11651588534372678 0.08060021397248321