0 0.3390625 0.08203125 0.03203125 0.04453125
0 0.19609375 0.18125 0.03046875 0.0421875
0 0.3140625 0.12421875 0.02734375 0.04453125
0 0.25 0.0125 0.028125 0.025
0 0.2421875 0.075 0.04140625 0.0609375
4 0.53828125 0.07578125 0.025 0.04453125
5 0.86640625 0.17421875 0.05234375 0.03984375
5 0.75390625 0.1296875 0.05234375 0.04921875
5 0.6203125 0.0796875 0.05078125 0.03984375
5 0.75625 0.278125 0.05546875 0.0234375
5 0.88203125 0.24921875 0.02734375 0.0234375
5 0.92265625 0.2359375 0.03046875 0.02578125
5 0.74765625 0.21640625 0.04296875 0.0375
8 0.91015625 0.278125 0.05390625 0.0234375
9 0.85859375 0.4203125 0.06328125 0.084375
9 0.8984375 0.521875 0.05859375 0.0796875
0 0.69609375 0.56328125 0.1984375 0.2125