0 0.6125 0.4739724772685333 0.0375 0.07877956493480802
0 0.578125 0.7257162094116258 0.03125 0.06617047077900687
0 0.7046875 0.46698786606660325 0.040625 0.05695911201270896
0 0.6578125 0.49898215989809314 0.0375 0.08659206493480802
9 0.6796875 0.849363989443398 0.0328125 0.06619774431795733
5 0.5359375 0.7773235738599666 0.021875 0.06288182954530477
5 0.9078125 0.8275646761301475 0.0265625 0.05983865016215582
1 0.8265625 0.7761464521047298 0.03125 0.08023297077900686
8 0.8640625 0.958051017039538 0.0421875 0.07573638555165907
7 0.6953125 0.9152617248329014 0.0265625 0.05358865016215582
0 0.85234375 0.6312839654974105 0.04375 0.08826365909060954
8 0.2328125 0.5306262573036007 0.05625 0.09160684740221221
8 0.42421875 0.6956860158250173 0.0328125 0.06932274431795715
9 0.33515625 0.8785064241048479 0.040625 0.060084112012708954
0 0.65234375 0.354355452511767 0.3 0.15992401947846524
1 0.3609375 0.23051893749752855 0.0375 0.06315456493480812