0 0.660382294071667 0.38598269608503594 0.04520470364722229 0.06428267589344294
0 0.8310766537790629 0.3954492434998473 0.04197060087368065 0.05946784190105418
0 0.697755660712917 0.4126115216744678 0.03884560087368065 0.05934050790866543
0 0.7251325122521877 0.24493193175057995 0.045532011967847195 0.07834517589344295
0 0.7550213404244447 0.3195671758190809 0.058177482332569495 0.08510451186299814
4 0.4590945106366672 0.5067912390884041 0.035720600873680654 0.059213173916276673
8 0.6921725822563196 0.13914218817637053 0.07740026101791671 0.10618101581733078
0 0.2883767414506252 0.22753877368881512 0.18063697663298636 0.24931820357377185
4 0.11590232940652798 0.24238647676829542 0.068170731382639 0.11204901384016441
4 0.12447985524208363 0.34213180878351784 0.07140483415618064 0.11686384783255317
8 0.8789784380670842 0.8744218190892792 0.09782055737069442 0.04457235376405251
8 0.5595387602554174 0.9249735533091293 0.07125805737069442 0.04349001482874755
8 0.44318510201104233 0.8311837440313198 0.05853985182361114 0.03360567885919252
0 0.49006010201104233 0.8292737341454881 0.07260235182361115 0.03417868182494175
1 0.5242155900431951 0.7512468932330172 0.06947735182361114 0.03405134783255317
0 0.13831380442399369 0.7349095577949347 0.079762848023889 0.14061968281352505
0 0.16402101282086862 0.6634828853615329 0.12111389342673622 0.10640119171077381
0 0.11810910077677139 0.6731735617492673 0.003270470364722211 0.006377333992388756
0 0.11363915311347277 0.6491139792397533 0.0641001740119445 0.07129667984777584
0 0.2150035909931256 0.7372586249814095 0.10203789152687515 0.1586985207602467