3 0.4548964111224997 0.37294030219319546 0.15031937418757338 0.11645799985882573
3 0.060172066559661244 0.4287767183593817 0.12034413311932249 0.1446894156720761
3 0.10349222930701403 0.7466236419945528 0.11131142126547414 0.11730786831702958
3 0.49205807711626337 0.887343707412515 0.0866932508107789 0.1377267841302796
1 0.7973293729730527 0.37880795449933047 0.10416139448011297 0.06538134727034209
1 0.7858230827950109 0.4555601702984634 0.0944318384737585 0.044522815700310935
1 0.870024758931749 0.5152074570595792 0.10402502678536116 0.05756884727034208
1 0.8195514261400334 0.584215791316916 0.052380706168510115 0.049878173635170955
1 0.564869654629678 0.47944717840273265 0.07579093262955983 0.04968075256024882
1 0.28811664529748243 0.7878765155026668 0.08530230032431163 0.058039284130279964
9 0.5099019164008007 0.7163332573983976 0.11668866801906326 0.06767188936371689
9 0.6010706128300783 0.8248730704678726 0.11408186525911965 0.09717737884037306
9 0.7018237784102144 0.20510587301400393 0.11424550649282175 0.10655237884037314