3 0.34609375 0.5390625 0.1078125 0.1484375
3 0.425 0.93515625 0.1375 0.1234375
3 0.73984375 0.88359375 0.11015625 0.11015625
3 0.8578125 0.49296875 0.1328125 0.08359375
1 0.33203125 0.196875 0.05859375 0.103125
1 0.409375 0.20703125 0.0390625 0.09296875
1 0.4640625 0.121875 0.0515625 0.103125
1 0.5359375 0.17109375 0.04609375 0.0515625
1 0.44609375 0.42734375 0.0453125 0.075
1 0.7703125 0.6984375 0.05234375 0.08359375
9 0.6859375 0.478125 0.0609375 0.11640625
9 0.7890625 0.38515625 0.09140625 0.11328125
9 0.1640625 0.2953125 0.1 0.11328125