0 0.8171236937623021 0.9495620180417138 0.08047536167271759 0.10087596391657243
0 0.8625781848278725 0.5352698920358088 0.06714769072219048 0.11806768198597287
0 0.6327632812147321 0.9630854950627544 0.08357118676785795 0.07382900987449119
0 0.7240939353593452 0.923013316620526 0.08098469764227278 0.1516812183831675
9 0.6495503083264073 0.3174654210317477 0.07027269072219049 0.11826794108527157
5 0.9416024985543064 0.4476080081672228 0.051331689733607536 0.11237888648947969
5 0.19640540368750256 0.34530890730897057 0.055828188745024224 0.10799177513842757
1 0.3630610044858053 0.43858494524732466 0.06185269566510652 0.14110466378737563
8 0.2714531887450242 0.12180965299003392 0.08784219269935693 0.128744366131414
7 0.6121537846004111 0.20286270048911198 0.05525518577927464 0.09392927513842757
0 0.32334322437119956 0.6877245496585462 0.08879719764227278 0.1521818661314139