1 0.059650886184675886 0.8760670754301609 0.07709134890464334 0.07231133723582168
0 0.5218159170634882 0.8311979195016737 0.09253449247815268 0.06615224082661797
0 0.512990149512511 0.6781501875538504 0.06717077962517112 0.05350679508134402
0 0.4179574796790429 0.9106950428418488 0.142063131037097 0.103934041958086
0 0.3768527580505728 0.8468825277165383 0.10383570533113406 0.07871587334017534
6 0.3168760159681316 0.7605273920797229 0.11977895407749281 0.08974427693097127
8 0.17164636480626796 0.2216199490649236 0.06529003087881238 0.042560204722264315
8 0.17011862021654428 0.11305347014216242 0.05140938730530311 0.04872839149054777
8 0.21451948957515876 0.06358473526747295 0.05279003087881247 0.04248748184962738
8 0.2550164574427051 0.09459384075186308 0.07672763605166182 0.05981133723582164
8 0.2802043255476783 0.03430123536566881 0.06717077962517112 0.05350679508134394
8 0.20928876880461847 0.16281712080609237 0.05448892319868044 0.04718407220870704
8 0.2407122650436948 0.1298273588040398 0.04617631802583091 0.029951120413308895
8 0.28142218157845766 0.18036316910889014 0.05797763605166182 0.05970225292686626
0 0.3899189916867298 0.23675354879377714 0.06082985141192578 0.050345433645025396
9 0.7575156686463339 0.22055481441006694 0.03279577962517113 0.0533068071815924
4 0.8165724198999751 0.23114688076504147 0.055489133544379496 0.08155907220870695
0 0.7480209967012946 0.278412766205465 0.08144387978345584 0.1145170179539809
1 0.899004486672165 0.19004918209290134 0.023057066772189928 0.04075226502711464
1 0.9222517700582596 0.1696048718862469 0.02269335391920819 0.028252265027114642
1 0.8148387721698308 0.34441904040596183 0.026272994985435005 0.04389544574527386
8 0.6326233172344081 0.27127295277735675 0.03444920783841656 0.05644089754067192
8 0.679858366917839 0.3928525161072692 0.042716348904643375 0.07211134933607007
8 0.7476619808661772 0.45182299512822616 0.05077288981258547 0.026853391490547728