0 0.7685106720795483 0.2060166703818734 0.08888304220663663 0.1722516847906915
9 0.9823453011383858 0.2550749584051446 0.026418224025417915 0.08226867193911022
9 0.9786554651002592 0.377013625401339 0.029461403408566865 0.07770850593149899
1 0.775435007713933 0.3907590849066099 0.03590231818121907 0.08890067391627658
8 0.4498367642067548 0.30409732060933486 0.08294095941492116 0.10018568380210838
8 0.20609822118604387 0.13446920600804874 0.06715231818121907 0.09017401384016441
9 0.2990304204579905 0.49058260174970486 0.054461403408566686 0.0787271778706092
8 0.10637313636573335 0.301697809772101 0.07356595941492108 0.09980368182494193
8 0.17856000771393304 0.4150798774528674 0.07068642126547413 0.11373884783255317
9 0.8771672828777366 0.6005240626634885 0.04785684740221256 0.0581600098858317
9 0.8628087280891978 0.6627839821311408 0.04484094155801373 0.06428267589344294
0 0.803471089698165 0.9314185769979446 0.05122730925276535 0.07234984387822081
0 0.7353659720034134 0.9420005913324004 0.07751707386326175 0.05780718281352506
0 0.7457091826361505 0.8861498393552342 0.06531708279171564 0.07448534684397004
0 0.9599234614501067 0.734554211370894 0.055934174511885 0.1631021778706092
0 0.961887156254531 0.6220542113708941 0.05487050649282175 0.1021646778706092
0 0.8692030040637804 0.7437156471501687 0.1271818831160271 0.1300933596955513
0 0.5995353863690287 0.7625107039937014 0.08866485389503395 0.15975168479069132
0 0.684077981742646 0.794197102701107 0.15302736282348767 0.17954953163466172
8 0.7030540783340793 0.8699319317505798 0.027326159090609536 0.044832338935304604
8 0.6196627000860209 0.6828404500393687 0.041715941558013545 0.06415534190105418
8 0.8081915917267599 0.8398849930055556 0.04799321509696384 0.0659725098858317
4 0.36476669440397796 0.6604375039171517 0.057640950486467266 0.08197951186299797
4 0.3043201181050841 0.6347955167687329 0.06542617694751698 0.08073534684397003
6 0.4805241079588143 0.6034142296968639 0.1192681972400564 0.0345261917107738
6 0.48806782670922627 0.6632203112177948 0.10261825973923262 0.1540746877564411
8 0.17067795495728477 0.8666423774528674 0.1019909683433748 0.11813718775644091