3 0.464964665380316 0.3246252409037721 0.1496920120146356 0.11472608767505647
3 0.069789072724361 0.42197985380510694 0.12503745735199914 0.14324919396136265
3 0.12501511143376812 0.7344220417706137 0.11066587468172658 0.11603172249741008
3 0.5170128021164493 0.8341971399941492 0.08592041335136287 0.13674232878371625
1 0.806988533378407 0.2946251019475893 0.10381589067472703 0.06417812406898663
1 0.7977322593889065 0.3724418868937774 0.09420453333863606 0.04342897642635144
1 0.8835248560629971 0.4231631708065081 0.10372498400699967 0.05636562406898662
1 0.8351424474060876 0.49733057093034266 0.05210794000636341 0.04927656203449331
1 0.5778470207272245 0.41942185649570335 0.07552725867281787 0.04880568114108108
1 0.31052589743790426 0.7562670008285695 0.08499316534054513 0.05705482878371626
9 0.5298566054264503 0.6616307812266436 0.11633407200827221 0.06632282092583353
9 0.6240253234404497 0.760425692103845 0.11355451734563574 0.0958647717116218
9 0.7065965400222718 0.1312411521952583 0.11366360534690863 0.10523977171162176