9 0.5212780188377437 0.5329418905460317 0.09723861436318479 0.06757700361804453
9 0.8384938316766768 0.27604559588224165 0.08157725292686635 0.06050813206674714
9 0.9140660034178456 0.3159546229060346 0.0940954336450254 0.0642882293077851
9 0.702383614854164 0.2986089133859532 0.08940793364502539 0.06404256784239584
8 0.8120808017206432 0.38328820782260076 0.10817611436318444 0.06815021370395283
0 0.5647103771508041 0.4555062873120999 0.17227497579950324 0.07775758706427283
0 0.8558893681738138 0.5098407417437987 0.09264201795398108 0.08295634215265543
0 0.7034325095661657 0.38697205054108297 0.1257090480082102 0.12842597241038015
0 0.21217625049097935 0.33543729025277597 0.08343064441741399 0.1105900192218769
8 0.12586150058917517 0.39577724672063963 0.040897710772388504 0.04900406603337348
8 0.2180495214700223 0.2661926452957301 0.05345225292686626 0.059034163274411536
8 0.16861208197126437 0.43552914348670785 0.0628999757995032 0.07202548620519007