0 0.9389972139736088 0.9640283062143343 0.07287521034569906 0.03646634890464355
0 0.7366761960269199 0.9589219544066973 0.060238818025830906 0.03141513605166182
0 0.9737511921346476 0.8987586588799015 0.05249761573070479 0.03601170783841638
0 0.934826539521287 0.9279998780010891 0.07912521034569905 0.03664820533113407
9 0.6802921522159839 0.8721971927282148 0.06340928213245363 0.03306856426490725
5 0.6834973717328829 0.9823534427282148 0.055323997492717505 0.02346624373179367
5 0.7763905992338478 0.7141921276053776 0.055369461599340045 0.025028743731793847
1 0.7868256455520664 0.7777234301918023 0.0726933539192082 0.030216348904643375
8 0.6621151505666313 0.7303817657686106 0.06984113855894432 0.03950042069139794
7 0.6360647790964458 0.8545179477427798 0.05068196159934022 0.024892351411925518
0 0.905416521178887 0.7757099522951261 0.08077863855894449 0.03981866943775678
4 0.576323436922227 0.41096652454409927 0.030580061757624934 0.0851933539192082
4 0.7373696193586144 0.0706323442192828 0.14887542069139795 0.07302362602253203
0 0.7869246531404207 0.2445843212580292 0.10879598997087019 0.09059155925034226
9 0.2974592686716045 0.779876682765592 0.08146060015828453 0.06325616943775678
9 0.0705785199252457 0.7623468873053032 0.07323892319868044 0.0489663489046432
9 0.18854830377355897 0.4707169799417402 0.14638691818411553 0.09480769780928675
8 0.467744058788124 0.4351277870805116 0.13035274122451135 0.08029055674305977
8 0.3216539719576745 0.5651382328447342 0.11780727711788863 0.07836434389007856
8 0.06565374373179383 0.05655152837152992 0.1178072771178887 0.0783643438900784