0 0.10276523112887452 0.6315403706097007 0.05594377461060622 0.09718407220870695
0 0.2750674431239261 0.8063489521881817 0.06137542069139794 0.06909543364502539
0 0.15686536091233022 0.7453074339396131 0.06744356426490725 0.06288179508134402
1 0.27146037298652415 0.9509256539835796 0.03454013605166191 0.0595658975406721
1 0.16980196694310953 0.5991136899897372 0.0546253155185485 0.05187157220870695
9 0.17919368731793842 0.54592505747618 0.035375210345698974 0.03457498789975162
0 0.3007959026782023 0.5358410094679698 0.06051160266556703 0.03940793364502539
0 0.3940397858268703 0.4641927475641131 0.07047763605166182 0.059774975799503235
8 0.47543557218246607 0.14647800673749525 0.03197742570596276 0.025181807181592353
8 0.43105273785929904 0.2592552626894236 0.03978992570596276 0.025227258976990453
8 0.1660378401291547 0.14749664783525956 0.02880696159934022 0.023601126463433087
8 0.532342453219563 0.2492893893492484 0.03197742570596294 0.025181807181592398
1 0.26377430964605375 0.2571029311109427 0.019113712852981468 0.01260908430895542
1 0.1730296377010145 0.19980858157848091 0.02880696159934022 0.023601126463433087
1 0.3776345696751836 0.16892569935951118 0.028852425705962935 0.025163626463433085
1 0.4180382608205527 0.21479219038252073 0.024255853919208193 0.028261355386194252
1 0.2420320387963712 0.1275199702403583 0.022329641066226813 0.015752265027114642
1 0.22967679130365365 0.10571314793345543 0.022511497492717504 0.022002265027114644
1 0.32149822994174027 0.1731592022863774 0.02568196159934022 0.023582945745273864
1 0.30670830423577733 0.148241015518094 0.025636497492717503 0.022020445745273863
4 0.8976084373844454 0.07369747424737905 0.04244356426490725 0.06273634933607006
1 0.7893365993003547 0.21966448010111153 0.01478992570596276 0.02508181323171659
1 0.9177450926364372 0.12124463993842363 0.019568353919208192 0.02823408430895542
0 0.8909241798625981 0.13937247122231694 0.016807066772189926 0.0407159035907962