9 0.22801591199872734 0.007527217736114466 0.03303067600254535 0.015054435472228933
9 0.1762506806174568 0.35934990625123575 0.020567038669636252 0.022229556006354477
9 0.17750573997454663 0.1843635430207109 0.022202264003817973 0.028506829545304768
9 0.2957472099777283 0.15886689082996025 0.022238626670908878 0.03163182954530477
9 0.19087734929981973 0.24349308117015783 0.030014764003818018 0.028643197240056484
0 0.2555034706397285 0.19393736607319392 0.025636346674090583 0.055123876623205434
8 0.17676139998409165 0.11407831655966125 0.025363626670908877 0.031686376623205434
6 0.27217751456082306 0.7747782629889388 0.10474313868554459 0.1408625535707225
8 0.49333073464354654 0.1616667881527422 0.06008407200827239 0.06197389448011292
8 0.7812483579726377 0.1878848202164045 0.047238626670908876 0.03206820616851021
8 0.8154500879615018 0.2693024155900218 0.05352498933799978 0.03530230032431163
8 0.8541853239576838 0.29674557711626337 0.05646817600254508 0.01973184740221221
0 0.7699017779678651 0.2232319849890569 0.05043635200509069 0.03837275324641087
9 0.8079295839831371 0.11009105682372389 0.056577264003817976 0.029106847402212255
8 0.470439221992364 0.048027028006472496 0.03481135200509069 0.03810001785690749
8 0.3798858526416375 0.17770661972664187 0.0446954293443631 0.08201365909060954