1 0.11996764870740566 0.08012655730064308 0.07649351581733081 0.07799234882113641
0 0.14337338483006018 0.5393450484033945 0.07088018577927473 0.09336268083635879
0 0.29703955429771256 0.5198244327763442 0.05579901384016441 0.06778967787060922
0 0.06860548958269562 0.4409977317112113 0.10879136266130082 0.14326452174882984
0 0.1344188319780414 0.39541863486724116 0.08226335475263546 0.10474584980971961
6 0.22368426182581708 0.3293851165784525 0.09383752471457933 0.12081651878308027
8 0.7700857124338394 0.14645066939329024 0.044797846843970035 0.06578150889724857
8 0.8788704634224225 0.13733831315778003 0.05047484387822081 0.051973676882026164
8 0.9263383710270767 0.17830155277765672 0.04428851087441501 0.053281508897248565
8 0.8934011956279253 0.22098114270154454 0.06243101581733086 0.0774193458553869
8 0.9526024406850094 0.24196746334806046 0.05579901384016424 0.0677896778706093
8 0.8272151215213682 0.18000065703600054 0.04903967787060921 0.055035009885831744
8 0.8587861150955778 0.20913240011591833 0.031533842889637495 0.04652217292769345
8 0.8062858561983293 0.25338907749223605 0.061667011862997965 0.0586693458553869
0 0.7447660829666246 0.3658691728533313 0.0524193458553869 0.061412343878220546
9 0.7438668388609425 0.7324836698875818 0.054398339923887915 0.03341467787060921
4 0.7305099930055556 0.7923043388609425 0.08341467787060922 0.05643568380210837
0 0.6863726738419145 0.7270268487467743 0.11724584980971961 0.08277269072219048
1 0.7678243092034474 0.8718989969598884 0.04151633794672147 0.023530341901054186
1 0.7872136377586286 0.8937275760093613 0.029016337946721472 0.02302100593149916
1 0.6171650760093612 0.798482696085036 0.044768671939110403 0.026782675893442943
8 0.6988965315602995 0.6110835137658024 0.05758700692008212 0.03510451186299814
8 0.5749523541839817 0.6668307894689649 0.07353034190105419 0.043553681824942105
8 0.5127441728533313 0.7387813853243518 0.028599843878220454 0.0510823389353046