4 0.25314697901730343 0.8035773439688196 0.06545516693047429 0.10228975334181775
0 0.3454839285424498 0.6196285106222292 0.046386918184115444 0.09113407733927233
9 0.34596365017091985 0.5555387386219112 0.04112510517284953 0.017660214672181596
8 0.19894756083318796 0.7135523279758192 0.03582985141192578 0.05039998933799979
8 0.22552076952953432 0.6061756326384559 0.045704956584775316 0.0676965773392725
8 0.27269128622258176 0.6157864426320925 0.044142456584775225 0.06767839600572714
7 0.7918624865391509 0.7316616025620958 0.06064799498543501 0.04444089067472703
7 0.9140413634196127 0.7138281178787783 0.07718227711788864 0.07587270401018138
7 0.5868340057394807 0.7223246072565489 0.04805706677218957 0.041170440006363405
7 0.9726471367765777 0.820995180537915 0.045477636051661816 0.059884077339272326
7 0.9901245183091465 0.7777537105347333 0.01975096338170701 0.03626476400381797
7 0.8634790737653116 0.7488031018857779 0.046494566772189924 0.04115225867281787
7 0.7442025733696003 0.5977956799013682 0.044659282132453626 0.0317590773392725
7 0.8301400733696003 0.5967957065563687 0.036755853919208194 0.02854317067154515
7 0.7474077928864993 0.7079519299013681 0.03850021034569906 0.03481135200509069
7 0.7920155992338478 0.6832059212285502 0.04180706677218957 0.041097714672181596
7 0.7834134890464333 0.709877509229823 0.028943353919208194 0.02845226400381797
7 0.7380842686716045 0.7635479492361863 0.041716138558944495 0.03797271467218159
0 0.4185085884132951 0.4702910346117298 0.076148626022532 0.14771134134309047
4 0.16147602375267642 0.2583653886457737 0.13027383636823103 0.1827045066836356
9 0.19602085682220213 0.156366536640683 0.05856866943775674 0.08034202800763604
0 0.33434155925034237 0.10239555728836572 0.08103470282385157 0.10090906667727224
8 0.9424161351937321 0.21176563120627856 0.058250420691398117 0.06940452800763604
8 0.9340065901291548 0.13761960654046038 0.06780727711788863 0.07576361600890866
8 0.9817902149312989 0.1565690538670061 0.03641957013740225 0.047347714672181594
8 0.4859267913036536 0.10141321793445757 0.08026181301126592 0.07434656667727224
8 0.917882799616924 0.3355303952100966 0.11090405925034261 0.1075045120146357
9 0.6264681894295094 0.3654928045830948 0.0617391335443795 0.08194089067472685
4 0.45954379922121247 0.18846832260504828 0.030125420691397942 0.06907726400381801
4 0.4889274223407506 0.20453821793445756 0.058341348904643375 0.07252952800763604