9 0.19853114337999786 0.3539449508136541 0.043895450668363575 0.014792840343632995
9 0.20548747867599956 0.0794772173219975 0.028343176002545344 0.020223968792335546
9 0.23206016402768057 0.21594366180407354 0.031540901336727066 0.026637743102595035
9 0.09027265336568033 0.2428669306872661 0.031577264003818016 0.029762743102595034
9 0.2065419960216354 0.17010221732199748 0.04091590133672707 0.02712906603337357
0 0.13520334536122597 0.21242915818602892 0.03804544000636332 0.04884029172311406
8 0.24518742003499838 0.27050500904511154 0.03626476400381797 0.030008404567984304
8 0.22293389608526884 0.6394254274079058 0.05070907200827239 0.06355788896415202
1 0.11669298675204151 0.6346383508590826 0.03997156667727224 0.08017217887824372
9 0.5008010733609078 0.22924700248639085 0.06451703333863605 0.042419873360319826
9 0.5449601533656804 0.2666960928300239 0.07532726400381798 0.03205558344622812
9 0.6751380020289532 0.24853367028335818 0.05966590133672707 0.028111711894930558
9 0.7844130046944533 0.24567202114244086 0.05813976400381797 0.0311548247398008
9 0.826345966024817 0.22600797433094413 0.06279090133672724 0.02827548620519007
9 0.7402170146801358 0.13795137437637264 0.07543635200509069 0.04143058344622812
9 0.8531442760184536 0.18056599954571478 0.04563976400381833 0.030499727498762796
8 0.5554714867122706 0.3648436657608024 0.06595226400381797 0.03156426051544958
4 0.8820045253421359 0.11102810549318005 0.0377727200031817 0.02540279172311406
9 0.9022903006842717 0.17689544493230197 0.0597386266709087 0.034361711894930556
7 0.5903786714671757 0.9997559574281457 0.10345226400381798 0.00048808514370861643
7 0.49789862810308616 0.7850056795556124 0.07957950668363552 0.12909435775648764
7 0.5521332367918125 0.950248899252459 0.14791133601209036 0.09675989258219672
7 0.656607820058861 0.46774069368910653 0.2144272213558171 0.17676165309764613
7 0.5925742340865415 0.668166739596092 0.1514181440165448 0.12973616689245623
7 0.7276032147517233 0.6643124785148157 0.15567038669636232 0.22677494120271574