8 0.18788686114173087 0.19099573496199468 0.053534066158582805 0.07309666327441153
8 0.16653455678880888 0.28198590513381117 0.06589771077238851 0.050314260515449585
8 0.291602734481906 0.287153682723431 0.040906801131468204 0.050566566033373575
8 0.5072413700205255 0.27819700531552527 0.05188066256778665 0.057389776119281775
8 0.7466078761688456 0.18359607700310837 0.045539758976990544 0.041437227498762795
8 0.8157891473442802 0.11979584859983441 0.04707498789975162 0.0368316146538926
8 0.7027169756031115 0.16167016734674142 0.03773634933607006 0.04259029172311406
8 0.4555687439498758 0.006050846902353746 0.06113748789975162 0.012101693804707492
9 0.905428885145836 0.21434703075743852 0.05185339149054755 0.05270227611928178
9 0.8162022378015557 0.05647365502226953 0.04405907220870695 0.05541784034363304
4 0.29096797198887414 0.5810265134561257 0.06621587334017516 0.10500176051544959
4 0.24492473984465918 0.7264518781100182 0.04112496974937896 0.08806656603337366
4 0.1055844630118837 0.5516676413390013 0.0347840661585828 0.07211401741285464
9 0.023979939007778627 0.49498827340574836 0.02689884328594585 0.059204581637205676
8 0.3062480592246958 0.655248585482393 0.0551329275949012 0.07942855042954129
0 0.6440338846548567 0.5523637663968017 0.10828519867214012 0.08690021370395282
9 0.7797395804983264 0.5053958339005133 0.08947156615858276 0.07498006784239593