4 0.8107315470262515 0.7515468229508326 0.10191702400410527 0.06330139342673621
0 0.6273508995837754 0.6581455811189578 0.09087953005422929 0.04585932028847228
9 0.5632747640451561 0.6572929023573606 0.017423849336070062 0.04102504350298606
8 0.720406528875879 0.805218643239305 0.05019998789975162 0.03553876291777769
8 0.6132025620533662 0.7780223232351732 0.06744203005422947 0.04531380642076392
8 0.6230861012809777 0.7309109338924995 0.06743293969514959 0.04375130642076393
7 0.7419612827847037 0.21244926178041607 0.0440954336450254 0.06039329255305557
7 0.7248414395969538 0.09017487148781189 0.07543633723582169 0.07674564437666671
7 0.7314333698241338 0.41740951871427023 0.040897710772388504 0.04782055737069442
7 0.8323312318496274 0.032196757696353474 0.05962953005422946 0.04513196846486116
7 0.7892261264634332 0.012120046876197593 0.03610112646343318 0.024240093752395185
7 0.7595164214465813 0.14093728448183965 0.040888620413308985 0.04625805737069446
7 0.6078408128389331 0.2593268746219439 0.031504530054229284 0.04447735182361114
7 0.6073408430895542 0.17338937462194393 0.028334078258831143 0.03659211664124999
7 0.717997062838933 0.2567629594437147 0.03459316861791084 0.038300087005972296
7 0.6935146924256241 0.21201415710701327 0.040861349336070066 0.041570557370694414
7 0.7201317345801019 0.22077090805694385 0.028288626463433175 0.028779616641249995
7 0.7735294453524905 0.26640940995680495 0.03773634933607006 0.04149782218833344
0 0.47846342680933435 0.5842567522811107 0.14729315651766245 0.07529355357097227
4 0.265078679441613 0.8400385460684372 0.1819772287263694 0.12921864057694457
9 0.16329801082370216 0.8049024394951735 0.08001475292686622 0.058104747150208524
0 0.11014067368607638 0.6662770037997221 0.1004545179539809 0.08045252583555573
8 0.2230289547222643 0.058880118256770655 0.06907725292686626 0.0578501740119445
8 0.1488465661585828 0.0668575788378471 0.07538179508134393 0.06737064437666673
8 0.16808692466803504 0.018630498907899244 0.047111349336070064 0.03726099781579849
8 0.11004015885535345 0.5146963200041318 0.0738920179539809 0.07983427678548623
8 0.3466300811856975 0.08413207855350666 0.10687723477649361 0.11028549620027786
9 0.37489247833358597 0.37570132950343715 0.08159543364502549 0.06126611474138901
4 0.19692708049832638 0.541584168693611 0.06891362646343309 0.029725174011944588
4 0.21316515885535345 0.5122960589862151 0.07220225292686626 0.05792290919430556