0 0.5436291394395829 0.5866458823586023 0.028706881458888844 0.026146005931499162
0 0.46318706497013873 0.15283856813787694 0.028925087005972117 0.035521005931499074
0 0.3589748504019089 0.9414965029285686 0.025581881458888935 0.02601867193911005
0 0.35754812870600655 0.4997865054000264 0.022456881458888845 0.025891337946721472
0 0.2969580804533677 0.38674001874589925 0.022456881458888932 0.025891337946721472
0 0.27812489390489503 0.927619686730677 0.028706881458888844 0.026146005931499162
0 0.26162064570784693 0.36242310965837027 0.03183188145888884 0.026273339923887827
0 0.2365751331713187 0.8348711126241198 0.017769381458888844 0.025700336958138337
0 0.1829825801690273 0.5888529584795067 0.025581881458888935 0.026018671939110227
0 0.040483342802464656 0.7421755711408075 0.017478440729444454 0.013200336958138336
0 0.029236718277429918 0.7559024901141683 0.009884146276527806 0.02225700197716627
0 0.7826935990707288 0.4762190824351519 0.035247822188333444 0.038900673916276676