0 0.619430362698482 0.5726745527408653 0.06823534684397004 0.06826794108527139
0 0.7331400356261752 0.6095713803156164 0.06804434585538673 0.06358044108527139
0 0.7463271492388783 0.35951082356035624 0.03233233893530461 0.02856509099298643
0 0.7691027574515548 0.47863106338132344 0.10018568380210838 0.0874580320782579
0 0.783646713002493 0.6634566463547454 0.04189833992388792 0.03385336829088246
0 0.8226654506452034 0.6075163294204524 0.06555601581733086 0.07900518198597269
0 0.8685615879839025 0.47175810455888 0.08386034684397004 0.06926923658176473
0 0.9010477772232184 0.5805916864525678 0.06868101581733085 0.07920544108527139
0 0.976521326615196 0.42491098780915715 0.026273339923887917 0.032852072794389106
0 0.3420852485914873 0.8034694656053902 0.11150518577927473 0.0975339389258032
0 0.4124839788198239 0.7144756192137329 0.04151633794672147 0.024478368290882457
0 0.41004609243252677 0.4634137669619796 0.04865767589344294 0.04675388648947969
0 0.4821876892764969 0.5319320319213745 0.041516337946721646 0.024478368290882457
0 0.48380063292725595 0.26554556831856896 0.03682883794672147 0.0241779796419344
0 0.5161581240671884 0.6198220581395362 0.04189833992388792 0.03385336829088246