0 0.3429751760087148 0.5893583413695815 0.06947735182361114 0.03405134783255335
0 0.39706848964767333 0.3108539979856526 0.11075696846486113 0.06383168973360735
0 0.4454533978920484 0.21053832159791805 0.06635235182361114 0.03392401384016441
0 0.4679420744694441 0.4180178991645162 0.12674564437666672 0.08009335969555131
0 0.47078843864215225 0.7316665636892526 0.09894664627652787 0.02588602076024671
0 0.5680303806058676 0.5442846274156864 0.07580008700597211 0.03743101581733086
0 0.5921627841005901 0.31227062346135365 0.09295121941479181 0.036568852775469105
0 0.5916140041809718 0.5035177059708676 0.050472778685347205 0.022349843878220456
0 0.5989563383371524 0.38926420498228453 0.06947735182361114 0.03405134783255326
0 0.6411392658644786 0.6224786115983555 0.07587282218833344 0.04055601581733086
0 0.6805485644014578 0.5389193536896901 0.06969555737069441 0.04342634783255317
0 0.7266254370266315 0.47069859429815003 0.06940461664125 0.030926347832553346
0 0.7410490000969092 0.5887482573400117 0.08833645459715278 0.03950285178688588
0 0.8157431416237844 0.43116390901316687 0.09596711664125017 0.03200868676785795
0 0.09512086388836763 0.5073575607606842 0.05072735182361114 0.03328734387822045
0 0.15716692220899264 0.4907802144110057 0.05853985182361114 0.03360567885919252
0 0.16443652118281218 0.37965171342242254 0.08190461664125 0.03143568380210837
0 0.024904508549374798 0.494007326578015 0.049809017098749596 0.036730678859192525
0 0.30066757475378453 0.22736501874589926 0.06962282218833345 0.04030134783255326