0 0.5515625 0.48359375 0.028125 0.05703125
0 0.0765625 0.51484375 0.0109375 0.01640625
0 0.73515625 0.609375 0.0234375 0.05390625
0 0.596875 0.62890625 0.0328125 0.08125
0 0.48203125 0.64375 0.0546875 0.14375
0 0.7671875 0.66640625 0.021875 0.0703125
0 0.5671875 0.79140625 0.0171875 0.03828125
0 0.65 0.80078125 0.0234375 0.03515625
0 0.1859375 0.80390625 0.0234375 0.03515625
0 0.70625 0.87265625 0.025 0.059375
0 0.34609375 0.875 0.034375 0.06484375
0 0.49921875 0.8859375 0.0359375 0.0703125
0 0.0765625 0.2015625 0.0203125 0.03515625