0 0.4106416586304185 0.33396141616618624 0.03405134783255335 0.07057010523343701
0 0.6891460020143474 0.365509734850269 0.06383168973360735 0.11283319994353028
0 0.7894616784020819 0.4058701533649424 0.033924013840164594 0.06744510523343691
0 0.5819821008354837 0.4453631057981344 0.08009335969555131 0.1293682525602488
0 0.26833343631074735 0.47381141339417604 0.02588602076024671 0.09971157366340577
0 0.4557153725843136 0.5560870451477337 0.03743101581733086 0.07700211575678076
0 0.6877293765386463 0.5613682664203001 0.036568852775469195 0.09409861049510884
0 0.49648229402913235 0.5764226609751015 0.022349843878220456 0.05118306840173403
0 0.6107357950177155 0.5744667768730566 0.03405134783255335 0.07057010523343692
0 0.3775213884016444 0.6358193187546698 0.04211851581733086 0.07727513154179633
0 0.4610806463103098 0.6685415425168978 0.04342634783255317 0.07111613680346807
0 0.5293014057018499 0.7092050688958442 0.030926347832553346 0.07038809471009344
0 0.4112517426599883 0.7333089687829049 0.03950285178688588 0.08959312101845249
0 0.5688360909868331 0.7953931978773917 0.03200868676785795 0.09695059471009326
0 0.4926424392393159 0.07859210572754717 0.03328734387822045 0.05182010523343698
0 0.5092197855889943 0.13949180837250053 0.03360567885919252 0.05963260523343701
0 0.6203482865775775 0.13771793479379926 0.03143568380210837 0.08288809471009326
0 0.5059926734219851 0.016271929179191548 0.036730678859192525 0.032543858358383096
0 0.7726349812541008 0.2619759401966454 0.04030134783255335 0.07093412628012441