0 0.609375 0.4421875 0.02578125 0.028125
0 0.171875 0.5328125 0.034375 0.028125
0 0.95703125 0.61875 0.02578125 0.02421875
0 0.51484375 0.63046875 0.02578125 0.02109375
0 0.39921875 0.69375 0.02578125 0.02109375
0 0.93984375 0.7 0.02578125 0.028125
0 0.3734375 0.7296875 0.02578125 0.03125
0 0.8453125 0.74375 0.02578125 0.0171875
0 0.596875 0.803125 0.02578125 0.02421875
0 0.74453125 0.9421875 0.0125 0.0171875
0 0.7578125 0.953125 0.02109375 0.01015625
0 0.50859375 0.20546875 0.03828125 0.03515625