0 0.815625 0.57578125 0.03203125 0.10703125
0 0.1734375 0.58671875 0.02734375 0.07265625
0 0.66953125 0.63203125 0.05546875 0.17421875
0 0.56796875 0.67734375 0.03671875 0.06171875
0 0.30390625 0.68828125 0.034375 0.11796875
0 0.709375 0.83671875 0.04140625 0.1125
0 0.2296875 0.8453125 0.053125 0.12890625
0 0.584375 0.87890625 0.05546875 0.24140625
0 0.47578125 0.90703125 0.0234375 0.06171875
0 0.44921875 0.96875 0.0625 0.06171875
0 0.140625 0.33125 0.03671875 0.08984375
0 0.64921875 0.37109375 0.04140625 0.13515625
0 0.725 0.40703125 0.06015625 0.16328125