0 0.60390625 0.35703125 0.03046875 0.06796875
0 0.32734375 0.4046875 0.06015625 0.10859375
0 0.22890625 0.45078125 0.03046875 0.06484375
0 0.4375 0.478125 0.07421875 0.12578125
0 0.7515625 0.48828125 0.021875 0.0984375
0 0.56796875 0.58125 0.034375 0.075
0 0.33671875 0.6 0.0328125 0.0921875
0 0.528125 0.60390625 0.0203125 0.05078125
0 0.4140625 0.60859375 0.03046875 0.06796875
0 0.64921875 0.65625 0.03828125 0.075
0 0.5671875 0.69375 0.03984375 0.06796875
0 0.50078125 0.73828125 0.02734375 0.06796875
0 0.61953125 0.75546875 0.0359375 0.08828125
0 0.46484375 0.8265625 0.02734375 0.0953125
0 0.51171875 0.10703125 0.03046875 0.05078125
0 0.49765625 0.16875 0.03046875 0.0578125
0 0.38671875 0.1734375 0.02734375 0.08125
0 0.4953125 0.03203125 0.034375 0.0578125
0 0.23984375 0.30625 0.03828125 0.06796875