0 0.8640135447867564 0.255138371788051 0.018986349336070064 0.04073408430895542
0 0.10546979176169424 0.26814549112120545 0.012690897540671963 0.032885222872636975
0 0.15326239714788853 0.29130573516927705 0.037909066158582805 0.07053066861791084
0 0.16260155659241718 0.4193807381943392 0.015815897540671964 0.032903403590796285
0 0.23307612041330888 0.04395803649713696 0.022165891490547728 0.050127265027114655
0 0.8191788095192833 0.47181278738089977 0.018940897540672096 0.03292158430895533
0 0.8304299269075303 0.5256554048673424 0.04572156615858276 0.07057612041330899
0 0.11362876716841397 0.596234129684887 0.019004530054229286 0.04385908430895533
0 0.2214503575274936 0.5971693949083934 0.015870439695149674 0.04227840359079611
0 0.7271281857863248 0.630166163746137 0.031486349336070064 0.040806807181592394
0 0.7705741796380048 0.7119474288714475 0.01580680718159222 0.03134090359079629
0 0.511240086253863 0.720487678478664 0.018931807181592396 0.03135908430895533
0 0.08103950184671173 0.7690858224050988 0.018986349336070064 0.04073408430895533
0 0.8632025620533661 0.7871923476857501 0.025218168617910663 0.03764544574527395
0 0.2446161885167993 0.8189171298812786 0.04725679508134393 0.06589771077238851