0 0.5035684903132635 0.5726044422422464 0.056904616641249996 0.030417011862998146
0 0.48337423803215274 0.09633110231835855 0.015879573138263936 0.011574169961943914
0 0.37351404834954793 0.7510729990485979 0.05367051386770836 0.02560217787060921
0 0.3572013301690273 0.611995911596168 0.08201371941479171 0.03612318380210837
0 0.34503059812079817 0.49654732513232125 0.1450228656913195 0.060544863649884026
0 0.3157372627303466 0.7807804036875027 0.07082164627652779 0.024740014828747547
0 0.19539231440145785 0.5756870439919513 0.03790004350298615 0.01871550790866543
0 0.18408983206888835 0.6581175420147849 0.03492051386770836 0.024838173916276674
0 0.1917660066495137 0.19392770802239614 0.03492051386770836 0.024838173916276584
0 0.11090559878638828 0.7114388601898429 0.05995688145888893 0.0274193458553869
0 0.11694457855350666 0.35118710969555134 0.06642508700597224 0.037049013840164416
0 0.10244305461781207 0.5038664407221906 0.07114895459715279 0.038802514828747546
0 0.7966554880321528 0.10909633505533405 0.034847778685347205 0.02171317391627663