0 0.7899525434604786 0.22621393692754022 0.021042011862997968 0.05712329528527027
0 0.6694915103429423 0.3779326406088126 0.026337006920082118 0.03397689371369372
0 0.787161830000875 0.4483800353559636 0.014155341901054186 0.04120719685684691
0 0.670488983156905 0.507129989037236 0.028281508897248564 0.0434246683207995
0 0.789276133841477 0.5885876583914929 0.030417011862997965 0.05755994292790554
0 0.52437137543852 0.616168887094156 0.016771005931498984 0.028852746071058633
0 0.6217729574537424 0.6269673000382721 0.03341467787060921 0.054580492142117264
0 0.7580951180241462 0.6622777154635875 0.052546679847775654 0.06482878742738744
0 0.6499496955907443 0.6846364048768363 0.05516234387822046 0.05247433664159899
0 0.4779964411421201 0.6977613353987449 0.03405134783255317 0.07020549214211727
0 0.7889193536896902 0.7318111195163635 0.03603034190105418 0.04222604135632899
0 0.36297893619920424 0.7158862890800173 0.06373884783255317 0.07158820967712849
0 0.584040852701107 0.7269651459854961 0.04215300790866543 0.03939213978475227
0 0.6957304277962473 0.7713038050006708 0.041956689733607354 0.11112159057054072
0 0.4630240626634885 0.9115327369703214 0.037338173916276675 0.03604881596343468
0 0.7102278927759066 0.14657563275092977 0.03277800790866543 0.038955492142117173
0 0.7577594673767553 0.19027428287476428 0.02333934091247105 0.036956344499482