0 0.7108367227068071 0.4127454373091595 0.04447774607105863 0.01715278366526398
0 0.06569119665195908 0.38145584192529924 0.04484161910658786 0.02496528366526398
0 0.8662476606723137 0.458797003373743 0.0387371683207995 0.027872028855940555
0 0.0660785326743857 0.5740972097113141 0.05058219685684686 0.014246038474587408
0 0.17116006244877804 0.09308033348777872 0.044477746071058546 0.01715278366526396
0 0.15702886435358612 0.5974404512737935 0.050946069892376135 0.022058538474587407
0 0.3036771559148027 0.16177079138499426 0.032705492142117085 0.03234127404661713
0 0.3946787216733497 0.5189433959241653 0.07623716832079959 0.029181557711881113
0 0.41289583643671135 0.3287722637101801 0.07020549214211727 0.03365080290255769
0 0.036701517577792525 0.2670312433765781 0.06373716832079958 0.02874504809323426
0 0.5234330760976291 0.3334919908446893 0.0824871683207995 0.02939981252120454