0 0.7910540420179665 0.1612077299600981 0.020714293283910834 0.05690476442797028
0 0.6715078899337155 0.3222221302302506 0.0261458377489479 0.0336855192372937
0 0.7895559962869849 0.38286447515077465 0.013918656260602269 0.04106150961864685
0 0.6732563844914198 0.4509101254209272 0.028035719962933213 0.043115082939624474
0 0.7924850449283734 0.5224354066391204 0.030089293283910835 0.05723214664195524
0 0.5278124205189365 0.5714731404818696 0.016607146641955416 0.028670637023308566
0 0.625250415709613 0.5743129090861911 0.033105165879249124 0.05421627404661713
0 0.7617409872164922 0.5984175532810758 0.05218254809323426 0.0642460384745874
0 0.6537548724257023 0.6294989168907394 0.05487103847458741 0.05185516587924912
0 0.48192451244423573 0.6565673922959682 0.03365080290255769 0.06984127404661714
0 0.7929612161651 0.6652131836809624 0.03579365626060227 0.041825401451278846
0 0.3670435569092729 0.6839880425661207 0.06333830290255768 0.0708779843909035
0 0.5881100250581074 0.6770485286863045 0.04193452885594055 0.03891865626060227
0 0.7000271824998361 0.7121551602673175 0.04131945916315978 0.11068452885594056
0 0.4681992852249085 0.8708481471052917 0.03713790145127884 0.03562996515360979
0 0.7108878815810129 0.08831835618363346 0.03255952885594056 0.03859127404661713
0 0.7586606934692453 0.1280058495602115 0.023129965153609787 0.03670139183263199