0 0.3625 0.05507892273646202 0.0921875 0.06518238229073818
0 0.271875 0.10556700455234651 0.0328125 0.0447047462390763
0 0.51640625 0.1142446372387961 0.028125 0.04144335391920828
0 0.42109375 0.13412757673481257 0.0234375 0.04130696159934022
0 0.4953125 0.16519337179938992 0.0234375 0.03505696159934022
0 0.446875 0.1903464844940868 0.046875 0.04511392319868044
0 0.17890625 0.215361890208297 0.0421875 0.049665030878812376
0 0.23515625 0.2302798480467135 0.0328125 0.04157974623907634
0 0.371875 0.27175795737619807 0.05625 0.07351170783841657
0 0.271875 0.3063482545523465 0.0234375 0.02255696159934022
0 0.2046875 0.32470579796757126 0.1125 0.13608591567683304
0 0.48359375 0.3461023909997198 0.028125 0.044568353919208284
0 0.44453125 0.4176220383341528 0.05 0.04207985141192587