0 0.752122837285184 0.3943208830827999 0.03175907733927232 0.04538774310259504
0 0.7510897853278184 0.08001272161741065 0.028743165340545218 0.05459896879233552
0 0.6649944599379574 0.49216083955066353 0.060974957351999134 0.14061171189493055
0 0.27707574192395806 0.57501876865605 0.09233404535327186 0.1516244549975255
0 0.5190814285885036 0.6033362777011615 0.03521134134309047 0.07367651741285464
0 0.8158291592536855 0.6298323371758144 0.04166133601209019 0.09119156603337367
0 0.39315472792014006 0.6092443617132165 0.06747949602163539 0.1628142605154494
0 0.6195712299093223 0.7008464427845954 0.04491360534690845 0.10229284034363317
0 0.29239965523555 0.7360757773624773 0.04037155601527207 0.11454717887824373
0 0.8262190298775056 0.946194321571982 0.025509077339272324 0.0450601944820761
0 0.4355940298775057 0.9128457776453907 0.09289766669318063 0.1743084447092187
0 0.7367838125398241 0.9675786225115794 0.03524770401018138 0.06484275497684103
0 0.7782875373170007 0.16117419040974618 0.03346702800763594 0.057969630257724794
0 0.9221097153087285 0.2296862522592482 0.038409066677272105 0.08009029172311406
0 0.6025421026416374 0.21606532903521397 0.028634077339272323 0.04522396879233552
0 0.8195023359723195 0.24697889359824945 0.04465906667727211 0.080417840343633
0 0.3766603079646834 0.2800548286965297 0.061919292011454005 0.08756859905006031