0 0.61640625 0.440625 0.021875 0.03125
0 0.88515625 0.515625 0.0546875 0.04375
0 0.184375 0.5265625 0.0328125 0.028125
0 0.28125 0.55625 0.03671875 0.025
0 0.1296875 0.56328125 0.02578125 0.040625
0 0.59453125 0.58671875 0.021875 0.025
0 0.80859375 0.059375 0.02578125 0.03125
0 0.403125 0.61328125 0.01796875 0.015625
0 0.78125 0.61484375 0.02890625 0.03125
0 0.52890625 0.62734375 0.04375 0.0375
0 0.35546875 0.7546875 0.01796875 0.01875
0 0.6 0.87421875 0.0328125 0.028125
0 0.45625 0.95625 0.03671875 0.03125
0 0.9109375 0.10703125 0.0109375 0.021875
0 0.684375 0.11015625 0.02578125 0.028125
0 0.73515625 0.16796875 0.02578125 0.01875
0 0.46171875 0.2359375 0.03984375 0.03125
0 0.5640625 0.259375 0.01796875 0.021875