4 0.8052717012972461 0.23582308669743543 0.16586255357072233 0.10789873119538154
9 0.7330069634721109 0.3008737736861694 0.07269320616851012 0.048966348904643374
0 0.7581860158250173 0.4460642532321982 0.09023526217486477 0.06977895407749272
4 0.7622027288900911 0.8998568429656416 0.04758411201270896 0.04198892319868044
8 0.7589237702859488 0.9356806826990848 0.038018197240056395 0.030778638558944492
8 0.8270231594910559 0.8556725854437943 0.04111592370110628 0.029307066772189926
8 0.9307930417963043 0.8508834485342025 0.03006932954530477 0.022738818025830908
0 0.21738196347211086 0.2858706185006846 0.2887114926931041 0.256711967405328
9 0.3704638733734993 0.46679767273646205 0.06353639448011297 0.061193564264907255
9 0.42767280681713327 0.16549123700136925 0.06337275324641087 0.05181856426490725
9 0.3719858685055306 0.1513772612162641 0.0376636412337021 0.010466138558944316
9 0.2660354719935275 0.4785953275927424 0.07461026217486459 0.06932431301126592
4 0.33469792288703193 0.38610996239076306 0.06945911201270887 0.04262542069139794
0 0.20522207182807645 0.9264859436526516 0.2838409862002823 0.14702811269469684
8 0.26302093505860125 0.9321833288463836 0.08253185633066593 0.0758016335443795
8 0.16184026460390602 0.9511031619159095 0.10402502678536125 0.05456313103709718
8 0.44618403692504033 0.9956290575677361 0.0628545560063543 0.008741884864527805