8 0.3296875 0.5046875 0.0859375 0.02890625
8 0.18203125 0.24375 0.059375 0.1015625
4 0.10078125 0.36796875 0.075 0.1046875
0 0.1890625 0.45625 0.12734375 0.1265625
0 0.084375 0.27421875 0.08671875 0.11015625
0 0.10546875 0.20234375 0.06796875 0.06953125
0 0.25 0.31015625 0.046875 0.0859375
4 0.69140625 0.20078125 0.14375 0.228125
0 0.81640625 0.06328125 0.18359375 0.1265625
9 0.73125 0.1 0.1125 0.09453125
8 0.9484375 0.8015625 0.103125 0.2078125
4 0.94375 0.5671875 0.08125 0.09453125
0 0.96796875 0.9578125 0.0640625 0.084375