3 0.45860606353269484 0.6568377499967047 0.0932093413771451 0.12030459172016936
3 0.25402523485423956 0.47112457223840887 0.07086311542376222 0.15114548863591432
3 0.6799553401112007 0.1385083100602489 0.0728968413771451 0.11995003571381498
3 0.6556026038213808 0.5672509188265469 0.0755158990890262 0.1949500357138149
3 0.7402107275978453 0.6515907370077659 0.0497668762235353 0.08363070616851012
9 0.2175867047323546 0.753473422076253 0.04480655771188111 0.07573638555165925
9 0.65542158766413 0.3038060275928448 0.06210318511654265 0.07916139448011288
9 0.5682167427436059 0.18189802556424994 0.037266876223535306 0.08341251785690744
9 0.5810118978230817 0.061735530028476815 0.04578870435383653 0.10386138555165918
9 0.5963640130772079 0.5623082743464339 0.031562513246844046 0.09892842370110629
9 0.48536448177419655 0.7636195840062363 0.03844743030721922 0.07250229139585791
9 0.36393847051108724 0.1666064419617554 0.04019346878180681 0.12250229139585782
9 0.5096577090783418 0.22465254139256255 0.03230655771188111 0.0755181972400564
1 0.5396874271423584 0.5511565401747465 0.038993067330527965 0.08812729139585791
9 0.5670361555428121 0.4171770064895265 0.042862111795565025 0.06477161201270878
9 0.5281199553653269 0.6361627857105197 0.04604167549789597 0.06638865909060954
3 0.25929063212916714 0.32034332223840883 0.0431349303072194 0.07258411201270878
3 0.3895684091710091 0.3280894127407622 0.09797125244707079 0.16723413879807003
8 0.27568440301092334 0.9030155004037418 0.06515875244707078 0.1666613944801128
8 0.3046874006486706 0.7440496034879969 0.062430567330527965 0.08853639448011279
8 0.3098982673383771 0.34858709902377 0.04033731252120454 0.0819045649348082
3 0.5672617786014864 0.9479730389569305 0.0701885036281972 0.08711026217486477
8 0.7091219295046112 0.7135861765371846 0.060213302902557685 0.06975912094116268