0 0.4721311806969986 0.19883040988350956 0.03877269334818116 0.11134029172311406
4 0.6692050806810903 0.07124324118203107 0.11082950668363552 0.13073210085908263
9 0.7029266473583625 0.14764861092430628 0.04909202800763594 0.05878850180902231
0 0.6685891047103617 0.2870320154922906 0.061846566677272105 0.08131859905006031
0 0.17592834269572594 0.2049730257805975 0.07710794000636337 0.05088747060135788
0 0.2824783346992258 0.22518594923177443 0.058430665340545127 0.0561548247398008
8 0.4218300940085905 0.04121266169253187 0.04407726400381797 0.03041784034363306
8 0.19823860001590835 0.10686971845365126 0.05354317067154524 0.03872166327441153
8 0.19821987133990876 0.03807877487608639 0.04887385200509069 0.04003850180902231
8 0.3008647080283169 0.1929533033702174 0.028343176002545344 0.020223968792335522
8 0.3474669880251352 0.16705918871632483 0.031649989337999784 0.036012743102595036
8 0.16985960868872624 0.1536971308235517 0.041024989337999786 0.03650406603337353
8 0.21182893268618092 0.13273617763504836 0.0377727200031817 0.02540279172311406
8 0.25447950934913566 0.1031405308689802 0.0598477146721816 0.04373671189493056
8 0.21856073802513523 0.17381487901452936 0.06773294000636332 0.05039614767057934
0 0.17286588267822672 0.0761486629357273 0.048837489337999786 0.03691350180902231
0 0.2049607673456358 0.07993872625556737 0.04407726400381797 0.03041784034363304
9 0.2552015034213596 0.6354583859119344 0.07576361600890866 0.06955558344622811
9 0.19442927745063096 0.8543998156946891 0.06618862133990877 0.051876760515449406
9 0.21440268606776963 0.48828681479017816 0.0473840773392725 0.04620661465389268
9 0.24589813407063313 0.507742821687583 0.0473840773392725 0.04620661465389268
9 0.11555939011772187 0.8616601170287417 0.06304544000636332 0.05015048620519025
0 0.3745434914464948 0.8144730992772029 0.09149770401018138 0.0797494549975255
0 0.13505482479308512 0.9247399711671846 0.1323772426798176 0.10375352103089916
0 0.17283499343567713 0.7453080987113762 0.10239884134309048 0.07719766508343398
0 0.33563498543917697 0.7625730845778819 0.07576361600890866 0.06955558344622811
0 0.2189372867599957 0.6764452340574835 0.0725840720082724 0.06470430913596843
0 0.18764873472308832 0.40604420284981907 0.08364884134309047 0.0762150192218769
0 0.3693185474219959 0.6341681235874624 0.06166475334181776 0.06569359905006031
0 0.10638110073199698 0.475968278494131 0.06780566534054513 0.056646147670579336
0 0.05998045743154094 0.7207352238807182 0.05043635200509069 0.040120388964152195
0 0.21666735677908572 0.8172749519453077 0.06304544000636332 0.05015048620519025