0 0.1890625 0.28515625 0.06484375 0.13046875
0 0.47890625 0.4328125 0.06953125 0.1046875
9 0.13125 0.0765625 0.0578125 0.1359375
9 0.45625 0.3375 0.03828125 0.08515625
9 0.378125 0.37421875 0.03515625 0.07265625
1 0.27734375 0.09296875 0.02734375 0.05234375
1 0.328125 0.06953125 0.021875 0.05
1 0.3953125 0.1359375 0.021875 0.04296875
0 0.759375 0.22890625 0.05390625 0.1046875
0 0.7265625 0.36796875 0.06171875 0.08046875
8 0.91875 0.57109375 0.03359375 0.05703125
8 0.86875 0.26953125 0.04140625 0.071875
8 0.946875 0.2765625 0.04296875 0.0671875
8 0.76015625 0.39609375 0.02265625 0.03671875
8 0.784375 0.46015625 0.03828125 0.04140625
8 0.81875 0.2265625 0.03984375 0.05625
8 0.83671875 0.28515625 0.028125 0.04921875
8 0.8671875 0.34375 0.0484375 0.08359375
8 0.790625 0.2890625 0.05390625 0.08984375
0 0.90625 0.23984375 0.0390625 0.065625
0 0.8984375 0.28203125 0.03359375 0.06015625
4 0.48125 0.84453125 0.1296875 0.1828125
9 0.40078125 0.89453125 0.05703125 0.08046875
0 0.265625 0.82578125 0.08046875 0.10234375
0 0.7875 0.75625 0.0828125 0.11015625
9 0.58125 0.78828125 0.02421875 0.053125
9 0.5828125 0.86953125 0.0265625 0.0515625
1 0.7765625 0.878125 0.03359375 0.05703125