9 0.5253281445337789 0.9726609619271397 0.12705339600572696 0.04366018801718106
9 0.2886661279042317 0.7020142966263655 0.1302693026734542 0.05150905068427196
0 0.46104111457673136 0.6570455999363667 0.16010225334181777 0.0643544960216353
8 0.88118834054746 0.8677525492123237 0.12343859468490806 0.1357931440165448
0 0.9106229439051863 0.6877468758752785 0.16428177068745384 0.1550158586887262
9 0.7809210939688196 0.22056956122695945 0.02925224267981754 0.09720226400381797
8 0.8888506779519567 0.34351561787877827 0.03252269334818081 0.10973862667090888
9 0.7760865012730938 0.43465933322727757 0.019586341343090473 0.07209317600254543
9 0.8317745219605474 0.2809070772199598 0.03255905601527189 0.11286362667090888
4 0.9530757152689574 0.46306450186986964 0.029652232017817682 0.13157726400381797
4 0.8461990066040936 0.45102867321773255 0.0577408693507266 0.12877952800763595
8 0.7559745432845477 0.3505297812301411 0.02274770401018138 0.07525453866963625