9 0.4669311549227874 0.5951799908992628 0.1367391335443795 0.08750861621110388
9 0.45156118533938133 0.23616670988201624 0.12654577962517113 0.058946968568468525
9 0.6537395184754141 0.8158864048768363 0.08601170783841657 0.06017982878371626
9 0.5737708736482636 0.7949510126108846 0.0798071719450391 0.061451230355292805
9 0.6144620021115711 0.20307388171747248 0.12029577962517113 0.05865587014004516
3 0.08687289654301014 0.3482620256405632 0.1682619181841155 0.09833910835322088
3 0.5303801702956866 0.10840989102309737 0.25621655925034226 0.11803948635114891
3 0.5695800964638679 0.40125451653982597 0.1991936694377568 0.08885710049533806
0 0.20683840406485757 0.41956344499482007 0.1398641335443794 0.08765416542531543
0 0.5168151461472987 0.5208371164159915 0.13030727711788864 0.08096751778268044
0 0.7742984078922882 0.9451360644109942 0.14376202335696497 0.10972787117801168
0 0.22027746377741825 0.6298481275836433 0.10093802586424747 0.09052230024766902
0 0.8957368018615088 0.8068175816746912 0.12989810015828454 0.06690501778268043
0 0.8306994528903587 0.40715787592650415 0.09814799498543536 0.048262025640563165
0 0.4278221569678514 0.2992103653825342 0.12342077962517113 0.05880141935425689