9 0.39147528349499533 0.75234375 0.06356124203690508 0.071875
9 0.17720765714428377 0.7890625 0.04591871572854585 0.0640625
9 0.5363852360693615 0.8125 0.04335515785015538 0.046875
9 0.5171956203125808 0.778125 0.04308214206513998 0.0421875
9 0.16925792022787625 0.8671875 0.0441742052052021 0.0609375
0 0.2150885467903493 0.6078125 0.07228379465362353 0.0875
0 0.10668232551778294 0.8390625 0.0918374314570916 0.128125
0 0.2838972729010645 0.8234375 0.06988683674699833 0.1
0 0.26703745464050477 0.6546875 0.0652147472985769 0.0734375
0 0.35037214135926825 0.784375 0.0601632262518895 0.0671875
0 0.6222996202419937 0.85234375 0.07945925782192056 0.0765625
0 0.39250789150044263 0.6359375 0.06265118942018652 0.05625
0 0.5491421122788986 0.92421875 0.05069722099021767 0.065625
0 0.3071744201572891 0.94140625 0.03728716837349921 0.05
0 0.21205309400422162 0.7703125 0.04582771046687402 0.0625
9 0.661106702080256 0.5796875 0.038925263083592475 0.078125
9 0.29073693401734035 0.203125 0.044356215728545846 0.0640625
8 0.3155065047675617 0.52109375 0.03499662628012441 0.0375
8 0.3338051235787013 0.1109375 0.04840667889684287 0.053125
4 0.7671243997458862 0.2671875 0.07618161035393438 0.18125
0 0.9497710287980208 0.15703125 0.0668374314570915 0.128125
0 0.8658881234375269 0.259375 0.026425263083592655 0.078125
0 0.9539363420792574 0.02734375 0.032872684158514784 0.0546875
0 0.8610046604104042 0.121875 0.04434080517696728 0.090625