4 0.806098528564641 0.7183601614846248 0.3715306493475449 0.11977657809807063
5 0.9099251519335031 0.45253489023008664 0.079143154678545 0.09068334980971962
5 0.6599898812858204 0.3229415266173836 0.07917951734563573 0.09380834980971961
5 0.7290040579646835 0.23032826228292755 0.06032042934436319 0.0836693458553869
8 0.627276283935412 0.4499961165412715 0.0728204293443632 0.08417868182494193
9 0.23697635856941357 0.7064105315974805 0.06130112667090888 0.03373301285158128
0 0.014208938275798102 0.87029791254757 0.028417876551596204 0.04840300790866507
0 0.010252415937321065 0.954050830038056 0.02050483187464213 0.06377333992388792
0 0.08266957188895965 0.8142123972245308 0.07550907733927245 0.04680601581733086
0 0.09618663188259631 0.8605143942587814 0.06756930800445433 0.03555018083635879
0 0.14267018586891514 0.9593538008748524 0.15079997867599956 0.07486203163466172
0 0.08200704789945916 0.7369323142207254 0.07238407733927246 0.0466786818249421
0 0.11424574120786941 0.9191253903044487 0.07556362133990877 0.05149351581733086
0 0.21814344788355083 0.8485171185556186 0.06322725334181775 0.06504667984777583
0 0.168207629893414 0.7779300459319366 0.10056362133990877 0.05251218775644091
9 0.3804751039545021 0.3194941689361797 0.03170453333863614 0.040335839923887826
9 0.21332615599140947 0.05455887152136837 0.04749316534054513 0.055035009885831744
9 0.13486315929345638 0.28811547083679634 0.06308180267345423 0.052546679847775654
9 0.1289666006126843 0.39221272182537953 0.048910214672181554 0.04259867688202608
0 0.17797571793445757 0.47533162794715905 0.07605451734563581 0.09368101581733086