9 0.48973435649570324 0.5636423453769126 0.13815927956950452 0.0835955243497292
9 0.5321809915229446 0.20537983198423201 0.12747433664159918 0.05530688311602718
9 0.28686825992930665 0.7795106274372796 0.08706766046291677 0.05928527110331831
9 0.368173917911024 0.7601372901813371 0.08081766046291676 0.05917617694751698
9 0.3723543813076969 0.1675776432655922 0.12122433664159918 0.05519778896022585
0 0.8878958364367115 0.3279722577172283 0.1730437018192454 0.09513304220663672
0 0.4633304458233895 0.07465771185384835 0.25651117328319833 0.11064103977100474
0 0.40210173159814716 0.3668958047918337 0.20058650496239866 0.08312396590774282
0 0.7621830529382654 0.39573823052483004 0.14128427956950454 0.08365007142762995
0 0.4456440622438903 0.48791168831489795 0.1316181811410811 0.07723643019392804
0 0.15682754136083804 0.9066788737838316 0.14564644789030418 0.1102671185055307
0 0.7329000055860805 0.6054541497617093 0.10244010339082213 0.08765573295387145
0 0.05596303598189998 0.7626306392051072 0.11192607196379996 0.06317393019392803
0 0.14145533002657057 0.36520048579654046 0.098912688998964 0.04544095941492108
0 0.5510722326316044 0.26906050243892726 0.12434933664159917 0.055252336038126515