9 0.24772843806708406 0.8988226819696508 0.10476154160312508 0.07511562406898661
9 0.05784701405513959 0.8388420221259064 0.07848998233256951 0.08637845574818712
8 0.49360463573038277 0.9116158186540311 0.13637521751493065 0.09219611621110388
8 0.5491629982875702 0.8456782954946671 0.12376611474138884 0.08692641935425698
0 0.4656393706284033 0.718176187760619 0.10087282218833345 0.04215757485477489
9 0.3696190090211465 0.7594069634011821 0.09229790919430565 0.07609592721213972
9 0.5053233857303827 0.9110700091007372 0.10487064437666671 0.07980312406898663
9 0.13939634042444474 0.34388693300310796 0.11133884992375007 0.08946922249740999
9 0.41388458130638905 0.17468305293826533 0.07645470364722229 0.06599318114108117
8 0.43309048261690997 0.26060128226010093 0.07154899810013884 0.05639985731976358
8 0.07391942363069484 0.48771401571576567 0.08557513050895837 0.05549232878371626
8 0.5555460576550348 0.2126645882987382 0.09825696846486132 0.06388702564056317
9 0.3903951427611461 0.3079514712590649 0.04916485182361115 0.03350601282028158
9 0.3780035923243058 0.2795910308123589 0.058758057370694505 0.04331766046291676
1 0.6397496710652437 0.7390044563718687 0.04782055737069442 0.04280823821317572
1 0.8129352107685077 0.8545095241973304 0.06042966014423605 0.04807793507002245
0 0.9584659163155911 0.8571164857364856 0.07954333605604162 0.06457623035529281
8 0.6997058993137506 0.7276088839982933 0.05890352773541672 0.04956766046291676
0 0.9909517081577957 0.8816776840410745 0.018096583684408786 0.054944365177646406
1 0.9233323164887501 0.15408353102175584 0.08263196846486096 0.06315927956950458
1 0.9056876087574655 0.022874400126089107 0.11915134992375016 0.045748800252178215
1 0.7637014369297224 0.08330876633944745 0.11235714247680573 0.13321922249741
1 0.6674479520317016 0.2825339784977753 0.12729377108590292 0.2384889193542568
1 0.7721958823119103 0.5826730655536592 0.08510365824437507 0.1022945541766104
1 0.810834929330278 0.29384385194758933 0.09560474715020853 0.08405397642635144