9 0.45 0.03359375 0.04375 0.0453125
8 0.2171875 0.2875 0.06171875 0.053125
8 0.3578125 0.1578125 0.04140625 0.04375
4 0.41171875 0.22265625 0.0546875 0.0453125
0 0.4296875 0.31796875 0.06015625 0.04296875
0 0.334375 0.259375 0.0953125 0.05859375
0 0.4328125 0.18125 0.06484375 0.04609375
0 0.42109375 0.1453125 0.0515625 0.02734375
0 0.2984375 0.18203125 0.03203125 0.0375
7 0.1484375 0.315625 0.02421875 0.028125
9 0.4421875 0.75703125 0.053125 0.06171875
7 0.1390625 0.96875 0.040625 0.06171875
7 0.2328125 0.93828125 0.0625 0.078125
7 0.1296875 0.83359375 0.040625 0.0796875
9 0.51796875 0.65078125 0.0359375 0.0609375
9 0.6390625 0.5890625 0.05625 0.0703125
0 0.6890625 0.41640625 0.08359375 0.03203125
0 0.70546875 0.6109375 0.11015625 0.18125
8 0.77578125 0.8328125 0.0515625 0.0765625
8 0.584375 0.60234375 0.05234375 0.06875
8 0.53203125 0.58203125 0.046875 0.0625