0 0.7384396213371714 0.7693025927851289 0.1331594924781525 0.07326944198043535
0 0.5823497795586642 0.48805884001311883 0.10668792069139794 0.074847352532014
9 0.9399528536548456 0.8149658903519372 0.12009429269030888 0.06572995776545092
9 0.678321509104693 0.5051637690511359 0.08546613855894432 0.042414284130279964
9 0.6438759644358271 0.5854273927004245 0.07287521034569906 0.03856124203690499
1 0.9280583993129901 0.6698276955994916 0.053943353919208195 0.03121917889684287
1 0.950018315847753 0.6176813666744139 0.05063649749271733 0.024787168373499213
1 0.8816571092629776 0.5543615902954675 0.04438649749271732 0.024423147326811723
0 0.7780952224198929 0.1957139033649425 0.1062332796251713 0.05922235253201391
0 0.6399874686589693 0.23662587165373705 0.08306856426490725 0.06723227360693614
8 0.4312703835443795 0.05626905567107743 0.05725021034569906 0.03765118942018657
8 0.7342877349563052 0.08870504016841055 0.07305706677218975 0.04481124203690505
8 0.7249832796251712 0.017410588485939318 0.06846049498543501 0.034821176971878635
8 0.6108849903665815 0.20467021636383037 0.038136497492717504 0.02405912628012441
8 0.5461177967139299 0.18418268209237615 0.041716138558944495 0.039866136803468066
8 0.7787113363682311 0.1362023954724347 0.05743206677218957 0.04390118942018657
8 0.7195947491420702 0.12164634278512905 0.05081835391920819 0.03103716837349917
8 0.6601144490629279 0.0945902900978234 0.08578438730530316 0.053351784130279856
8 0.7170296902874392 0.16796760593930865 0.09217077962517113 0.05840330517696728
0 0.7628840963973609 0.04947594019664543 0.06676160266556704 0.04288472099021767
0 0.7209239169304743 0.05974558226178535 0.06037521034569906 0.03783319994353027
4 0.17056283339873013 0.509694976463651 0.18658602084968257 0.1403351156156063
9 0.12290423488979821 0.5930758948371502 0.08288670783841652 0.06098227360693613
0 0.19558688011266012 0.7242279133235888 0.10548913354437942 0.0872563472703419
0 0.24993311850068461 0.19830317917919155 0.11178459765100204 0.0891828683170294
9 0.2239031305748785 0.40641878704346446 0.053852425705962936 0.028094178896842868
9 0.14260766646825584 0.4095885606504006 0.052335389812585564 0.02956567363517095
1 0.1283763672470434 0.2163390895895958 0.05725021034569897 0.037651189420186526