0 0.27635052254019127 0.20567096025511242 0.13430653349844598 0.07326944198043535
0 0.4105070829220547 0.5041147074831022 0.1078895827126578 0.07484735253201383
9 0.07044943300310798 0.13570925782192061 0.1386301604629167 0.06572995776545087
9 0.3162498147250896 0.4759071365211193 0.08612159057054054 0.042414284130279964
9 0.3566072950803825 0.3999207601704079 0.07347604135632882 0.03856124203690499
1 0.0800512572387103 0.282758563069475 0.054434942927905426 0.03121917889684287
1 0.05424858250776995 0.3321747341443973 0.051018844499482 0.024787168373499213
1 0.11752552440221808 0.4032299577654509 0.044768844499482 0.0244231473268119
0 0.1935377909465533 0.7727072708349259 0.10716183664159917 0.05922235253201382
0 0.3341285576957763 0.7479942391237204 0.08416098428423435 0.06723227360693614
8 0.5283022810217558 0.9520124231410609 0.05785104135632899 0.037651189420186526
8 0.2290685684491433 0.8844484076383938 0.07376713978475227 0.04481124203690499
8 0.2324610880938504 0.9629829313159174 0.06922518899896399 0.04766322625188977
8 0.3606889036430004 0.7832260838338138 0.038518844499481994 0.02405912628012441
8 0.4236233972328596 0.8111760495623596 0.04237159057054054 0.039866136803468066
8 0.1884286058765307 0.8319457629424182 0.058142139784752266 0.04390118942018688
8 0.24618544789481334 0.8533272102551125 0.05130994292790536 0.031037168373499215
8 0.3033600930562491 0.8872086575678069 0.08663101282028159 0.05335178413027961
8 0.25223854880443614 0.807460973409292 0.09317211124870503 0.05996580517696728
0 0.19763447787860272 0.9202193076666288 0.06744436517764645 0.04288472099021767
0 0.240185850914132 0.9148639497317689 0.06090326674922295 0.03627069994353036
4 0.8221166710113958 0.5304383439336344 0.1888527923897861 0.1403351156156063
9 0.8758645632773476 0.4528817623071336 0.08386988585581072 0.06098227360693613
0 0.8134095667920043 0.31372128079357225 0.10690927956950454 0.08725634727034208
0 0.7195715980186479 0.8315465466491748 0.11323205417661039 0.08918286831702957
9 0.761209096156621 0.6271621545134478 0.05428939371369381 0.028094178896842868
9 0.8423863215495153 0.6334569281203841 0.0527996683207995 0.02956567363517095
1 0.841956020268389 0.8277074570595792 0.05785104135632864 0.037651189420186526