9 0.0125 0.19609375 0.02421875 0.06796875
9 0.22734375 0.19765625 0.0375 0.0625
9 0.25 0.27734375 0.0359375 0.059375
0 0.153125 0.0296875 0.06171875 0.059375
0 0.12265625 0.2515625 0.05546875 0.0984375
0 0.10859375 0.075 0.05546875 0.06953125
0 0.0453125 0.22265625 0.0515625 0.06484375
0 0.1203125 0.3765625 0.03046875 0.04609375
0 0.18671875 0.18515625 0.0375 0.0609375
8 0.59296875 0.38984375 0.0484375 0.0203125
0 0.3921875 0.0875 0.05390625 0.078125
0 0.60078125 0.3265625 0.06328125 0.125
0 0.46796875 0.38046875 0.0421875 0.0390625
0 0.38828125 0.27265625 0.0640625 0.09453125
9 0.5375 0.16484375 0.0640625 0.08125
9 0.3234375 0.04296875 0.04609375 0.0828125
9 0.721875 0.09296875 0.0703125 0.07421875
0 0.340625 0.2046875 0.08203125 0.11328125
7 0.928125 0.72734375 0.07578125 0.07265625
7 0.98359375 0.7453125 0.03203125 0.0609375
7 0.89921875 0.64765625 0.08984375 0.0765625
7 0.975 0.6171875 0.0375 0.0421875
7 0.7 0.43984375 0.0921875 0.0796875
7 0.6671875 0.57890625 0.121875 0.1234375
7 0.840625 0.5171875 0.0953125 0.11484375
7 0.81328125 0.43125 0.08359375 0.0625