0 0.7704041782834383 0.989838837833766 0.06511716014423623 0.0203223243324679
6 0.7548324232494452 0.933247814694198 0.07827308320625015 0.13350437061160392
6 0.8648607334699314 0.9029291811098276 0.04280705547083343 0.09516865626060209
6 0.8052331199628133 0.9766493570710597 0.03608427678548622 0.04670128585788049
6 0.8211477542714938 0.9365303655933982 0.02957970364722229 0.06348214664195524
4 0.1372019800514588 0.562150314335303 0.15087412860909732 0.10987105172143127
4 0.38164361749427134 0.6339162200477511 0.06384560087368066 0.05999504809323426
0 0.07159842989895895 0.7284722295815799 0.11141158510611118 0.09131945916315978
0 0.18393934821132024 0.9603348431912435 0.10174564437666671 0.07849207694917482
0 0.6771827086812154 0.1508879875557643 0.08237870174736131 0.11840774881887364
0 0.7949573158231601 0.4485120104212551 0.06962412860909736 0.10703373920022674
9 0.6437526128415278 0.1567461179556509 0.02176720364722229 0.06320932813030114
9 0.7367973640757989 0.3309499989885097 0.04825696846486114 0.06101191106992569
0 0.1748766326931599 0.20204119355406328 0.11239351006798622 0.13350695916315997
0 0.05169174620027787 0.10796875662342195 0.10338349240055573 0.2159375132468439
0 0.6210034842324306 0.05134928982534977 0.021694468464861137 0.06008432813030114
0 0.07344272568305578 0.27109623920022685 0.09942073138263899 0.1127579495445131
0 0.14297462889343776 0.30709079210278445 0.07870818787965286 0.09486112141421188