3 0.51875 0.3515625 0.0890625 0.11875
3 0.7296875 0.53359375 0.065625 0.15
3 0.315625 0.8734375 0.06796875 0.11875
3 0.325 0.44453125 0.06953125 0.19375
3 0.2375 0.36171875 0.046875 0.0828125
9 0.75625 0.25078125 0.0421875 0.075
9 0.334375 0.7078125 0.059375 0.07890625
9 0.42578125 0.828125 0.03359375 0.0828125
9 0.4171875 0.9484375 0.0421875 0.103125
9 0.384375 0.4484375 0.02734375 0.0984375
9 0.48828125 0.2453125 0.0359375 0.07109375
9 0.63046875 0.83984375 0.0359375 0.12265625
9 0.4828125 0.784375 0.0296875 0.075
1 0.44140625 0.45859375 0.0359375 0.08671875
9 0.41875 0.59296875 0.040625 0.0640625
9 0.45 0.3734375 0.04375 0.06640625
3 0.7296875 0.684375 0.03984375 0.07265625
3 0.59921875 0.67890625 0.0921875 0.16484375
8 0.69296875 0.10234375 0.06015625 0.16484375
8 0.66953125 0.26171875 0.059375 0.08828125
8 0.678125 0.65703125 0.0375 0.08125
3 0.4 0.0625 0.0671875 0.0859375
8 0.26640625 0.29921875 0.0578125 0.06875