9 0.5153759894499885 0.2888668840706331 0.10284435633066594 0.0746192866804539
0 0.6688806392051072 0.08983104209099582 0.1684887215897856 0.16598972135581716
0 0.821748720375265 0.2853991754455403 0.11092959172016918 0.09033519334818116
0 0.9623191732973643 0.2901604954646303 0.06707049756436803 0.08357611600890866
0 0.9304304249222174 0.5054582314608124 0.11184898376465036 0.23250451201463562
0 0.8617543372592378 0.4108900714512673 0.016143197240056396 0.02986931333545435
0 0.8808958494341024 0.3439116567870399 0.052053423701106286 0.028724984006999677
0 0.7952623125024715 0.37026452410881316 0.059257997564368024 0.0834852093411814
0 0.5505832378284307 0.554955508076042 0.1413807508107789 0.13443063868554467
8 0.23570866559002185 0.8216590133672712 0.16366485389503396 0.15812267735518085
4 0.26318660349458745 0.6352220740372256 0.08762845941492108 0.09787497334499946
4 0.15812913636902864 0.7894999466899989 0.07030459172016937 0.08986247867599957
4 0.11727190584749392 0.4889635973504083 0.18910123051823943 0.1834135786919079
4 0.24038389772981908 0.3747476507001803 0.09187958279171564 0.07292951734563573
9 0.02810672463597332 0.38942612667090887 0.05621344927194664 0.058539753341817755
0 0.05277738880466063 0.8711033880092268 0.07499209172016938 0.08991702267663584
0 0.11845120739291677 0.9575994166732951 0.0765000446422687 0.08480116665340987
0 0.06270972200341336 0.9729380606699543 0.06345457386326189 0.054123878660091405
0 0.23822791924346984 0.9459323073679077 0.07948867694751698 0.07903406667727211