9 0.4423696372387961 0.5114336552753208 0.08515991316955063 0.1353204293443632
9 0.8009322949980703 0.533051379893414 0.05676212852981451 0.1256181653405452
9 0.224254820070895 0.32093756663750134 0.06026756175762475 0.08504770934118148
9 0.24456497156196305 0.4011972313017287 0.06008570533113407 0.0787977093411815
9 0.8368517599626228 0.37085991522123246 0.056580272103323635 0.11936816534054513
0 0.6825509856812211 0.8962700899109132 0.0970976235152495 0.16982269867918126
0 0.9307812678801817 0.4565150572088239 0.11356972116625172 0.25279883068109027
0 0.6379883626281899 0.4122496259150494 0.08541597743445788 0.19780224801081764
0 0.6133570533113406 0.7743774559198219 0.08525084138279589 0.13844542934436319
0 0.5175454819868044 0.4628865199315941 0.07872805674305994 0.12899770401018137
0 0.09564042359439184 0.1981733233211369 0.11190426959604131 0.14187951201463572
0 0.40341375197855706 0.7572825046149114 0.08880173871722885 0.09943747334499946
0 0.23832436559769077 0.07928586863463785 0.06310305674305985 0.1288158906747269
0 0.6366458568222022 0.15123940058086757 0.04656877461060631 0.09738407733927246
0 0.7375062924907879 0.5556718145687773 0.05667120031656907 0.12249316534054522