9 0.48807073679181234 0.9024247326626134 0.12681813335454456 0.1613433596955513
8 0.5300111467615866 0.6779539732710733 0.03553860534690845 0.10140067391627668
8 0.22008797004295255 0.30758837102707676 0.0661704400063634 0.04954901384016441
8 0.15123633068109027 0.10013796836533842 0.05199885200509069 0.03960101087441492
8 0.022148267345635797 0.08976549555137572 0.040952264003818004 0.029780341901054184
9 0.31111986067790853 0.07017460125541329 0.059829533338636054 0.041481845855386876
9 0.3769914033656804 0.22303300441144325 0.039389764003817974 0.029716674904859807
0 0.22700849001431753 0.09626886904991042 0.05043635200509069 0.03953734387822052
0 0.17777265336568032 0.23115054642622815 0.06626134667409059 0.05736151384016441
0 0.26645389270368014 0.26192836114124507 0.04731135200509069 0.039410009885831696
0 0.12188518535168098 0.13025389129303186 0.06624316534054513 0.05579901384016441
8 0.9120594834102238 0.5295112257053501 0.04478633601209055 0.09084517589344294
8 0.9298400661202673 0.8484694727396006 0.050654528007635945 0.05828734387822045
8 0.801788338796903 0.927159499925638 0.03493862133990895 0.04983817391627667
0 0.8059485801240852 0.8816559989370546 0.0366829346753633 0.06552684091247088
1 0.7177304174490401 0.8235026007239407 0.035102253341817755 0.06390067391627667
0 0.8616123987109979 0.29160931908927906 0.07861589600572713 0.045370849809719616
0 0.6989936727004984 0.2208551031953986 0.0598840773392725 0.0461693458553869
0 0.7692521760423162 0.28052192186474817 0.05835794000636341 0.04923067885919252
1 0.6000476427036802 0.24833545745374241 0.047165901336727246 0.0269100098858317
1 0.8673442307049527 0.24682340110450154 0.047311352005090866 0.039410009885831696
9 0.9015737800365893 0.2329227271882249 0.0315227200031817 0.02471083992388783
0 0.8780448260264079 0.15884589863304358 0.041097714672181596 0.04228034190105419
0 0.9046249600174991 0.0921067261996417 0.056795440006363405 0.0491670118629981