9 0.06511607191472571 0.6691170769491748 0.06986984396167766 0.14280754809323426
9 0.7087033768668227 0.5154886900955022 0.14602955223856356 0.10803573320977691
9 0.8355790581199158 0.633407854793625 0.09134205223856355 0.10612600362819702
9 0.632051182157604 0.11129720869982376 0.057874454997525505 0.09248016587924912
9 0.3709122862960471 0.12096235226173627 0.09373006784239593 0.09217263103285878
0 0.29541548281428803 0.47131452712666 0.12792136137453217 0.1791468413771451
0 0.7949296404344901 0.15455367929572905 0.11732469810012063 0.12574902286549078
0 0.3635668600197951 0.7390228714990299 0.08977955223856364 0.10607143992586625
0 0.4601674638195538 0.9768527097961321 0.09702548620519007 0.04629458040773571
0 0.48286125113165373 0.419159294001701 0.08846935775648745 0.08107143992586625
0 0.5068731247191162 0.7823785458157995 0.06535940637700648 0.08650298439090331
0 0.8978477640219525 0.5205283980775357 0.1248096494796016 0.1197718413771451
0 0.7460717435568803 0.8478671696770823 0.1668267311168073 0.14775299763774719