9 0.496502394956548 0.42734375 0.13815927956950452 0.08125
9 0.5056182599293066 0.78515625 0.12747433664159918 0.053125
9 0.3133946042193917 0.215625 0.0869948858558109 0.05625
9 0.3930628335412273 0.2328125 0.08081766046291676 0.0578125
9 0.3420073701445544 0.82578125 0.12122433664159918 0.053125
0 0.8725596650155399 0.65625 0.1699187018192454 0.0921875
0 0.4245051929324147 0.91640625 0.25807367328319836 0.10625
0 0.3903850198541041 0.62578125 0.20058650496239877 0.0796875
0 0.753741198513986 0.590625 0.14128427956950454 0.08125
0 0.445280189208361 0.50390625 0.1316181811410811 0.075
0 0.1950342100914132 0.08984375 0.14564644789030418 0.1078125
0 0.7439617458661708 0.38125 0.10244010339082213 0.0859375
0 0.07104228432701554 0.2359375 0.13089043507002257 0.059375
0 0.12915642142568068 0.63203125 0.098912688998964 0.04375
0 0.5304770188206469 0.72109375 0.124349336641599 0.053125