1 0.6883015787279353 0.8515625 0.06668866801906326 0.0609375
1 0.6927748445562478 0.79453125 0.057150026785361165 0.0515625
1 0.5994242650109431 0.77265625 0.03225912094116268 0.0578125
1 0.9877927851032593 0.690625 0.024414429793481317 0.0609375
1 0.8476919898471398 0.98671875 0.07077615016215581 0.0265625
0 0.7847556132239343 0.96171875 0.09977390340856669 0.0765625
0 0.7587134902541768 0.8125 0.059230724025417555 0.08125
0 0.7253731103845604 0.7375 0.06698867694751698 0.078125
0 0.7030111408233697 0.66484375 0.09557732710967279 0.1046875
0 0.6549651529982343 0.73203125 0.062410271103318496 0.084375
0 0.8443901172844193 0.66328125 0.08417617694751697 0.078125
0 0.793918558842433 0.72578125 0.07948867694751698 0.078125
0 0.958029877430689 0.6390625 0.05884889448011279 0.059375
0 0.9477799443940921 0.76796875 0.06682503571381489 0.06875
0 0.902186800724758 0.84140625 0.06041139448011279 0.059375
5 0.5180867159044475 0.678125 0.051090941558013546 0.0625
5 0.12815719114768123 0.71796875 0.10174550649282174 0.1
5 0.19428852596799176 0.88125 0.06734323295387137 0.0984375
5 0.22868507101729754 0.79296875 0.08771028003177213 0.1015625
5 0.03677030640680094 0.80859375 0.04664890340856666 0.0765625
5 0.02331573254353904 0.75390625 0.021512535713814958 0.06875
6 0.03114977759284483 0.665625 0.04195349512873603 0.165625
4 0.03613115259119719 0.90625 0.042643241882325156 0.115625
8 0.6833263376596843 0.3875 0.04500458279171564 0.071875
8 0.5957796988616143 0.2953125 0.04157957386326192 0.0546875
8 0.5842052248361966 0.2140625 0.02134889448011279 0.059375
8 0.6207603336024945 0.2046875 0.06397277110331831 0.084375
8 0.5913398405023533 0.13046875 0.0403716298696164 0.075
8 0.6545234533258412 0.30390625 0.05259889448011297 0.059375
8 0.6433853559236289 0.24765625 0.03215002678536116 0.0515625
8 0.7107092236183806 0.25546875 0.06671594155801372 0.0625
0 0.8208557909888207 0.21015625 0.054270488635914306 0.065625