9 0.57265625 0.51640625 0.08203125 0.134375
9 0.21484375 0.5421875 0.05390625 0.12578125
9 0.784375 0.3234375 0.05703125 0.08359375
9 0.7671875 0.40390625 0.0578125 0.078125
9 0.17421875 0.38046875 0.05234375 0.11953125
3 0.34375 0.903125 0.09140625 0.16640625
3 0.08359375 0.4671875 0.10625 0.25234375
3 0.37421875 0.41953125 0.0796875 0.19765625
0 0.409375 0.78125 0.08203125 0.1375
0 0.49609375 0.46875 0.07578125 0.12890625
0 0.91015625 0.19921875 0.1078125 0.140625
0 0.61875 0.76171875 0.0859375 0.0984375
0 0.7640625 0.08203125 0.06015625 0.12890625
0 0.36796875 0.15859375 0.04375 0.09609375
0 0.27890625 0.5640625 0.05390625 0.12265625