9 0.5951799908992628 0.45358210764494594 0.08750861621110388 0.13863313206674716
9 0.23616670988201624 0.44655301616965914 0.058946968568468525 0.12778416327441153
9 0.8158864048768363 0.6354551481248645 0.06017982878371626 0.08732293758467122
9 0.7949510126108846 0.5558871568312919 0.061451230355292805 0.0811548247398008
9 0.20307388171747248 0.6104008322030327 0.05865587014004516 0.12153416327441172
3 0.3482620256405632 0.08202352668510869 0.09833910835322088 0.16404705337021738
3 0.10840989102309737 0.5284315372005584 0.11803948635114891 0.25869332654882304
3 0.40125451653982597 0.5608567763464244 0.08885710049533806 0.20105124491161738
0 0.41956344499482007 0.197295565356005 0.08765416542531543 0.1417581320667471
0 0.5208371164159915 0.5052508282463037 0.08096751778268044 0.13205558344622795
0 0.9451360644109942 0.7530819821369195 0.10972787117801168 0.14627521370395283
0 0.6298481275836433 0.20585393656861822 0.09052230024766902 0.10294129353213641
0 0.8068175816746912 0.8779259311415512 0.06534251778268044 0.13123671189493039
0 0.40715787592650415 0.8221218249669434 0.048262025640563165 0.09916784034363317
0 0.2992103653825342 0.42132064280933934 0.05880141935425689 0.12465916327441154