0 0.4197129807226281 0.10372702289474658 0.03758752471457925 0.11814224623907629
6 0.36757481916364115 0.07796249326957543 0.13047536167271767 0.1380121285298145
6 0.3249231096583703 0.2800872829238764 0.08743101581733077 0.07745506175762476
6 0.4046981343729496 0.16508206004176515 0.061921679847775656 0.0642276360516619
6 0.35951562695857586 0.19896531505633006 0.05522601087441492 0.05310827962517113
0 0.01565025663575538 0.7766678000791423 0.03130051327151076 0.09864810015828454
6 0.2874683057434062 0.9244239958101115 0.19861786661563352 0.15115200837977696
9 0.5576374505708414 0.25087847070403324 0.10044035178688589 0.09031877461060622
0 0.6992984381763705 0.7094447916328581 0.12633168973360753 0.11292120031656908
8 0.8246777815602995 0.6653802060560499 0.06297484387822046 0.051773100158284534
8 0.6740000078343032 0.7736293120868292 0.07904551285158128 0.06316524122451135
8 0.7795536239556453 0.6210475328573695 0.0936173488211363 0.07607441818411545