1 0.6573173726573197 0.36975293096298145 0.07093227711788863 0.07900423151356133
1 0.6639334340192331 0.3022847099021766 0.06128449247815269 0.06908319994353027
1 0.5652997057268454 0.263003131047686 0.0380288489046432 0.07396812101845249
1 0.9845515020783175 0.21427355959159305 0.030896995843365006 0.07700211575678066
1 0.8193269423325032 0.5499927097610022 0.07903428213245363 0.03580026308359248
0 0.7550682140401157 0.5127132466632924 0.11072220282385156 0.10627936305535765
0 0.734192109725196 0.33133444404657386 0.06844377461060631 0.10069722099021768
0 0.7010182453811465 0.23659109144397283 0.07625627461060631 0.1011522472985769
0 0.680480773356965 0.14726328093474655 0.10841555674305994 0.13422235253201387
0 0.626503978688099 0.22211209151456002 0.07170516693047428 0.10556673151356133
0 0.8307080938900784 0.16381228605524406 0.09339831050398359 0.10059080517696724
0 0.7757454607414104 0.23158434400422162 0.08723923871722902 0.10335178413027979
0 0.9550488643440496 0.14843645698899202 0.0645913489046432 0.07551521046687397
0 0.937674810899695 0.30184988332558615 0.07433006175762458 0.08856124203690507
0 0.8862463547106311 0.38386645179790735 0.06468227711788863 0.07864021046687401
9 0.1817286877801568 0.2414425893072471 0.07745506175762476 0.08874325256024873
0 0.06295360721791354 0.3140771815276788 0.06233016693047429 0.10502069994353028
1 0.8390042595004044 0.7437805071160489 0.03252299498543536 0.04557010523343692
1 0.7970561033904829 0.8567663545275653 0.038772994985435 0.04593412628012459
1 0.9312599556603385 0.751493567554688 0.0423071719450391 0.060178636803468064
1 0.7846289965682807 0.697717578219206 0.03900031551854859 0.05374662628012441
1 0.8436810508040582 0.8509027623777208 0.03569345909205772 0.047314615756780753
1 0.8290572949980703 0.5895557387001974 0.03569345909205772 0.047314615756780753
1 0.9085833221159589 0.669060499152954 0.07446645407749272 0.09324874203690499
8 0.1940364034696251 0.8520615708913957 0.10721676959604128 0.1466313472703419