3 0.539226183876166 0.32740133044085534 0.09597889988706054 0.12289815260503385
3 0.7607657968609365 0.4996080084815645 0.07436150512049763 0.1530565334984459
3 0.3664969412745636 0.8587370293646168 0.07566639988706055 0.12195208271265763
3 0.3508909969456411 0.4293941317219817 0.08003465244730927 0.19695208271265763
3 0.25856771807703305 0.35065700971990965 0.05169827886860805 0.08499573821317571
9 0.7708563444983317 0.21555834016076503 0.04655575256024882 0.07696491439185812
9 0.3756003835373476 0.6922387340793466 0.06392526308359248 0.08089043507002262
9 0.47401403868607994 0.8082939195636538 0.03919827886860787 0.08441354135632864
9 0.4724276938348124 0.9290066799027361 0.04819384727034191 0.10508991439185814
9 0.41049351009982066 0.43053494665195907 0.03385833148532651 0.09974744292790554
9 0.5025690760824804 0.22257043527941955 0.04012374203690498 0.07354881596343477
9 0.6793840781486189 0.8104791960327866 0.0430359104104042 0.12354881596343467
9 0.5284971413592683 0.7618876464042901 0.03405575256024882 0.07638271753501122
1 0.4681162943006877 0.4380349234925953 0.041033794653623445 0.08917381596343468
9 0.45328649680446664 0.5734651552956302 0.044356215728545936 0.06595463978475227
9 0.4717502575395719 0.3524784131535131 0.04757222099021767 0.067662688998964
3 0.7695478046122698 0.6503892584815646 0.04481124203690499 0.07376713978475227
3 0.6387605361964184 0.6509971881749037 0.1018340577372161 0.16991870181924557
8 0.698929594639506 0.07714990829355824 0.0705840577372161 0.15429981658711647
8 0.6847746313300347 0.2305348308551401 0.06447129465362345 0.09026543507002263
8 0.7163927125330125 0.6254470705160579 0.042232273606936134 0.08299659057054072
3 0.4036402104668739 0.04420155231683822 0.0721927893919517 0.08840310463367644
8 0.2838337576101591 0.2868106794884513 0.06181673151356133 0.07144266046291677