9 0.07155996271729612 0.7480413523294207 0.10193520472226432 0.06938516508343398
9 0.1726674238824681 0.5301777436684219 0.09089771077238855 0.05162445499752551
9 0.08413618900777863 0.49183561793325287 0.08462953005422931 0.04817190637700648
0 0.15981744505790282 0.47067659090945996 0.1783431686179108 0.046835135684791675
0 0.06611341773414806 0.61781826379481 0.1254090661585828 0.07686347241038013
0 0.26100373691779294 0.6693420629811558 0.08319429508134402 0.0699650192218769
0 0.061108276047208546 0.697792368837764 0.09565793364502548 0.06437011646291495
0 0.20937812528508273 0.7955227826780026 0.0816136143631847 0.06675813206674715
0 0.17134127321853818 0.5708846308235517 0.08777271077238855 0.05146068068726599
1 0.6136025378528693 0.8290424530769617 0.0830943011314682 0.0527775192218769
1 0.9788913836333049 0.5097170844663402 0.04221723273339038 0.06018722749876275
0 0.9301895532727673 0.5748784170080572 0.1253545240041049 0.06748847241038014