9 0.4988006287965286 0.921875 0.12863675911805572 0.15625
8 0.5381494970532993 0.69921875 0.036702525835555735 0.1
8 0.22377068721406274 0.31640625 0.06671602773541671 0.046875
8 0.15247299620027785 0.10625 0.052435322188333355 0.0375
8 0.023203070288472297 0.090625 0.04127961664125002 0.028125
9 0.3120837323325695 0.0828125 0.06028418977951393 0.0390625
9 0.3797648076550349 0.23828125 0.039717116641249994 0.028125
0 0.2282360624046876 0.10546875 0.050872822188333444 0.0375
0 0.18054605765503492 0.23828125 0.0668978656913195 0.0546875
0 0.26962739466100716 0.27265625 0.04774782218833336 0.0375
0 0.12345829663711819 0.13515625 0.06686149810013893 0.053125
8 0.9186520018029519 0.56640625 0.045822952697291794 0.0890625
8 0.9401516741993758 0.8859375 0.05130923328249999 0.05625
8 0.8129547009848619 0.959375 0.03550239532659738 0.0484375
0 0.8165875408406258 0.9140625 0.03742857123840295 0.0640625
1 0.7276510209889937 0.85234375 0.03582970364722229 0.0625
0 0.8654133265567363 0.3265625 0.07910692496187507 0.0421875
0 0.7018943807932988 0.24921875 0.06039329255305557 0.04375
0 0.7728803344405211 0.31171875 0.05890352773541672 0.046875
1 0.6032211446610072 0.27265625 0.04745688145888884 0.025
1 0.8706268502080906 0.28203125 0.04774782218833309 0.0375
9 0.9047109094786461 0.26953125 0.031795513867708534 0.0234375
0 0.8803090151019793 0.19453125 0.041570557370694414 0.040625
0 0.9061253262723958 0.12890625 0.057341027735416716 0.046875