9 0.57265625 0.5202912299464761 0.08125 0.13958173658176473
9 0.21484375 0.4715803130767816 0.0546875 0.1285045342377263
9 0.784375 0.7268275339239592 0.05625 0.08797966378737562
9 0.7671875 0.6452573588778167 0.0578125 0.08182979333702498
9 0.17421875 0.6306956947858993 0.053125 0.12215440468807692
0 0.34375 0.11890350092285065 0.090625 0.17143251387966058
0 0.08359375 0.5381694309062387 0.10625 0.25993380937615385
0 0.37421875 0.6044497771410124 0.0796875 0.20198160703211537
0 0.409375 0.24498394200812212 0.0828125 0.14280686613141408
0 0.49609375 0.5630411320136595 0.075 0.13293121838316752
0 0.91015625 0.8591067126707296 0.1078125 0.1475339389258032
0 0.61875 0.2779325516611312 0.0859375 0.10394462523071261
0 0.7640625 0.9504585367801781 0.0609375 0.09908292643964386
0 0.36796875 0.8649867589424151 0.04375 0.09967862739018116
0 0.27890625 0.45381062461240385 0.053125 0.1252794046880769