9 0.3815045386696362 0.011987206972129539 0.14582157733927242 0.023974413944259077
9 0.2561725627386785 0.5144480220561085 0.11388178134945379 0.12595932757475126
9 0.37988333008431424 0.5972128524086369 0.1100477093411815 0.06482156847545255
0 0.19374255136058965 0.18851538016795816 0.18403064934754482 0.11640265730897052
0 0.46387378536758933 0.22280553285345026 0.10864884134309047 0.0787839389258032
0 0.15018455004772507 0.34220038710778844 0.08521134134309047 0.07728199568106335
0 0.513629432049634 0.3329827668143213 0.08811816534054522 0.05873225478036197
0 0.5642759640754056 0.5197225007751923 0.10468859468490824 0.14098355027685514
7 0.10186906011294936 0.82612360657069 0.13048747867599958 0.07706075262089343
7 0.1573389047978576 0.9570441371077884 0.07863407733927245 0.04875647748246621
7 0.23924069609322302 0.6718995766519005 0.0958215773392725 0.049857902528608736
7 0.21048153878894893 0.8879646676448868 0.08034202800763604 0.06135660703211556
0 0.2707196047899034 0.8911409299833881 0.07378294533736343 0.03439358883351815
0 0.22490657077494958 0.7838383721483936 0.07227498933799978 0.0389809592838688
0 0.22402587078290376 0.8425322516980429 0.07870680267345423 0.05500647748246621
9 0.720728148114222 0.7958473049095589 0.06482611600890867 0.06973031153562204
9 0.8428924074235867 0.6113245057124379 0.04251476400381797 0.03082849784053181
8 0.8904219354312228 0.6645706192229582 0.04111589600572714 0.044790868290882455
8 0.7323752674649484 0.9233214628368384 0.05356135200509069 0.04090440468807692
8 0.9615987627108389 0.6021020951642648 0.07680247457832223 0.030006477482466033
9 0.8800207847708134 0.7113652760705035 0.029960220003181704 0.02533996144333699
9 0.8610253367679498 0.6914730806662954 0.036282945337363516 0.0319904796419344