1 0.5224429792971282 0.7098424554025877 0.08066934740221221 0.05717724801081765
1 0.604928196829724 0.6920560660804963 0.06956820616851012 0.04767497867599957
1 0.5742764403369023 0.5917197114099055 0.08793637662320535 0.026018154678545003
1 0.9451749159838778 0.9428400527927667 0.08363070616851012 0.04783861067790838
1 0.41202149674699856 0.9171089680537701 0.06679776217486459 0.06795111600890849
0 0.41859305072475805 0.8461061247214975 0.12181254464226879 0.08733746268299925
0 0.6225481193130141 0.7617782200827234 0.11948638555165907 0.0435692813494537
0 0.7073946777550006 0.7002781934277229 0.11342730032431163 0.05443405601527207
0 0.7940082877391145 0.6505150981062678 0.14511367694751698 0.07979768268618095
0 0.6702707788106608 0.6318912727561777 0.12113070616851011 0.048274962682999245
0 0.8837992650109431 0.7827832527848126 0.09971935633066593 0.07458292401336308
0 0.7662435722351135 0.7603259027689043 0.10432503571381488 0.06994996801399936
0 0.976127492286067 0.8815849267981758 0.04774501542786602 0.050727253341817755
0 0.8010703599775233 0.920854870106586 0.09157957386326174 0.05574201734563573
0 0.6696158084353959 0.9076088880887687 0.08215002678536117 0.05250792934436319
4 0.3791904423687925 0.19968511071767944 0.07449325973923263 0.15083634134309049
9 0.5128290568171334 0.15906120540258772 0.06350912094116268 0.0585397533418178
9 0.5792528977265239 0.11609300274504183 0.06030230032431163 0.05381589067472694
0 0.6416825340889618 0.2917838934197688 0.1656637305182393 0.1831408586887262
4 0.7969405986167329 0.5052662327736769 0.11750687418757337 0.10915791868236298
1 0.1461783084353958 0.9015181413510447 0.06611592370110611 0.028888616008908484
1 0.20932891923028868 0.9828766820098632 0.09437729139585782 0.03424663598027351
1 0.2939436525911972 0.9094862773710892 0.07935230925276526 0.07122156667727211
1 0.31347312824146795 0.7753658160407253 0.08208757142762994 0.13842724801081766
1 0.12889180234961115 0.6271539406826812 0.05876707386326192 0.055360209341181486
1 0.19048564163414855 0.7997107406906353 0.07258411201270883 0.04146134134309047
8 0.26277055559931733 0.19754935136854385 0.1636103068171333 0.15499767735518083
4 0.32174218100470675 0.2646283107097253 0.046348894480112965 0.059902258672817864
0 0.29918316274076223 0.40418115937299814 0.09802048863591431 0.06675224267981754
0 0.15100871550070574 0.3727755233529536 0.13546594155801364 0.06406359468490823
0 0.1583769305976697 0.43691074868713536 0.09160684740221225 0.05730451734563573
0 0.1166864882288772 0.24115280601527203 0.09500458279171564 0.07296588001272672