0 0.972994013180403 0.7419702303956991 0.04568520472226432 0.06432612041330898
6 0.9082320764121196 0.7282849802975033 0.14106133723582132 0.07581813231716553
6 0.8685241609174665 0.8394497392744936 0.09398634933607006 0.041170421544777014
6 0.9587269801011115 0.7772082936274156 0.07363748789975162 0.03480224687674216
6 0.9039394861512356 0.7947139561952022 0.06266362646343282 0.028488614363184794
4 0.5570898164531704 0.12097349180857649 0.10554199375348397 0.14748405405833437
4 0.6189575156162899 0.3635740822658519 0.058176114363184796 0.06283634328594587
0 0.7262443374322134 0.052701256541103525 0.0881363251355733 0.10540251308220705
0 0.9537466478352595 0.15616454060235357 0.07558178298109582 0.10043633723582168
0 0.12342126005714496 0.6734778857350111 0.11608860831306052 0.08036018657189174
0 0.4165258445624921 0.782706398228043 0.10507838544042354 0.06779655405833437
9 0.13064795277735672 0.6398432291191529 0.06261817466803503 0.020676114363184794
9 0.3012235523098185 0.7279103347999347 0.05964771077238851 0.04722043364502539
0 0.19510290086032167 0.16917165993550798 0.12876132513557326 0.11012040944452864
0 0.1062477274102301 0.048828125 0.2124954548204602 0.09765625
0 0.027912607389704643 0.6201397831774873 0.055825214779409285 0.020657933645025394
0 0.26835911455957645 0.06562395823830575 0.10993860226293624 0.09751132513557323
0 0.30155288876007325 0.13417851551809395 0.09262383723582168 0.07553633118569744