4 0.2473602924490653 0.18230337730942675 0.1068419151018694 0.3646067546188535
5 0.5096653706097006 0.06953096918769461 0.0879545179539809 0.08067098997087015
5 0.6480455727978822 0.31702443164496463 0.0910795179539809 0.08076191818411545
5 0.7382847534178456 0.2464414955141605 0.08159543364502539 0.06173913354437941
8 0.5220825156162898 0.3519342922280905 0.08166815651766246 0.07423913354437942
9 0.27920310656454467 0.7464357646479833 0.03160452400410509 0.06184678213245363
0 0.12320204967753987 0.9767179612036289 0.04709316861791084 0.03886392319868044
0 0.03958557377984083 0.9830565409079423 0.06424430718159235 0.03311402837152997
0 0.1767497513747421 0.9025159315784578 0.04418633723582168 0.07627299498543536
0 0.12995656460645866 0.889817354777138 0.03320338544042354 0.06814224623907635
0 0.032131953897104326 0.8450935396543009 0.06426390779420865 0.15200042069139813
0 0.2540844110156625 0.901827958300635 0.04416815651766246 0.07314799498543537
0 0.07069064891541407 0.8727949908288 0.048873837235821636 0.07640938730530315
0 0.13769686261466885 0.767737766297336 0.0628636143631847 0.06431856426490726
0 0.21005767594458127 0.8164049353393814 0.04901928298109555 0.10140938730530316
9 0.6612621485226307 0.5962800226320492 0.0392443071815924 0.03238660266556703
9 0.9321462993829522 0.7586817680797027 0.05339771077238851 0.04842077962517113
9 0.7012366669675908 0.8411689738065482 0.0519261143631848 0.0640003155185486
9 0.597303145890352 0.8488798368969566 0.04090680113146803 0.04961956677218993
0 0.5124377873808997 0.8013576307078927 0.09106133723582169 0.07763691818411544