9 0.2592917561266305 0.928476007306896 0.0652442866804539 0.10268071509696383
9 0.4706008787794039 0.8224230560096497 0.04792951734563573 0.09144320616851012
9 0.5145968741247214 0.9099542836885153 0.04473179201145392 0.08513865909060954
0 0.5309025794477675 0.8338730247600615 0.03957267202418073 0.17877956493480837
0 0.3898150501272669 0.9308861668045425 0.07176700668363552 0.12622730925276535
0 0.325832724100859 0.7374322215930811 0.06658861067790856 0.0839579886359143
0 0.31019118479467594 0.9377458672910098 0.060484061346272176 0.09634889448011279
0 0.2030042987746314 0.7919305811701578 0.0634454293443631 0.08234094155801372
0 0.4299940601129494 0.8246946680223586 0.047893154678545005 0.08831820616851012
1 0.14361692405313392 0.38897890503341975 0.049401110677908554 0.08365797970746058
1 0.4393261293364089 0.019076598012767877 0.05833975867281786 0.038153196025535754
0 0.3774170226766359 0.06686457711296807 0.060829506683635515 0.12603639448011292