4 0.5712548060030592 0.4688006057981344 0.12024213636243815 0.18182539462538863
9 0.6443826144450455 0.40197785586872153 0.05289890340856651 0.07956567363517095
0 0.786552523535655 0.43749187968741915 0.07669095941492117 0.10124325256024883
8 0.7711356237772411 0.7191436980891532 0.0777352621748646 0.07164675782192056
4 0.9288328956913384 0.9273671798144761 0.09599433847375849 0.04461382096198285
8 0.20897654301412033 0.7714368422910189 0.06929547077900677 0.03525423151356151
8 0.190805015821722 0.8952761606927527 0.037881829545304765 0.024059126280124587
8 0.26307548213650195 0.9137461686558478 0.039498876623205434 0.027275131541796328
8 0.28215276460390604 0.9314041055157857 0.028561376623205438 0.02663809471009344
0 0.22593399228277167 0.8916660423051364 0.04574887662320544 0.02763915258848364
9 0.11428342613014753 0.9020791685146735 0.03637387662320544 0.027093121018452494
8 0.10704585023829075 0.7562584342996891 0.042514782467404054 0.021207142065139982
8 0.24183390746246114 0.7272927291650741 0.08475682954530477 0.02678928413027979