1 0.7192621472390497 0.6606546703922234 0.1107567813494537 0.12384422249741008
1 0.5907644299013681 0.6986534381749037 0.09805678668045399 0.10607452564056316
1 0.6107480238701878 0.9272857063718687 0.12868862133990877 0.054405017782680434
1 0.13688128731700075 0.11387194727113162 0.11987724267981759 0.10240587014004517
1 0.9378523466343196 0.19447093652227385 0.08762836401972648 0.14931510339082216
0 0.9094262599459115 0.35586435484307344 0.167752216024817 0.19052660835322088
0 0.5809001759230036 0.5398242477281976 0.1728204293443632 0.08925520678164425
0 0.4371945345719589 0.6769154869748306 0.1605931493475447 0.11211050992479735
0 0.29460649789150495 0.7850640889179108 0.2065419960216354 0.1689084735308672
0 0.4767735605506417 0.8320182098865254 0.176018154678545 0.09565075599585597
0 0.19039390193350308 0.48071053680821485 0.13619313335454447 0.1625086162111037
0 0.3630859672581398 0.5366950554194647 0.1469670013526355 0.14895553846084475
0 0.05505003198600065 0.25433858953708327 0.1101000639720013 0.10665672249740998
0 0.349398921308092 0.16956321340118208 0.1294704186823629 0.12159251778268029
0 0.5449654126352742 0.20574250020939697 0.1137181493475449 0.10992727171162171