9 0.0125 0.8041971907294444 0.025 0.06933188145888884
9 0.22734375 0.807635234516771 0.0375 0.06337282218833344
9 0.25 0.7284750645888891 0.0359375 0.06021145459715278
0 0.153125 0.9717308360560416 0.0625 0.05653832788791675
0 0.12265625 0.7512923559076737 0.05625 0.09974673328249999
0 0.10859375 0.9275275475870487 0.05625 0.0700592332825
0 0.0453125 0.7783984101442363 0.0515625 0.06682513050895836
0 0.1203125 0.6262378045209028 0.03125 0.047602351823611146
0 0.18671875 0.8191896771460765 0.0375 0.06181032218833345
8 0.59296875 0.6239577508530213 0.0484375 0.0214398953265972
0 0.3921875 0.9216282653863198 0.053125 0.07936149810013901
0 0.60078125 0.6874208388089241 0.0625 0.12645470364722228
0 0.46796875 0.6304233435585769 0.0421875 0.04004442496187508
0 0.38828125 0.7363810964083684 0.0640625 0.09524107123840278
9 0.5375 0.8476667013661116 0.0640625 0.08274107123840295
9 0.3234375 0.9613037887533334 0.046875 0.07739242249333315
9 0.721875 0.9238330771254173 0.0703125 0.0766365416031249
0 0.340625 0.8032406348773614 0.08125 0.11439111474138883
7 0.928125 0.2942585991612508 0.075 0.07362064437666671
7 0.98359375 0.27758089864816055 0.03125 0.061664851823611144
7 0.89921875 0.37327329872441045 0.090625 0.07867182028847228
7 0.975 0.4055058768966674 0.0375 0.043060322188333444
7 0.7 0.5764489308488894 0.0921875 0.08183318787965277
7 0.6671875 0.4366227114340978 0.121875 0.12627417211208342
7 0.840625 0.5023782640551395 0.0953125 0.11784342306201409
7 0.81328125 0.5876793312094799 0.084375 0.06446384992375016