8 0.556898277711987 0.6467763993546722 0.05734592721213971 0.09155230032431164
0 0.4809393992997742 0.5848724630716643 0.07969180810555195 0.06852390340856669
0 0.47579382692619865 0.6450696233800899 0.06831766046291676 0.0589579886359143
0 0.6392035095150218 0.6227019253292545 0.04426373035529281 0.07883411201270896
6 0.19565483250776994 0.8244430722417041 0.3913096650155399 0.35111385551659174
5 0.495618561001036 0.03964533238797383 0.05876287799792799 0.07929066477594766
5 0.8598565353604728 0.1255018226520365 0.07980743217453856 0.17156708279171565
0 0.10315480934840615 0.38304255073134863 0.10048380521006775 0.17973413879807013
0 0.21589886600621594 0.2585180633132504 0.15223470388616017 0.2852398449665802
0 0.11771392307831055 0.28833402272817144 0.004978598428423453 0.006331820616851047
0 0.14093740736254481 0.225479466721817 0.07900691149637407 0.15437958279171565
0 0.198370955957584 0.46724818100800203 0.1364213052100677 0.18036143019392803
9 0.32678286207727447 0.24097027881725142 0.05549232878371626 0.08527502678536117
0 0.11049869830458892 0.04100505519557553 0.06897263192686945 0.07302048863591429
0 0.10829403536047284 0.13862039488715 0.05283820967712845 0.06181025324641087