1 0.36423289469413656 0.9030306848651348 0.12660326708875883 0.16817641935425698
1 0.21660172525637975 0.8301112233259795 0.046432382290738164 0.09422518899896418
1 0.22811823528550965 0.7419562518620268 0.04436977711788863 0.07696491439185812
1 0.24133363763450752 0.6584160057909683 0.039636813011266 0.07518409057054072
1 0.14298105416927037 0.6121467814315315 0.076012233702664 0.14553513192686934
1 0.16263667313217342 0.5079665496284964 0.05429034639736088 0.09615156203449331
1 0.2081333780675961 0.4315281741117678 0.070188131037097 0.10625430810555195
1 0.33483358504808275 0.6454557793646168 0.08602373119538154 0.16784677956950453
1 0.381127226510021 0.8114960022763116 0.06622805674305976 0.13103598428423419
1 0.3247024156103261 0.5661321524001461 0.11346676959604132 0.14571922249741007
1 0.2790141794003796 0.44778456679200423 0.052727846397360875 0.09607878742738744
1 0.24793532713052396 0.5626668581483332 0.03950042069139794 0.07049659057054054
1 0.1978898630239013 0.5634331455757206 0.03481292069139794 0.07027826674922295
1 0.2569144881885035 0.8712606081483332 0.04767663354437941 0.08336046360606986
1 0.3012411497087014 0.8621552818458162 0.053000631037097 0.10545378742738762
1 0.434159983636157 0.590761817206289 0.03646634890464338 0.07347604135632899
4 0.6914389377136498 0.6679620562480343 0.12549540815498564 0.18372864474715095
9 0.7647340337152992 0.6058751251069531 0.055398205331134064 0.08059933664159899
0 0.9045837953937816 0.6533408223780848 0.07790970282385175 0.10349318114108108
8 0.32710572077054023 0.08411801902553459 0.07084134890464337 0.07507708271265771
8 0.26916518863808664 0.055524292184898384 0.040471887305303156 0.05025686517764645
0 0.27170883010002483 0.22360220409555714 0.034903848904643375 0.07340326674922296
0 0.25312866316955057 0.12276745016661575 0.07455738229073816 0.09553513192686944
9 0.8203652904457238 0.23246970430495412 0.09118259263643722 0.13063787799792798