1 0.1171875 0.48359375 0.234375 0.1703125
1 0.2109375 0.2515625 0.24296875 0.184375
8 0.5015625 0.10625 0.14296875 0.14296875
8 0.71171875 0.4671875 0.1 0.11484375
4 0.85078125 0.33671875 0.125 0.12265625
0 0.93359375 0.12265625 0.1328125 0.1203125
0 0.71796875 0.22109375 0.20625 0.16953125
0 0.87109375 0.44375 0.14296875 0.128125
0 0.8296875 0.521875 0.11015625 0.0828125
0 0.60859375 0.38515625 0.07890625 0.09765625
7 0.384375 0.02578125 0.059375 0.05078125
4 0.2265625 0.88046875 0.06171875 0.08671875
4 0.203125 0.76953125 0.040625 0.06796875
4 0.0734375 0.8453125 0.0328125 0.0546875
9 0.0078125 0.85859375 0.015625 0.0453125
8 0.246875 0.8359375 0.0484375 0.065625
1 0.8046875 0.6515625 0.16796875 0.10546875
1 0.71171875 0.73125 0.1328125 0.06015625
1 0.64140625 0.78359375 0.18515625 0.071875
1 0.57890625 0.89296875 0.07890625 0.03984375
1 0.503125 0.940625 0.08671875 0.0453125