1 0.3375 0.07238853485603508 0.121875 0.14477706971207016
1 0.1921875 0.14862156539313348 0.04375 0.09499112739018098
1 0.20625 0.23522039944628964 0.040625 0.07760336829088228
1 0.221875 0.31703160394979635 0.0375 0.07584060919158375
1 0.125 0.3740208860280543 0.071875 0.1467934592838688
1 0.14765625 0.4756940075581392 0.0515625 0.09705427513842757
1 0.1953125 0.5468588062938349 0.065625 0.10733044108527139
1 0.315625 0.31961758097083715 0.08125 0.16926923658176465
1 0.35703125 0.1489953979051301 0.0625 0.13213018198597287
1 0.3078125 0.3998057287190837 0.109375 0.14763406847545246
1 0.265625 0.5228217265596153 0.05 0.09695414558877821
1 0.23125 0.41174332665190044 0.0375 0.07115310919158375
1 0.18125 0.41650997224067876 0.0328125 0.0708527205426357
1 0.23125 0.10314957665190047 0.0453125 0.0841537569398303
1 0.27578125 0.10732713448689482 0.05 0.1063291455887783
1 0.41640625 0.363159225018456 0.034375 0.07407785009228504
4 0.67109375 0.25777560842561653 0.1203125 0.18583497532299767
9 0.74609375 0.3115631400424491 0.053125 0.08152940468807693
0 0.884375 0.24879542489848422 0.075 0.10480621838316742
8 0.32421875 0.8800043684477659 0.06875 0.07628070018457009
8 0.2671875 0.914909097009966 0.0390625 0.0509407387412331
0 0.26484375 0.7470905413344401 0.0328125 0.0739777205426357
0 0.24921875 0.8496543368309333 0.071875 0.0967934592838688
9 0.8125 0.677620134182353 0.0875 0.13216975478036197