1 0.54296875 0.17578125 0.08203125 0.06953125
1 0.45625 0.11484375 0.0921875 0.05625
1 0.2265625 0.27578125 0.2203125 0.1015625
1 0.3046875 0.41015625 0.22578125 0.109375
1 0.60234375 0.3296875 0.11328125 0.06796875
1 0.44375 0.271875 0.1265625 0.071875
1 0.6171875 0.25078125 0.08359375 0.07734375
0 0.48046875 0.7671875 0.09375 0.1296875
0 0.26796875 0.88046875 0.08125 0.11640625
0 0.140625 0.8015625 0.0796875 0.10703125
7 0.1203125 0.9640625 0.078125 0.071875
9 0.6765625 0.78515625 0.03515625 0.1015625
8 0.96171875 0.88046875 0.05859375 0.090625
8 0.89140625 0.82265625 0.059375 0.07734375
8 0.91015625 0.959375 0.034375 0.0640625
8 0.87265625 0.93046875 0.04375 0.0625