1 0.45703125 0.1518292571245476 0.08125 0.0730081320667471
1 0.54375 0.08634702001484636 0.0921875 0.06108134215265535
1 0.7734375 0.23524710821077283 0.2203125 0.113108588873295
1 0.6953125 0.3737164659672604 0.225 0.12116675033868426
1 0.39765625 0.3088472190194781 0.1125 0.0746458751693421
1 0.55625 0.24272317277380834 0.1265625 0.0785078595655099
1 0.3828125 0.2307188969932108 0.084375 0.08254690637700657
0 0.51953125 0.7399600209193575 0.09375 0.13460072930778502
0 0.73203125 0.8421046178217113 0.08125 0.11988313206674697
0 0.859375 0.7565245646786364 0.0796875 0.11042624491161739
7 0.8796875 0.9179600316619496 0.078125 0.07596935775648746
9 0.3234375 0.7682056088881414 0.034375 0.10336401741285464
8 0.03828125 0.878462514699321 0.059375 0.09373671189493038
8 0.10859375 0.8169650927184822 0.059375 0.08123671189493073
8 0.08984375 0.9546664885800393 0.034375 0.06586401741285464
8 0.12734375 0.9237949468569251 0.04375 0.06479284034363317