1 0.7909536728213233 0.7168122489370548 0.11617042154477701 0.09846135771838505
1 0.7289167602535367 0.7740145952867332 0.07703519867214012 0.08436968281352505
1 0.6899900947588838 0.8865119366934959 0.09574883723582168 0.07888368676785759
1 0.799079269328723 0.7969308304579856 0.09737496974937905 0.08988485376405216
9 0.7693821580887963 0.9340461698875817 0.08005111436318461 0.06574701680591417
7 0.6984258052366847 0.6448191852106211 0.09111587939029935 0.08806768577927464
1 0.8573210997288534 0.18376498559118187 0.07858860831306061 0.08287084980971957
1 0.5959659640920382 0.13192920745374245 0.1508363130353249 0.14986203163466155
1 0.8609000968019874 0.23985581810069592 0.09118860226293606 0.10056768577927463
1 0.7953750907518631 0.22534233194086034 0.06126475292686635 0.05873301285158128
1 0.7941302324388025 0.3050616654389575 0.03769089754067192 0.03434050790866543
1 0.7781961602300955 0.35882333540090144 0.07861587939029935 0.08755834980971952
1 0.8502302415139888 0.32855090357595945 0.08646474082661797 0.0941266847906915
1 0.8185626058771736 0.2673560769979445 0.08172269867214013 0.08456068380210838
1 0.7636347322424109 0.17664750536284538 0.10681360226293624 0.10120435574121864
1 0.6904653978352595 0.13354610418398177 0.10056360226293641 0.10094968775644104
1 0.8247302717646099 0.4155070755150697 0.08484769867214012 0.08468801779449713
1 0.2582366215916593 0.7221164446393422 0.10049996974937896 0.09001218775644108
1 0.38236446800086316 0.7326799184418882 0.08806360226293623 0.10044035178688589
1 0.45289968179831375 0.6915336536131405 0.06122839149054773 0.05248301285158128
1 0.3585224470218201 0.803166173384804 0.06279089149054773 0.05254667984777548
1 0.36593951640185673 0.8708165884038319 0.05346134328594587 0.05997717787060921
1 0.3041525887087596 0.8850501847535105 0.05499657220870695 0.055353344866803766
1 0.27645938076504145 0.8119774406850094 0.0533886204133089 0.04747717787060921
1 0.18701560656454466 0.746888292966187 0.0612011204133089 0.047795512851581276
1 0.19127585968780264 0.8201347919776039 0.06912270472226431 0.06686384783255335
9 0.49408932582294424 0.3243169787082807 0.05038179508134384 0.06766234387822054
9 0.07916830777076753 0.3545018161978916 0.07216589149054778 0.052928681824942016
9 0.36469674161218474 0.41316325589431796 0.09716589149054773 0.05394735376405215
0 0.22560697053494588 0.42351711855561885 0.10978406615858276 0.07476918973360736
0 0.08898769360397456 0.5462436472245309 0.08782725292686622 0.059815351786885886
1 0.012798940087933136 0.46192699703425044 0.025597880175866273 0.05739600593149916