1 0.8147736734939967 0.15791000226330754 0.2432472839891055 0.24484991180407353
1 0.48346276031158214 0.20113321630594472 0.08485938936371688 0.11971935775648763
1 0.49399698386204866 0.34163538557325007 0.08174979991529555 0.09307497060135787
1 0.5105536942583354 0.47790375622003645 0.07246580517696728 0.09414614767057934
1 0.2936469153191402 0.48065137720550705 0.13813557878390342 0.17858974672063965
1 0.3201092467338795 0.6524478120766446 0.10012036831702939 0.11428822930778501
1 0.4069252492235411 0.7975722043201572 0.13476838410204497 0.12077724672063965
1 0.7097640099586464 0.5614997489839472 0.15245568401734033 0.2104948439616777
1 0.8325435443712749 0.34191651006522367 0.11562354195220052 0.16650582654882315
1 0.6747736309065117 0.6738260085948855 0.23117294724210707 0.1445223631835546
1 0.5612256123494859 0.8231819566950062 0.09717737884037306 0.11724945499752551
1 0.511386694117161 0.6267506919956852 0.0733912683452644 0.0832905348257091
1 0.402770557313693 0.5916940185445083 0.0596927893919517 0.08880355042954129
1 0.5746569077089811 0.16579218057572445 0.08827281570031094 0.09809001922187681
1 0.6689298234516444 0.21022053200063398 0.0919284367187636 0.13410940637700658
1 0.914404549280011 0.7114201045927282 0.06768729991529554 0.09233798620519007