1 0.763100981325723 0.782234838073312 0.09576824188232518 0.11726141233702059
1 0.8167111765371846 0.71956151421005 0.08258640340856652 0.07798072402541756
1 0.9269804748329014 0.679343842944576 0.0766636858759707 0.0966216298696164
1 0.84371973578995 0.7894240008173694 0.08762845941492117 0.09837504464226861
9 0.9736036000380676 0.7581449529286899 0.052792799923864916 0.08077844155801354
7 0.6856969557581778 0.6905888547124034 0.08595686525911965 0.09209777110331849
1 0.2337368096532118 0.8547754545469524 0.08105117694751698 0.07951595048646709
1 0.16666849187902988 0.5941476461049661 0.14636825973923268 0.15250916558343128
1 0.2900549935005877 0.8576998571447401 0.09845686525911965 0.09231595941492117
1 0.2717220048646734 0.792374866073194 0.057313668019063256 0.06191934740221221
1 0.35139586809519824 0.7902026655867266 0.0334670649348082 0.03807274431795697
1 0.4042481327056948 0.773650365262415 0.08573867694751698 0.07959777110331831
1 0.37815896549741046 0.846002652194046 0.09212504464226878 0.08751936525911966
1 0.3150998579489285 0.8150623437520595 0.08266822402541774 0.08266822402541756
1 0.22116289731619143 0.7612163693196047 0.09872960064862309 0.10794095941492117
1 0.17378729098552545 0.6885834387186398 0.09862050649282175 0.10169095941492116
1 0.463660088874205 0.8195026075517774 0.08272277110331831 0.08579322402541792
1 0.7373944545436572 0.24970871023229052 0.08768300649282175 0.1015000446422687
1 0.755187700890209 0.37365472484278717 0.09840231818121907 0.08919095941492108
1 0.7181337601429745 0.44463542654707044 0.05106366801906326 0.06181025324641087
1 0.8243098478059541 0.34900355235949704 0.051090941558013726 0.06337275324641087
1 0.8924149655007056 0.35562965341515723 0.06030230032431163 0.054161394480112965
1 0.9030564107121674 0.2937063518730297 0.054079573863261746 0.05561480032431154
1 0.8283467370110612 0.2668768449731708 0.04623980032431163 0.05391593262955983
1 0.7580285085214167 0.1782331306869858 0.04637616801906326 0.06172843262955987
1 0.8315478291382676 0.1816387743563198 0.06682503571381489 0.06989548863591426
9 0.3531905986167329 0.49007993466145 0.06649775324641087 0.0511454886359143
9 0.35923072402541767 0.07500435958037215 0.051254582791715644 0.07274775324641088
9 0.43453428165332986 0.3597145503276068 0.05169095941492117 0.09774775324641087
0 0.4367944366867496 0.22057022971075585 0.07222164772652384 0.11060230925276535
0 0.5516091387980702 0.08258721428948032 0.057777318181219076 0.08848184740221225
1 0.46274546185055304 0.010271478085902744 0.0567409237011061 0.020542956171805488