1 0.196875 0.2 0.22890625 0.2328125
1 0.5296875 0.22578125 0.07734375 0.115625
1 0.52734375 0.36640625 0.0765625 0.0890625
1 0.51875 0.503125 0.0671875 0.08984375
1 0.73515625 0.49453125 0.12734375 0.171875
1 0.71875 0.6671875 0.09375 0.11015625
1 0.640625 0.81640625 0.12734375 0.1140625
1 0.325 0.596875 0.14140625 0.20234375
1 0.18984375 0.384375 0.10703125 0.16015625
1 0.36640625 0.70703125 0.2234375 0.1328125
1 0.48828125 0.85 0.090625 0.1125
1 0.5265625 0.6515625 0.06796875 0.0796875
1 0.6328125 0.6109375 0.0546875 0.0859375
1 0.43671875 0.1953125 0.0828125 0.09453125
1 0.3453125 0.24453125 0.084375 0.1296875
1 0.1296875 0.75703125 0.0625 0.08828125