1 0.18291094805742594 0.8080220415204934 0.23218875730360064 0.24210788144438097
1 0.5161734614501066 0.7958018617098986 0.08014324188232518 0.11880834980971962
1 0.5162843299556371 0.6550813612156071 0.07811709172016937 0.09218218281352523
1 0.5100770146137918 0.518012442736538 0.06876936525911966 0.09336268083635879
1 0.726333260149565 0.5354240717094612 0.1311250892845374 0.17709569368794006
1 0.7129407362035776 0.3620993182494201 0.09565914772652384 0.11319501977166349
1 0.637420359173335 0.20969721843970052 0.13011596834337488 0.11928319368794008
1 0.31796342695081226 0.4163677352084334 0.14573306006354425 0.20891869665368965
1 0.17909797565356605 0.6233605400376186 0.11062167451188501 0.16533052273741297
1 0.36129246144681126 0.30789866060758475 0.2257557508107789 0.14191688045579803
1 0.48566299026076737 0.16989593631074734 0.09258869480442442 0.11619268577927473
1 0.5204805008140742 0.36989327771750996 0.07014095048646726 0.08248884783255317
1 0.6260213888013654 0.41484763345872855 0.056187544642268605 0.08816584486680376
1 0.4226728774405749 0.8224824254363323 0.08444891233702041 0.09712435079830258
1 0.3321257439175106 0.7695391561589606 0.08663870373287823 0.13312551779449713
1 0.12544646469322213 0.2482531106841345 0.06405459172016936 0.09160917984777565