1 0.11216877241708316 0.5102647133652687 0.22433754483416632 0.1825955732694627
1 0.19351742382451326 0.7373827340574834 0.2480413757593057 0.19714939620024124
8 0.48076023784472144 0.8674642232033497 0.14709581838861113 0.1512836182719372
8 0.69931740140743 0.4955129008383981 0.10269120174736131 0.12086577792830404
4 0.8353432075438537 0.6186936940318501 0.12783667211208324 0.12842597241038015
0 0.9131733475521173 0.8284161748099732 0.13561280452090294 0.1272729081860291
0 0.6998395057964923 0.7412791022178791 0.21017769984750032 0.1795591044771271
0 0.8581468875397217 0.5105979110151633 0.1467321424768059 0.1356586182719372
0 0.8185590170987496 0.43464292062610177 0.1113024823325695 0.08854460085908258
0 0.5942831028704509 0.5829487030769617 0.08037979065319441 0.10096935775648763
7 0.36169980689892284 0.9540745098380811 0.060538762917777864 0.05311171189493073
4 0.22378037927468739 0.10765761250618597 0.06453658510611122 0.09077548620519008
4 0.19776078030086786 0.21982341983313222 0.0422251740119445 0.07087906603337349
4 0.06983710847312488 0.15083880370890165 0.0340853656913195 0.05640713025772479
9 0.006430531535138839 0.14099681422435123 0.012861063070277678 0.04613137155129752
8 0.2430564029260415 0.15112432948949922 0.04996493882958344 0.06816350180902231
1 0.7965775271667358 0.3062656151081778 0.17122299620027803 0.11509381275401323
1 0.7054635243169443 0.23145040083839802 0.13419446846486113 0.06633540818602893
1 0.6363693386214928 0.18279157281923686 0.18604790919430556 0.08153768430531069
1 0.5764150700041318 0.07669205902442693 0.07907055737069442 0.04471935775648759
1 0.5017430315351389 0.03300733604821989 0.08855466014423605 0.049898180687266105