8 0.128125 0.51875 0.11875 0.10234375
8 0.1328125 0.4328125 0.09609375 0.0890625
8 0.2875 0.2890625 0.271875 0.31796875
8 0.371875 0.43828125 0.0765625 0.0890625
8 0.02265625 0.321875 0.04453125 0.121875
8 0.4875 0.4453125 0.0640625 0.0734375
4 0.58125 0.33359375 0.08515625 0.18046875
8 0.84296875 0.1375 0.15859375 0.16875
0 0.7921875 0.265625 0.1234375 0.11875
0 0.39921875 0.65390625 0.17734375 0.16875
9 0.35625 0.9140625 0.0828125 0.0875
8 0.5171875 0.6828125 0.04453125 0.10234375
8 0.425 0.8375 0.10078125 0.09609375
8 0.16953125 0.8125 0.08828125 0.0890625
9 0.58046875 0.628125 0.0578125 0.05859375
9 0.6421875 0.58671875 0.075 0.034375
9 0.89609375 0.709375 0.0609375 0.05859375
8 0.5703125 0.79921875 0.0625 0.06640625