9 0.2877529380269497 0.26799424694778223 0.04231647477225655 0.050566566033373485
9 0.3473585726031875 0.41459593000989764 0.050238102176918265 0.05410100180902226
9 0.07537202223251857 0.010161233039401035 0.063263891832632 0.02032246607880207
9 0.3972370654316114 0.25913714608869964 0.037247028855940556 0.0393834045679843
9 0.3733457307627063 0.010114227160078534 0.030669646641955418 0.020228454320157067
0 0.3307737625290537 0.3312445194490195 0.08343254809323426 0.06675813206674715
8 0.07708825653860395 0.2712365128902988 0.06059524881887366 0.0827173247398008
8 0.07819934483570609 0.4403992706922149 0.057232146641955396 0.031072937584671046
8 0.02630577849704544 0.3987340711217562 0.05261155699409088 0.059034163274411536
0 0.013948394194884686 0.32714235413844295 0.027896788389769372 0.10821529172311406
0 0.4340971699707824 0.3648205800553261 0.046369057711881115 0.077292840343633
8 0.9228521682415017 0.05769091700805714 0.07740080290255769 0.0726805834462281
8 0.5340897686043216 0.06948706863536536 0.06123016587924912 0.056236711894930555
9 0.5222817054501447 0.2736389801007546 0.06155754809323426 0.06561171189493056
9 0.8144319999151819 0.28172263851392615 0.04522321996293286 0.044480340343633
0 0.5464409464644702 0.16241819708406785 0.06430060217691817 0.05483798620519007
0 0.7744518737764646 0.04207364032294844 0.09140873920022674 0.07185506784239584
0 0.852346206083117 0.13390925825620134 0.06419147477225665 0.05171298620519007
0 0.5794221159719163 0.02888415931768268 0.08984623920022691 0.05776831863536536
9 0.00046870363604628986 0.750907402758962 0.0009374072720925797 0.1263101944820761
7 0.3267930352249085 0.8695290914752867 0.06791667549789597 0.06906426051544941
0 0.54799594574668 0.6091736883776406 0.08176092068857255 0.06355124491161739
0 0.6599279721555498 0.731198095320474 0.1113938569862416 0.06354460085908258
8 0.7106124745178025 0.887625157735803 0.06495536660488846 0.07358798620519025
8 0.7697617852249085 0.8463140829960022 0.046150802902557686 0.07104284034363317
8 0.6445609217000628 0.6353057411820311 0.07740080290255769 0.07268058344622812