0 0.615183423347623 0.75859375 0.10669035178688588 0.0875
0 0.7428932933861165 0.9796875 0.10165534190105419 0.040625
0 0.774445676807664 0.7421875 0.13509919467652337 0.1328125
9 0.6576693536896902 0.69375 0.08666701186299815 0.05625
9 0.5054516431958361 0.9015625 0.052292011862998145 0.05625
8 0.6370173195835707 0.85546875 0.05847834486680377 0.0546875
4 0.8435339164275408 0.79140625 0.09399935079830257 0.0828125
8 0.5102041046782734 0.6890625 0.07123301285158128 0.0609375
8 0.5553122411027515 0.0421875 0.12218801779449713 0.084375
8 0.8332966837649274 0.3140625 0.11810269566510634 0.1375
8 0.9081878903044487 0.125 0.06906301779449713 0.084375
1 0.6075990054000264 0.36953125 0.05879667984777566 0.0625
1 0.6886447114452562 0.1828125 0.038837006920082115 0.0328125
1 0.7078377218253795 0.13359375 0.039410009885831696 0.046875
1 0.3770148502668301 0.31484375 0.042726010874414924 0.0515625
0 0.10929286209264717 0.65390625 0.07735567885919248 0.0578125
0 0.11087526673155187 0.7109375 0.0771646778706093 0.053125
0 0.0395414361992042 0.69765625 0.07512201680591396 0.0796875
8 0.004092003422860064 0.78125 0.008184006845720128 0.046875
8 0.2010532336511966 0.47265625 0.07805601581733076 0.075