8 0.3468441885715796 0.5166443845255679 0.1367966210079672 0.19826944198043533
8 0.13747153708051155 0.448233831697088 0.08997178213245363 0.03643729991529536
8 0.13405233504808275 0.6534673632671191 0.11407452335696497 0.11427387357870131
8 0.038723114673253935 0.7122346894907737 0.03966555674305985 0.13021812101845248
9 0.3033970316037282 0.798553808160739 0.06767088479802066 0.07413472099021767
1 0.5736149402209323 0.6450823847373295 0.013636602665567033 0.039790542093374806
1 0.23657662681395486 0.43854874758092566 0.0584489974927175 0.025242194681858267
8 0.1931568989172786 0.560028905431081 0.0997392387172289 0.1040798262236546
8 0.5163239627864744 0.4512105583725005 0.11794366943775678 0.08642188936371689
8 0.04330268527287434 0.25103187898154744 0.06707985141192581 0.053822220990217676
1 0.3383196685798269 0.223675634525568 0.05310827962517113 0.056128173635171044
1 0.20696671700961655 0.12020056598265963 0.03859113855894432 0.03968412628012437
1 0.21245951372354654 0.3358710686134955 0.0700229949854351 0.04775423151356133
0 0.3553587529029939 0.10999256612383394 0.0798526360516619 0.06392526308359248
0 0.09609036764275482 0.37082146323888426 0.07292067445232167 0.04012374203690498
0 0.13471494695135683 0.29970532643541614 0.07521060015828458 0.0652147472985769
8 0.16300376834240007 0.14232546594030732 0.051182066772189706 0.04353716837349917
8 0.6305910512662765 0.45159842427045555 0.08297763605166182 0.06410727360693613
0 0.694798303773559 0.42594670591107386 0.07489235141192588 0.0542772472985769
0 0.5923325333195878 0.45460930318141585 0.0402733105039836 0.09749662628012441
8 0.7254044799417403 0.13304657436927758 0.08605717194503928 0.06272678413027984