8 0.2171875 0.10546875 0.0921875 0.0609375
8 0.32421875 0.115625 0.08125 0.07265625
8 0.12421875 0.28125 0.08515625 0.06796875
8 0.08671875 0.228125 0.04921875 0.0546875
8 0.1484375 0.14453125 0.05078125 0.059375
8 0.01640625 0.2953125 0.03203125 0.0390625
0 0.03671875 0.1109375 0.0734375 0.05
0 0.0328125 0.2375 0.065625 0.103125
8 0.56640625 0.29765625 0.18125 0.04375
8 0.30859375 0.71171875 0.06640625 0.08671875
8 0.17734375 0.95859375 0.0578125 0.0828125
8 0.75390625 0.64921875 0.17890625 0.13515625
0 0.75390625 0.92421875 0.2625 0.1515625
0 0.9546875 0.8375 0.090625 0.153125