9 0.45234375 0.39765625 0.03984375 0.0359375
9 0.3109375 0.3625 0.0359375 0.03984375
9 0.5015625 0.18828125 0.028125 0.03046875
8 0.3328125 0.25625 0.03125 0.03125
8 0.4171875 0.1171875 0.03359375 0.05703125
8 0.403125 0.3234375 0.0265625 0.04296875
8 0.46328125 0.196875 0.02265625 0.03984375
7 0.77890625 0.425 0.08125 0.09765625
7 0.6078125 0.4015625 0.05234375 0.0578125
7 0.95625 0.2890625 0.05234375 0.07109375
7 0.68828125 0.346875 0.06875 0.0578125
0 0.678125 0.29921875 0.0359375 0.05703125
0 0.8171875 0.31875 0.03984375 0.05390625
0 0.74296875 0.32890625 0.0609375 0.0578125
0 0.375 0.6640625 0.04765625 0.05390625
0 0.43828125 0.66171875 0.02890625 0.03828125
0 0.48203125 0.6875 0.0203125 0.03984375
0 0.43671875 0.71796875 0.03359375 0.03046875
0 0.27578125 0.89375 0.0328125 0.04375
0 0.40859375 0.865625 0.03125 0.04375
0 0.1203125 0.93125 0.046875 0.04765625
9 0.17421875 0.565625 0.028125 0.03125
9 0.17265625 0.825 0.034375 0.0328125
9 0.234375 0.8890625 0.02578125 0.0296875
4 0.1109375 0.834375 0.0390625 0.0390625
4 0.12578125 0.759375 0.05 0.06484375
0 0.2796875 0.534375 0.0359375 0.065625
0 0.2421875 0.7859375 0.025 0.04765625
1 0.5875 0.82265625 0.05546875 0.0984375