9 0.2984375 0.38828125 0.071875 0.0921875
9 0.53203125 0.39765625 0.0953125 0.0828125
9 0.22109375 0.1296875 0.10625 0.1234375
0 0.18125 0.33828125 0.1609375 0.178125
0 0.05625 0.41640625 0.1125 0.0453125
0 0.53515625 0.409375 0.1 0.06015625
8 0.31328125 0.1375 0.1234375 0.1640625
8 0.40859375 0.284375 0.0890625 0.0875
8 0.521875 0.32578125 0.0796875 0.0875
8 0.5765625 0.28515625 0.06484375 0.090625
8 0.08515625 0.221875 0.10859375 0.10390625
8 0.0234375 0.1046875 0.04609375 0.125
8 0.56640625 0.3578125 0.08515625 0.16171875
8 0.57734375 0.215625 0.06328125 0.14609375
8 0.3890625 0.21015625 0.1390625 0.1640625
8 0.33515625 0.409375 0.07421875 0.06015625
1 0.9484375 0.32734375 0.04921875 0.07265625
0 0.640625 0.3828125 0.0625 0.11015625
0 0.2234375 0.56640625 0.196875 0.18828125
0 0.16953125 0.69609375 0.18203125 0.15390625
0 0.04140625 0.740625 0.0828125 0.19609375
0 0.39765625 0.98046875 0.09765625 0.0390625
4 0.37109375 0.7375 0.14296875 0.134375
0 0.77890625 0.7328125 0.1796875 0.3875
1 0.6671875 0.60234375 0.028125 0.10390625