8 0.2859154872692756 0.483748894790254 0.12987040802036276 0.15522069368794006
0 0.2526051899665924 0.256503303877783 0.11239200668363561 0.12952035672980183
0 0.4275104519016864 0.7419818419382352 0.08659202800763595 0.059751684790691505
0 0.5369485392266412 0.8081891151699399 0.06954997867599957 0.07155134783255335
0 0.3520297412476403 0.6458934091247099 0.07867044000636332 0.05005834980971961
0 0.6613207358768693 0.9344080583635883 0.09931020401018138 0.07901102076024671
8 0.14237238323523177 0.7288001151327588 0.07718066534054513 0.05624468281352506
8 0.19987634790741335 0.6904989604938541 0.06598862667090888 0.03392401384016441
8 0.21702693789786834 0.7615436309500896 0.10072725334181776 0.06657468775644108
0 0.6992207252148691 0.9015610662722537 0.03804544000636341 0.04840300790866543
8 0.13684963657704957 0.6660454471479812 0.069240896005727 0.04498884783255317
9 0.7803381966104571 0.44605516558768177 0.11420904535327185 0.15145902372599612
9 0.806456895965956 0.2837607540286948 0.08561133068109043 0.10968801779449713
9 0.9369063699475024 0.4250781152071209 0.07285679201145392 0.08730368182494193
9 0.7378261693189098 0.13636448919994718 0.02136701734563573 0.09145267095052709