0 0.7143823152619754 0.9174319983817375 0.16417660580511537 0.14028190097293453
8 0.5762548326851705 0.9378008198093675 0.09971231252120454 0.08294095941492116
8 0.7692037684346855 0.7337740186742769 0.05356150961864685 0.013427300324311631
8 0.5810638729738564 0.8448047962704169 0.07249504809323426 0.063727309252765
0 0.3055529854023937 0.6630089200509535 0.0868849303072194 0.07334777110331832
0 0.21505696017465023 0.6161805588490236 0.0806349303072194 0.07323867694751698
0 0.3565401104448027 0.4997179874213936 0.07120536660488855 0.07151253571381488
8 0.16763383395111486 0.6997703547091081 0.09017362141421192 0.07808981818121907
8 0.07137148067788829 0.34854086566615683 0.061339293283910815 0.05728639448011297
8 0.2833580707890889 0.47132598052153474 0.058541675497895976 0.0666068474022122
9 0.08694440617578425 0.2826840405850789 0.07314981252120449 0.08247730925276527
0 0.9385366441100667 0.44583586770134226 0.09542660580511537 0.13908186525911964
0 0.9592509042768675 0.6352023307697113 0.03863096878180698 0.12247501785690744