8 0.8465720004004466 0.8173637033423461 0.08935460064862326 0.10930556733052796
8 0.9440391099775234 0.9441295891845283 0.07913412094116268 0.06054068511654265
8 0.9702232528377263 0.9809809649643506 0.059553494324547526 0.03803807007129869
8 0.9068316160666032 0.7359252195844149 0.10451595048646709 0.08328870435383653
1 0.7070260795387142 0.9958743002662278 0.06304547077900687 0.008251399467544473
0 0.7290945795420095 0.5282788667745246 0.04656708279171564 0.07345734736759475
0 0.724878637983996 0.4656697393698629 0.04653980925276535 0.07189484736759474
0 0.6878286513766765 0.4901414605139223 0.0469761858759707 0.09689484736759475
8 0.646580314120734 0.4082813361044854 0.03538412094116268 0.05901290145127884
8 0.4115266189059771 0.9427108666897066 0.09996481818121908 0.09093751324684404
8 0.5176908441492107 0.9767981460938012 0.08077844155801354 0.046403707812397596
8 0.20907200040044654 0.795101712791357 0.18041597727182862 0.13747026206571747
0 0.294711265821722 0.9152083708660577 0.07299321509696392 0.06657243030721957
0 0.13069363027006284 0.8673189639724834 0.08368525324641088 0.052891876223535306
8 0.39826377069628127 0.27234380298737565 0.06720686525911974 0.09291667549789598