9 0.5323735011811264 0.10149344619657907 0.04618551923729371 0.02684634288963732
8 0.8217831976455965 0.30496459197541625 0.04209821996293321 0.04384284190105418
9 0.05180302514292545 0.37607968034206724 0.03968254809323424 0.06402800790866543
9 0.07785958285480654 0.3020346852849831 0.03025298439090336 0.06208350593149907
9 0.04437001497612444 0.18566292737631773 0.06301092068857253 0.06185801285158128
8 0.2121676393855613 0.15259971247102042 0.07224207694917481 0.10280134783255326
7 0.6228495796899456 0.9365469367864485 0.14186509618646853 0.12690612642710306
7 0.34642348894577274 0.9232199130790427 0.09011905771188111 0.07856535178688588
7 0.9058778784161522 0.7645080297318574 0.0937896947351895 0.09431768577927464
7 0.4748510785088193 0.8525638562726913 0.11835318511654265 0.08283635771838505
0 0.4572295580903992 0.7970805188202613 0.0634474303072194 0.07435801285158128
0 0.6820931488345721 0.8101548162722537 0.07120536660488845 0.07311384783255334
0 0.5633605070019401 0.8272229580595771 0.10574405771188111 0.07920202174883002
8 0.09369284774611296 0.8119972757031626 0.013809528855940533 0.038009335969555025
8 0.10268341262957018 0.8905997781746204 0.01835318511654278 0.07876166996194378
8 0.06831339103002378 0.7546331032697606 0.014573420688572526 0.05988433596955502
1 0.16547860082615587 0.5262308720528409 0.011448420688572502 0.05975700197716627
1 0.12439724383991421 0.5824516971479812 0.012301592558271412 0.039508168973360826
1 0.08065716752371162 0.5579809377564411 0.010902783665263982 0.04413200197716627
1 0.06727422460262052 0.6051596852849832 0.013645837748947986 0.03332183596955503
0 0.15302815301092335 0.905168955550938 0.020386911069925694 0.047639003954332536
0 0.11086544566186196 0.9668001808363588 0.022822430307219355 0.06639963832728242