4 0.8315891448871501 0.1585305472617226 0.3368217102256999 0.2471294640426372
1 0.8521765600668395 0.3230401045886689 0.2861750535707223 0.11802846223361492
8 0.7604513413197228 0.7397119482116622 0.02905230032431163 0.05459896879233561
1 0.8844791765470704 0.7571594770444776 0.02285684740221221 0.057396420171816585
1 0.8284728640478942 0.8746468701925011 0.016334112012708603 0.04144387155129756
1 0.831755371351495 0.6417934266149363 0.03206820616851047 0.048512743102595124
1 0.8814998214309252 0.3902619041136991 0.027080697240056396 0.031079581637205766
0 0.8901643405089441 0.8794439128201264 0.032340941558013724 0.06413774310259512
0 0.7830684553610265 0.608745231228349 0.0319045649348082 0.03913774310259512
0 0.7989604622608855 0.6838647399347764 0.03239548863591431 0.06726274310259513
8 0.810091056823724 0.852570474330944 0.022665932629559647 0.04645892017181623
1 0.28134586282678303 0.32283879296630946 0.06170115909060954 0.04694359905006031
1 0.3704101371765122 0.19300853007601068 0.0444045649348082 0.03979284034363304
1 0.417143040992116 0.29320328188503303 0.03475682954530477 0.023676517412854547
1 0.3465811250016476 0.2590086663266293 0.07033186525911975 0.0942280348257091
1 0.4021589691574491 0.25566566033373544 0.060084112012708954 0.04373671189493056
1 0.3332704216725112 0.08080510119776689 0.05232615909060954 0.04645227611928182
1 0.560740856737703 0.13026062584671066 0.03656479139585791 0.0378209045679843
1 0.2449095308458463 0.2599360012431954 0.0444045649348082 0.03979284034363299
1 0.4972163246773361 0.3200767203742152 0.0444045649348082 0.03979284034363299
1 0.3096362784102143 0.18043993102595038 0.07406479139585782 0.03978619629109832
1 0.35360051258190167 0.12566057779201856 0.03648297077900686 0.033133404567984304
8 0.11267550365344796 0.13023745590203678 0.0726932061685102 0.05064180913596861
8 0.05719134253424356 0.2626095426276252 0.049037517856907485 0.03691350180902227
8 0.19940393628300784 0.08942874943417312 0.03998980032431154 0.05517217887824377
8 0.4131998348236058 0.3399145075747735 0.05353410308425506 0.026221663274411534
0 0.17461066761532146 0.25546982926235656 0.05103639448011297 0.06199538896415202
8 0.3488183660764892 0.7580193764125376 0.10448867694751698 0.08352955223856355
0 0.34024002719569363 0.6222899163266293 0.17033186525911964 0.09946881275401313