8 0.31911662298652416 0.9553713519657814 0.06527331050398351 0.08925729606843724
8 0.2162570812871591 0.6975328826931599 0.04584134890464338 0.07289329255305557
8 0.1411494326990849 0.7457508707253127 0.034721992478152594 0.06638871941479163
8 0.05705792603516731 0.6462035059839236 0.03977320533113404 0.07899782218833344
8 0.11595921608517971 0.7654633054708334 0.054199418184115535 0.09182513050895835
0 0.8666889903000745 0.7275055506242716 0.07442098997087002 0.08917290919430557
0 0.6431258066765528 0.610658970267813 0.09197220282385157 0.1020729526972918
0 0.5787343492338477 0.7051889138470491 0.08259720282385156 0.10185474715020852
0 0.8350873008040581 0.8220179636182993 0.07056856426490725 0.0641001740119446
8 0.6008042628656167 0.5245753466927088 0.07754598997087 0.08924564437666689
9 0.16577106716790113 0.19669642809600707 0.0773641335443794 0.0829956443766667
8 0.20440766983346811 0.23663175028434047 0.07740959765100204 0.08455814437666671
0 0.9319236014119259 0.07165690054802161 0.10915970282385175 0.10247299620027786
9 0.98515625 0.06746101623934112 0.0296875 0.08975348423243057
9 0.7585315655185485 0.0691825979269798 0.06427310015828454 0.06239220364722227
8 0.4494891861308041 0.10024488107763926 0.0633016335443795 0.08266833605604171
8 0.9432595696751835 0.1929324885039244 0.07419366943775678 0.08136040919430565