8 0.8888600504440971 0.5126525661202672 0.08321247579950324 0.06971361067790856
8 0.621199851771957 0.4282935580839961 0.0690227107723885 0.04767497867599957
9 0.5600674299325924 0.528356645408951 0.08319429508134384 0.06658861067790856
9 0.603455378211949 0.8694634507479055 0.09573065651766247 0.072984061346272
9 0.592163875088691 0.9427645907463145 0.06121930113146803 0.049146572008272216
9 0.6561945588319122 0.9380412754216778 0.037727258976990544 0.039498852005090866
9 0.6974553630866385 0.9135230807606319 0.04391362646343318 0.028634077339272323
9 0.6964832155459665 0.8807014900938593 0.05183521077238851 0.047474984006999676
9 0.7110133481577197 0.8269679627625411 0.05646816861791084 0.03815452800763595
9 0.9604890898681002 0.7072479981301304 0.07902182026379947 0.09002611067790856
9 0.9907169453524904 0.6146337841342666 0.018566109295019118 0.06900453866963616
9 0.9595281162098963 0.8431400447962668 0.05962043969514994 0.04287839067472703
9 0.961504227548019 0.9142519761298121 0.056486349336070066 0.04127952800763594
9 0.5320661915418614 0.8178549500715876 0.05654998184962743 0.052217028007635946
0 0.31097944837755254 0.27938115404199804 0.14117042154477702 0.09538632001909005
0 0.3927253938282388 0.49984874271958846 0.1067772408266178 0.09186133068109026
9 0.02831395676536778 0.7041880606699544 0.0486920300542293 0.04431362133990877
9 0.08764454673166394 0.9657982700111358 0.07214771077238853 0.04771134134309065
9 0.06358890231424993 0.8592755500079541 0.090934072208707 0.05417951734563573
9 0.4958832518467117 0.7752492794000425 0.017551114363184794 0.06269999466899989
9 0.2875758481577197 0.8220408213717254 0.06907725292686617 0.05704997867599957
9 0.20459063133520697 0.7913897106938169 0.08153180113146812 0.04938292934436319
4 0.04905370364210982 0.7778619180060452 0.0895261083130605 0.08072383601209036
8 0.4749718299091512 0.9406197407304063 0.06128293364502539 0.06008407200827222
8 0.44551561318483435 0.8457521360598154 0.06914997579950324 0.06954997867599957
8 0.46042247481754456 0.7224964493952699 0.06592498184962743 0.05232611600890884
0 0.32349568832040754 0.953699901376498 0.08477497579950324 0.06973179201145392
8 0.14941277282575474 0.8407442733529535 0.05021816861791084 0.03808180267345449