8 0.30703125 0.103125 0.05546875 0.06875
8 0.07421875 0.1328125 0.046875 0.08984375
8 0.040625 0.203125 0.07109375 0.11796875
4 0.190625 0.25703125 0.05078125 0.1265625
7 0.61640625 0.2296875 0.03828125 0.05
7 0.53125 0.27890625 0.03984375 0.03671875
7 0.65859375 0.18671875 0.04296875 0.05859375
7 0.7359375 0.2890625 0.0453125 0.04140625
7 0.74140625 0.19140625 0.07734375 0.084375
7 0.76640625 0.2359375 0.0484375 0.04140625
0 0.68125 0.26640625 0.10859375 0.0734375
0 0.5640625 0.209375 0.05 0.065625
0 0.63046875 0.140625 0.0828125 0.08125
9 0.03125 0.72578125 0.0625 0.10703125
0 0.22890625 0.6171875 0.08515625 0.159375
0 0.22265625 0.8375 0.05703125 0.09609375
0 0.12578125 0.61015625 0.0546875 0.07734375
0 0.15390625 0.896875 0.04296875 0.0765625
0 0.04296875 0.959375 0.0859375 0.08125
6 0.790625 0.85625 0.40859375 0.2875