1 0.50859375 0.425 0.10078125 0.11640625
1 0.4875 0.103125 0.06875 0.10546875
1 0.26953125 0.1609375 0.1484375 0.17890625
1 0.32265625 0.0515625 0.1390625 0.103125
1 0.275 0.365625 0.09609375 0.103125
1 0.41796875 0.33203125 0.065625 0.084375
1 0.034375 0.1078125 0.0515625 0.075
1 0.0640625 0.02890625 0.053125 0.0578125
1 0.021875 0.28046875 0.04375 0.0953125
9 0.3578125 0.5046875 0.06875 0.03203125
9 0.36640625 0.528125 0.0734375 0.07890625
9 0.0828125 0.9265625 0.0671875 0.07890625
9 0.08984375 0.55703125 0.06875 0.08671875
9 0.13125 0.59375 0.0734375 0.08671875
9 0.19296875 0.6125 0.08984375 0.10703125
0 0.24765625 0.74375 0.10859375 0.109375
0 0.16015625 0.83828125 0.11484375 0.1296875
0 0.06640625 0.8625 0.1328125 0.14296875
0 0.015625 0.8203125 0.03046875 0.10703125
9 0.22109375 0.690625 0.06875 0.08046875
9 0.26484375 0.67578125 0.0734375 0.08984375
9 0.0484375 0.7203125 0.078125 0.09375
9 0.2015625 0.8953125 0.078125 0.08828125
9 0.221875 0.95390625 0.075 0.0921875
9 0.2265625 0.97734375 0.09296875 0.0453125
9 0.38828125 0.59375 0.0734375 0.08984375
9 0.3265625 0.76796875 0.08984375 0.10703125
0 0.29140625 0.5078125 0.0765625 0.0375
9 0.4265625 0.69765625 0.11171875 0.12421875
9 0.44375 0.8921875 0.11171875 0.1484375
9 0.09609375 0.79140625 0.065625 0.07734375
8 0.484375 0.96953125 0.06875 0.0609375
9 0.1484375 0.9859375 0.08515625 0.028125
9 0.1296875 0.528125 0.08828125 0.07890625
9 0.08125 0.61640625 0.0796875 0.09609375
9 0.53125 0.646875 0.0546875 0.1015625
9 0.49296875 0.70078125 0.09140625 0.1109375
9 0.50234375 0.57109375 0.0796875 0.1
9 0.82734375 0.721875 0.08515625 0.109375
9 0.58203125 0.84296875 0.04609375 0.0921875
9 0.99296875 0.75078125 0.0140625 0.06953125
9 0.978125 0.71171875 0.04375 0.0671875
9 0.58359375 0.95234375 0.04921875 0.08828125
0 0.596875 0.5875 0.0765625 0.1296875
0 0.709375 0.8546875 0.09609375 0.14453125
0 0.6578125 0.6328125 0.08515625 0.1109375
0 0.78359375 0.77890625 0.0796875 0.103125
0 0.809375 0.5640625 0.08125 0.08984375
0 0.7578125 0.98515625 0.05 0.0296875
0 0.61328125 0.80703125 0.0625 0.08984375