0 0.72734375 0.11875 0.040625 0.03671875
0 0.7640625 0.1296875 0.03828125 0.03671875
0 0.7703125 0.0953125 0.05546875 0.0359375
8 0.83515625 0.08125 0.03203125 0.028125
9 0.34140625 0.66640625 0.071875 0.0578125
9 0.45078125 0.56015625 0.06484375 0.0875
8 0.2375 0.6 0.0703125 0.0765625
8 0.45546875 0.88359375 0.06640625 0.06796875
8 0.365625 0.59765625 0.06328125 0.05703125
1 0.84921875 0.73984375 0.04453125 0.065625
1 0.76328125 0.6203125 0.03125 0.046875
1 0.8390625 0.6015625 0.01796875 0.034375
1 0.80703125 0.659375 0.06796875 0.07421875
1 0.81015625 0.6046875 0.0328125 0.06015625
1 0.6796875 0.62734375 0.03359375 0.053125
1 0.740625 0.4234375 0.028125 0.03984375
1 0.7953125 0.75546875 0.02890625 0.046875
1 0.86796875 0.53125 0.03125 0.0453125
1 0.746875 0.675 0.03125 0.07421875
1 0.7140625 0.61875 0.02421875 0.03828125
8 0.68984375 0.84921875 0.03828125 0.07265625
8 0.7765625 0.93515625 0.02734375 0.05078125
8 0.6703125 0.75625 0.040625 0.04453125
8 0.8796875 0.61953125 0.03671875 0.0546875
0 0.784375 0.821875 0.04609375 0.053125