0 0.7847872785045439 0.8246887718231463 0.0973871285298145 0.13046031570031075
0 0.6114012542896491 0.7794126111303934 0.10142141066226813 0.1618923262236546
9 0.5380055552267212 0.9162748452747905 0.06780727711788863 0.07882222099021732
9 0.6709845059390018 0.6347756743410427 0.07460284639736088 0.09793624203690499
9 0.8855578198081975 0.7119696929686556 0.06509145407749273 0.09270271046687384
9 0.9639017801538966 0.6730899325158992 0.031233279625171306 0.05485409997176518
1 0.5604872751393316 0.6529102952889081 0.06155727711788863 0.07845819994353036
9 0.6987949203621936 0.509927592785129 0.06459134890464338 0.07551521046687401
9 0.7896556010827214 0.5233537849773259 0.05802310015828453 0.06421368942018653
1 0.051583636580387296 0.719987005332259 0.08576766693047429 0.10638577886860787
1 0.1370390664429853 0.5707234817253228 0.08388691818411553 0.09535727360693613
1 0.18340794959165332 0.6389960686134956 0.08839256175762475 0.08938028939195171
1 0.24463730311515017 0.7594381002541137 0.0737223079967011 0.12128273677523324
1 0.3099417058598595 0.686221137156404 0.04280727711788872 0.07736613680346807
1 0.42485600052872546 0.7575207425310152 0.028000631037096824 0.1045810841867496
1 0.3130476369760987 0.5526728897872399 0.10585284639736088 0.09975634727034191
1 0.38020169622644107 0.442691674058694 0.049193669437756785 0.08241765785015538
9 0.2220602387837359 0.35597146601089447 0.08822742570596294 0.030096294653623533
9 0.008238397334432972 0.1197664684299689 0.016476794668865945 0.08546706314006221
0 0.055871915281121634 0.039456977637894644 0.08981866943775674 0.07891395527578929
8 0.28636574584336494 0.102649773959872 0.07901756175762475 0.0888342578219206