4 0.9143953398681003 0.7714066205498208 0.17120932026379948 0.16283825599585597
0 0.8757111315315986 0.6999832307650684 0.10188066256778647 0.05941784946188076
8 0.8931253696277419 0.6055076387467858 0.06602497579950324 0.0718065334984459
9 0.3071065772768725 0.6984932737785363 0.15223518657189175 0.1226841368892682
9 0.18817983615566716 0.7968322663349383 0.11142837939029934 0.08954199710451576
9 0.38290652887587895 0.8394864549196175 0.08635565651766246 0.0758776033908223
9 0.6321434595940382 0.8542190047530017 0.048892017953980904 0.08038101282028158
9 0.35401898047488534 0.9690957372821624 0.09728406615858276 0.06180852543567532
9 0.028763929539808865 0.7823780064101408 0.04893746974937898 0.08819351282028158
8 0.45021868949875793 0.192797699542934 0.13966246369925486 0.1096019400324213
8 0.1964169786281736 0.19894057588823216 0.07862496974937896 0.08957623035529286
8 0.576354463502863 0.25959355541495555 0.10679542154477702 0.09869867328319834
8 0.5335579094445286 0.15294114102309736 0.06448065651766247 0.07485875889134012
8 0.4749964965821545 0.29001945595307477 0.10047269867214012 0.08590757485477489
8 0.24571299668035032 0.21451422601206666 0.09429542154477702 0.09811647642635143
8 0.6288805415653025 0.42762011744944883 0.050254530054229286 0.04607878742738727
8 0.42681352663638367 0.3315134431327932 0.07850679508134384 0.0692637303552929
8 0.48932716217500316 0.3367681774170275 0.07068520472226432 0.06733735731976358
8 0.27739478873663215 0.2901884681541838 0.06281816256778665 0.05759848428423435
8 0.33312715914994107 0.33808446670644177 0.06281816256778665 0.057598484284234266