9 0.28239338166583094 0.205318053952222 0.07482143992586625 0.08604790919430556
9 0.5942063569862416 0.05130270117868032 0.0696627139724832 0.10260540235736064
9 0.761475702539738 0.05119229198437471 0.11659227767481432 0.10238458396874942
9 0.9246602711362101 0.37176644434173534 0.09488096878180699 0.12398432028847228
9 0.41133192503455973 0.5838768522048607 0.07583830290255769 0.07045927678548622
9 0.4841940500769688 0.7448130457840968 0.07978175843752044 0.0939695119678472
1 0.697232219499597 0.5537658992232286 0.04516865626060227 0.041643292553055565
0 0.9945833907363237 0.878760020329791 0.010833218527352528 0.09782055737069442
0 0.8873686684959559 0.8488023762374646 0.06657243030721957 0.07336607123840296
0 0.9678944713985136 0.9157339966784367 0.06270338584218216 0.09669446846486096
0 0.7249505140494522 0.8549283557202425 0.06339286660488845 0.07173083605604162
0 0.5976662730351268 0.7476451454235065 0.027619057711881112 0.07558188145888885