8 0.32859059337114555 0.35313682737904334 0.06744337955902786 0.07888861600890866
1 0.019512086388836763 0.12994203866963622 0.039024172777673526 0.05514203333863614
1 0.013897539418923549 0.17127556333545443 0.027795078837847098 0.04567612667090888
1 0.005684995915937423 0.2110284066677272 0.011369991831874846 0.05643181333545444
1 0.20540766650940948 0.3407630020289532 0.04335126291777787 0.05049089600572696
8 0.40275740482590255 0.2219328280553611 0.035393292553055566 0.04414998933799978
8 0.24060159052135396 0.2724039007001803 0.035393292553055566 0.04414998933799978
8 0.2983790293509373 0.20743342870781628 0.04669446846486114 0.059902258672817864
8 0.3279210589862151 0.21402887404517976 0.04342399810013893 0.05361589600572696
8 0.2701839070101041 0.07581980203690739 0.04186149810013893 0.05359771467218155
8 0.04738218664538188 0.0794789620066815 0.06439111474138895 0.08197725334181778
8 0.2141812948341663 0.43385902136377136 0.03993532218833336 0.037954533338636055
8 0.023443325845885276 0.3698494233370453 0.04688665169177055 0.06938634667409058
8 0.21253310153927069 0.1689243646960441 0.043569468464861136 0.059865896005727004
8 0.15337891992788194 0.024447111354226312 0.06664329255305557 0.04451361600890868
4 0.2807823409026036 0.6948607033736345 0.1585801386770836 0.23615677068745367
0 0.19649825988055497 0.6899726613621805 0.05581620174736122 0.11624316534054521
8 0.135308146373437 0.59939256735359 0.07049564437666671 0.07579997867599957
8 0.8084794215434025 0.2829190654439494 0.14989481648875014 0.1985658640197263
0 0.970111171827743 0.08709003946526667 0.05977765634451408 0.152217028007636
0 0.5571435127303467 0.7738782307447236 0.09487870174736131 0.11669769867918127