8 0.2021875927279074 0.6869898279758193 0.05886905771188111 0.07565452800763595
8 0.08469255788151711 0.7243091093252731 0.07373016587924908 0.053961341343090295
8 0.9699182074338794 0.8185605238701879 0.060163585132241335 0.09476815467854464
8 0.9368254213215448 0.17120426587368764 0.12169643992586643 0.08575678134945379
8 0.5674454826616229 0.3365052859245944 0.08041667549789597 0.06653406667727228
8 0.46245297013256914 0.6870876359405027 0.21330358656782167 0.11493629869508962
9 0.3032192584375205 0.0886966839592746 0.0853224303072194 0.07283861067790857
9 0.3612848289329093 0.7890870352880475 0.10650794954451301 0.09807496801399936
1 0.19704124654143895 0.561998918642592 0.061121038474587365 0.05069089067472703
0 0.8289138169520098 0.9305803605585957 0.22607640507947585 0.12289424936345342
0 0.8657887904583219 0.7331962832193234 0.11913692431676956 0.14663973734881744
0 0.43026294119181063 0.32481490260982077 0.2063095421027846 0.13828289202736244