9 0.9297065390845265 0.5197592960246816 0.09473891935425698 0.12498513103285873
8 0.9537456224163566 0.2045881638106965 0.06330482878371627 0.08644842068857254
0 0.8471254030193187 0.03916537128698492 0.060470927212139716 0.07833074257396984
0 0.8122130938803094 0.19549096072280442 0.09565075599585597 0.17805556733052788
9 0.046354575892741376 0.7463814374787955 0.06214043507002258 0.06144842068857237
8 0.0050480261595464105 0.6860094218696988 0.010096052319092821 0.06391865626060227
8 0.43824020720043827 0.9066318796820964 0.0604323858558109 0.0582688569862416
9 0.38756404259918315 0.4037549055428121 0.05432793507002254 0.06117560217691818
9 0.44352079011798384 0.4415797985565703 0.0639940334984459 0.06775298439090349
9 0.4083003817219817 0.31021323666833805 0.05062073821317572 0.04856647477225655
9 0.5565067493808276 0.22625984420273387 0.051494033498445904 0.06731647477225647
0 0.5751626658396003 0.0037326020921002304 0.0590496683207995 0.007465204184200461
8 0.01166734222542502 0.238489581125526 0.02333468445085004 0.10577877404661713
8 0.21962114123249435 0.011965514702047356 0.11232021753501131 0.023931029404094712
8 0.09122204363264044 0.3189459182415018 0.08212760339082217 0.08866568511654283
8 0.3774763748975561 0.18493298367311317 0.1075642510334573 0.09891370435383648
8 0.08796214888548942 0.43917657268800553 0.07231595574818701 0.07896330290255768
8 0.14800708292205472 0.47295880644593674 0.08546661910658786 0.02638393992586625
8 0.3398863678682428 0.45611850291040684 0.055162688998963996 0.04560516587924912
8 0.22688771588238144 0.3032886579898828 0.0557448858558109 0.05810516587924912
8 0.2041844241117678 0.18786455463183818 0.06584763192686945 0.07405754809323425