8 0.9626230543022842 0.3689025604907057 0.060068984956305374 0.13419793758467105
7 0.09341789631190095 0.41708235866099874 0.1868357926238019 0.08967773292582973
7 0.2667004520324288 0.2189768085701417 0.11973348997087019 0.09364153663473136
7 0.2808515317367422 0.13599721223361483 0.18035274122451134 0.08589763568479172
7 0.17029916198241635 0.3320732728399215 0.06846049498543509 0.04727114767057934
7 0.0859612659016246 0.29948542288534996 0.07681856426490725 0.06643058344622813
7 0.4566866060307794 0.1702504607632768 0.09009145407749272 0.09364818068726607
7 0.4861574941940122 0.2868138410210016 0.06896060015828454 0.06445864767057934
0 0.889022485947249 0.9916341378324983 0.029989028371529967 0.016731724335003407
0 0.9225493544479336 0.8049695352759351 0.026773100158284536 0.0622476944820761
0 0.8240423436273812 0.9946020075747736 0.031278743731793665 0.01079598485045281
0 0.8575368052267212 0.9771229194924184 0.030489133544379498 0.04575416101516332
9 0.8579676803913234 0.6850011940277907 0.026818564264907252 0.0638101944820761
5 0.9542456353267461 0.7643788348009652 0.020386707838416385 0.057232645861557074
5 0.6985244842313894 0.6789924542045561 0.020386707838416562 0.057232645861557074
1 0.7524701866595296 0.7342431982116623 0.025574313011265913 0.07466580732694635
8 0.7353689178549111 0.5690342780398459 0.03325042069139794 0.07038774310259513
7 0.8502975843896741 0.6259161210970123 0.020159387305303155 0.049420145861557074
0 0.727739308129715 0.8581377216174108 0.0336141335443795 0.08288774310259513
6 0.13113944127838312 0.89807340909054 0.19168269780928665 0.15357645861557004
6 0.5032992492750841 0.8002112777011614 0.13746655925034226 0.11329229534115867
6 0.2593219287419708 0.7952493815009202 0.09946645407749291 0.09413950361804453
6 0.22758985860456876 0.648834726932936 0.0796253155185485 0.05565685775648745
6 0.6065499328986059 0.6937333056294657 0.04796613855894431 0.039956614653892684
6 0.5120544721571955 0.8757844877870697 0.0651081744523216 0.039294873360319824
6 0.5263837451184491 0.9211346093383671 0.07636392319868043 0.0508055834462283
6 0.5227526282671171 0.9772070494114589 0.13012542069139793 0.04558590117708228
6 0.5087549420698059 0.6127112777011615 0.0739663489046432 0.0756418091359686
6 0.4066014086837111 0.6277011126177277 0.08012542069139794 0.07284435775648763
6 0.41435040954164093 0.7916374598587657 0.04983016693047428 0.1040191146538925
6 0.38609972591811914 0.9020460153766896 0.07663670783841656 0.06018058344622794
6 0.3375522288211131 0.7688340456798428 0.07027905925034235 0.10977114767057934
6 0.2779318732525522 0.9354992452503016 0.09069920783841656 0.06091756784239592
6 0.26714175508107196 0.5264993815009202 0.07939799498543501 0.047844357756487634
6 0.3044849792168245 0.6145250039567289 0.04488660266556703 0.041355340343632994
6 0.299859663698276 0.6659237296464694 0.03707410266556703 0.04094590456798421
6 0.23094452764661413 0.72177758197589 0.07847199247815259 0.06963747060135787
6 0.2363270464512326 0.8863723484842335 0.0515003155185485 0.0541828889641522
6 0.400631238850243 0.8597733061952925 0.1421253155185486 0.0589323439616777
6 0.6074124362638182 0.8792171042499846 0.04092652837152997 0.06610967887824373