9 0.2467843076345028 0.691623870806691 0.06537162986961631 0.07873121572854594
9 0.3955214111224997 0.3694821022496652 0.05736821509696401 0.06733868942018661
9 0.0923009537361735 0.3572958314853265 0.04634889448011292 0.06201415258848364
9 0.6221449975709585 0.9168176467621144 0.058104600648623085 0.10952618942018652
8 0.46558094643257275 0.612086102179078 0.06967730032431163 0.05712923151356133
8 0.49458838230854363 0.5183661942583354 0.07905230032431163 0.0576752630835923
8 0.21054066477594766 0.48305323663405886 0.05421594155801364 0.06559417889684287
8 0.2838281603117208 0.4959242339326358 0.023238676947516978 0.07939907366340596
0 0.8596973648586733 0.7484371860128918 0.126363676947517 0.08540542093374785
8 0.1619685714309252 0.3535330656297238 0.051090941558013594 0.06541216837349921
8 0.37602534294128065 0.45593554174043904 0.04785684740221221 0.05898015785015538
8 0.31870376664238675 0.42444334705858056 0.05306254464226869 0.08894067363517096
8 0.2465344862035776 0.3475098497600036 0.04484094155801355 0.06504814732681172
8 0.10926849107484156 0.5053083972562247 0.04796594155801359 0.06523015785015537
8 0.298615183443634 0.3208255233951746 0.05098184740221221 0.05916216837349921
8 0.4446543863657334 0.33245951536149254 0.07633640340856651 0.08093075256024873
8 0.6040293863657334 0.34174205205202113 0.05416139448011279 0.06246917889684287
8 0.7676035478952701 0.8721106334667604 0.056051176947516976 0.08131018415851479
8 0.7552320073101912 0.7744165861117139 0.062437544642268604 0.0894867052052021