8 0.9018301679085091 0.825 0.05425148801421216 0.1109375
0 0.8111863992524591 0.54140625 0.0797494549975255 0.090625
0 0.859760018090223 0.484375 0.0648680834462283 0.075
8 0.10035619911617344 0.796875 0.06396068068726608 0.0875
8 0.31725601481086274 0.6125 0.041103034825709095 0.06875
8 0.1863844730877487 0.575 0.05524077792830413 0.1
8 0.25258268317365695 0.5859375 0.06033771370395282 0.1078125
8 0.13704513511896482 0.37890625 0.04884029172311406 0.0375
9 0.3312720064431197 0.8203125 0.048499454997525594 0.090625
0 0.19744920510906727 0.74140625 0.06379690637700657 0.084375
0 0.1512293023501053 0.75390625 0.055738744911617344 0.0796875
5 0.7374048247398008 0.0578125 0.08418464947960161 0.115625
0 0.9762692509045111 0.14140625 0.04746149819097774 0.1859375
9 0.8487074949116173 0.0796875 0.08492163387576923 0.1296875
8 0.3456654613291037 0.26015625 0.03632700361804462 0.096875
8 0.3834896879233553 0.28125 0.0591846494796016 0.115625
1 0.1954917209400421 0.3015625 0.033290534825709095 0.06875
0 0.12082591361309583 0.278125 0.08032266508343389 0.1015625
0 0.1311249265033946 0.19140625 0.07242827792830413 0.1