0 0.17385475633471317 0.5259563482129911 0.059341559250342346 0.10723184740221221
0 0.10281849379830084 0.41528585511284993 0.05060305674305985 0.12894320616851013
0 0.22043893665952957 0.6979501249983524 0.05263691818411553 0.09149775324641088
0 0.028316390868371105 0.19193808400953163 0.05663278173674221 0.1416613944801129
8 0.3531247191876946 0.516579168422805 0.053000631037097 0.10399775324641088
8 0.3172122997499379 0.5956802873353727 0.04400606426490725 0.06323638555165907
8 0.3061875347062431 0.46417118871534446 0.06917120031656916 0.1230204886359143
0 0.006272074723002013 0.25875739123370206 0.012544149446004026 0.0909522824674041
8 0.35755014324430484 0.6331217861175568 0.04763116943775678 0.08047843262955982
8 0.7984983698208329 0.2804793960983754 0.062375631037097 0.10416139448011297
8 0.7362962350228122 0.3497418648487874 0.0474038489046432 0.07266593262955982
8 0.8073037538274306 0.5151271314878787 0.048966348904643554 0.07269320616851012
8 0.7910984291376822 0.6422526931762761 0.058432277117888634 0.07598184740221221
8 0.7205084474800822 0.48938106330665987 0.0536538489046432 0.07277502678536116
8 0.9156103473217977 0.5537550292144026 0.05530727711788863 0.07592730032431164