7 0.2074504345683886 0.2758682497156596 0.03321429328391083 0.05697735182361115
7 0.17529764427970268 0.18357230015249987 0.03343254809323426 0.06322735182361114
7 0.20236114128447782 0.2196909848980207 0.029925602176918264 0.05221711664124999
7 0.21215034745241282 0.365675632124479 0.03047123920022683 0.06784211664124999
7 0.17288944001068424 0.40568368949517347 0.03305060217691826 0.05228985182361114
7 0.2534325679635001 0.2044283543890623 0.023402783665263983 0.044259146276527786
7 0.15902531433530304 0.12061835847312488 0.03381449400955026 0.07416485182361114
7 0.19066721705252623 0.39979671219659707 0.023675602176918265 0.05207164627652787
7 0.1581225902808367 0.5201826005893402 0.03381449400955021 0.07416485182361114
7 0.13640135770403186 0.5027048130702777 0.03381449400955021 0.07416485182361114
7 0.13637902113621023 0.39011389409232633 0.04778771397248329 0.11664329255305557
7 0.1801091737686154 0.34374673394809013 0.04077382213985135 0.09462282218833336
7 0.21531006378714887 0.3218165293509373 0.03365080290255769 0.06947735182361114
7 0.11400548021455212 0.17483438620854158 0.023402783665263983 0.044259146276527786
9 0.12100456931426248 0.7782866945291665 0.1059623125212045 0.0836502610179167
8 0.14186519553779783 0.8606809672305902 0.14751489546082905 0.11115831838861112
8 0.04864596359396518 0.9676232578837848 0.030307548093234236 0.06315461664124981
8 0.09852691250550608 0.9406600611704168 0.13528771397248335 0.11867987765916652
4 0.4805431610699257 0.04222904022668386 0.16264882213985138 0.08445808045336772
1 0.7831349700477511 0.34925827754798544 0.06704365626060227 0.04215243882958335
1 0.6027802596186469 0.0059083740985240675 0.07274801923729371 0.011816748197048135
0 0.6338144940095503 0.05874499316305502 0.10487103847458741 0.05240026101791675
1 0.6257391985330227 0.8126700801690273 0.10470734736759475 0.0477127610179167
1 0.7149926714911807 0.8160658774717355 0.09856647477225663 0.05069229065319476
1 0.7974430729424595 0.8485497627303467 0.10163691106992587 0.04920252583555538
1 0.6726340459006176 0.8569279200247912 0.10783234736759476 0.047785496200278034
1 0.590057158877309 0.8432122185617704 0.08255952885594056 0.03939111474138883
1 0.6604167880960693 0.8877057945498258 0.09823909255827132 0.04131729065319476