7 0.33125 0.49921875 0.12109375 0.1
7 0.53359375 0.6578125 0.0921875 0.1
7 0.46640625 0.6734375 0.08203125 0.06640625
7 0.215625 0.45390625 0.08359375 0.0640625
0 0.45390625 0.33828125 0.1375 0.125
0 0.53515625 0.32265625 0.08828125 0.15703125
0 0.28671875 0.384375 0.1390625 0.10234375
0 0.69140625 0.4328125 0.06953125 0.10625
0 0.80234375 0.54453125 0.07109375 0.096875
7 0.85390625 0.3578125 0.0640625 0.13046875
7 0.97265625 0.67265625 0.03984375 0.0609375
8 0.26640625 0.87890625 0.04375 0.025
8 0.15078125 0.8703125 0.059375 0.03046875
8 0.3375 0.8109375 0.10625 0.071875
8 0.12421875 0.903125 0.04140625 0.01875
8 0.303125 0.8921875 0.04140625 0.0265625
9 0.87109375 0.84296875 0.06796875 0.096875
9 0.621875 0.91796875 0.0484375 0.0875
9 0.9859375 0.740625 0.028125 0.059375
9 0.59140625 0.82421875 0.02421875 0.08359375
0 0.7234375 0.815625 0.07265625 0.13671875
0 0.8125 0.82578125 0.0640625 0.09296875
0 0.9234375 0.975 0.06796875 0.04921875
0 0.66875 0.92109375 0.0484375 0.08515625