8 0.6969682775961401 0.15610685368969018 0.07628185633066593 0.07649351581733077
8 0.7448523985373028 0.21200934380385844 0.10158186525911965 0.09469968775644108
8 0.8283058267026358 0.24535374300555568 0.0731841298696164 0.07792868182494202
8 0.6711672568965635 0.3799727766173836 0.047911394480112966 0.0612850098858317
8 0.9401193496343258 0.1820486352871707 0.11976130073134854 0.2034035257031625
8 0.9352028887980701 0.05414646977385108 0.08066934740221221 0.059497016805913974
8 0.8560468173671449 0.40136632106644543 0.10772277110331814 0.0887043557412186
0 0.7315567008869138 0.8387774322448716 0.02946140340856651 0.07770850593149917
0 0.8725868498312537 0.9010479860854735 0.04198867694751698 0.07978034190105418
9 0.8780014581938097 0.5841960671121127 0.02913412094116268 0.058958505931499164
8 0.7555884902541768 0.7822900103057612 0.022938668019063257 0.06182883794672147
8 0.9070577126580368 0.5916119776825164 0.021048885551659423 0.04301517095052709
8 0.8604673104672859 0.47545773707405664 0.028943206168510472 0.04802100593149916
8 0.8563776485340074 0.6890573220550286 0.04527731818121907 0.08928267589344294
0 0.7774735783241935 0.5132389213704566 0.03905459172016936 0.09059050790866544
0 0.8253691562446452 0.7489562454770136 0.02940685633066593 0.07458350593149916
0 0.8597771582732401 0.8390254885569315 0.02129434740221221 0.05707767095052709
8 0.8833180239393968 0.7544130666178213 0.04231595941492117 0.09853034190105418
8 0.900858305596022 0.6395547291653912 0.03225912094116268 0.05908583992388792
8 0.7984947848964454 0.8665403349066099 0.04198867694751698 0.07978034190105418
0 0.06636098011120235 0.35301757064651595 0.11419095941492108 0.1014590237259962
0 0.17992860227018093 0.36480796342242255 0.11161143019392786 0.13258168973360746
0 0.09018999228606697 0.41928189920169723 0.08724662986961632 0.0785016847906915
0 0.39486780965650714 0.3615225014456937 0.18241485389503403 0.16357170456235498
0 0.2411485202892442 0.42329428406893843 0.26408186525911975 0.10132105536065765
0 0.5756444768647915 0.2822302963890471 0.1440614659077429 0.20260502965749527
8 0.5945954797074606 0.02776160817549551 0.07916139448011279 0.05552321635099102
8 0.533885850648623 0.08457138779580971 0.05693183847375849 0.0413545118629981
8 0.182613676947517 0.07073962844145058 0.0632363855516592 0.044734179847775654
5 0.1670880884737585 0.032281964905297306 0.06011138555165916 0.044606845855386865
5 0.20564384821299114 0.1808176239928263 0.06043866801906326 0.0633568458553869