8 0.765714811982819 0.1578229951314462 0.10610564401654479 0.1261406887450242
8 0.7400109992441404 0.6874959076790164 0.1353204293443632 0.08672536167271758
8 0.7779809772040515 0.9670826596190016 0.13235906134627218 0.06583468076199672
9 0.4865983819621381 0.2988658533069417 0.09763861600890866 0.06957235376405232
9 0.18060817990136818 0.7342662065395213 0.11024770401018139 0.07945668973360753
9 0.3477427779280942 0.5441080746380297 0.08046929734245412 0.07043451680591399
0 0.5199995859325486 0.5182989442194128 0.07885225334181775 0.06568334980971961
0 0.5175836579408208 0.457234110227024 0.11333634134309048 0.07645902372599629
0 0.33637002060791177 0.44672373866847453 0.1232567813494538 0.12371602570316256
0 0.9482614932765936 0.4568056176785788 0.09093517735518084 0.16456651878308026
0 0.9129768792568672 0.6007492772603994 0.09157042934436319 0.08494268577927463
0 0.6163216972867749 0.36824454748917346 0.13463063335454456 0.1616616946765232
0 0.6196615892345955 0.7529378824701454 0.1763090560152719 0.11963070357377195
0 0.4019297439131404 0.6565245030029306 0.14415108402290802 0.17454369665368966