4 0.8289142257797122 0.11484375 0.3421715484405755 0.2296875
1 0.8456985246773983 0.278125 0.28857702174883004 0.103125
8 0.7441652692030098 0.69921875 0.03028967787060921 0.053125
1 0.8679383502296492 0.71015625 0.02416701186299832 0.05625
1 0.8091297415226808 0.83046875 0.017280341901054187 0.040625
1 0.8178348739556454 0.59765625 0.0331600098858317 0.046875
1 0.873493260837234 0.34375 0.02777217292769336 0.0296875
0 0.8707848245264866 0.83203125 0.03379667984777583 0.0625
0 0.7698576303814358 0.5671875 0.03277800790866543 0.0375
0 0.7840209480622022 0.64140625 0.03392401384016441 0.065625
8 0.7912392459713052 0.809375 0.0237213428896375 0.0453125
1 0.27417635174970484 0.3078125 0.06272017589344295 0.04375
1 0.3663704634224225 0.1734375 0.04527800790866543 0.0375
1 0.4108287761602731 0.27109375 0.035266337946721474 0.021875
1 0.34097653258606375 0.240625 0.07244268577927464 0.090625
1 0.39669995057084123 0.234375 0.061030341901054184 0.040625
1 0.33179648665412714 0.06328125 0.05334517589344294 0.04375
1 0.5583934787454619 0.10078125 0.037401840912470875 0.0359375
1 0.23915936460128612 0.246875 0.04527800790866543 0.0375
1 0.49037435471545443 0.29375 0.04527800790866543 0.0375
1 0.30581496539958886 0.1640625 0.07490184091247105 0.0359375
1 0.35110756076068417 0.10703125 0.03721083992388783 0.03125
8 0.10978222380254588 0.12421875 0.07378500988583174 0.046875
8 0.051150028631731015 0.259375 0.04983817391627661 0.034375
8 0.19756606669218324 0.07890625 0.0412271778706093 0.053125
8 0.4057937662744413 0.31796875 0.05408000494291585 0.0234375
0 0.16887869809938333 0.24609375 0.05241934585538686 0.059375
8 0.33160426080005284 0.7390625 0.10630834980971962 0.078125
0 0.32617395597086773 0.60390625 0.17244268577927463 0.090625