9 0.46484375 0.0796875 0.0453125 0.025
8 0.16875 0.27109375 0.040625 0.0421875
9 0.93515625 0.3734375 0.03671875 0.06171875
9 0.91171875 0.2984375 0.02734375 0.0609375
9 0.94921875 0.18359375 0.0609375 0.059375
8 0.7828125 0.14375 0.06953125 0.09921875
7 0.3453125 0.91171875 0.13671875 0.12578125
7 0.621875 0.9078125 0.08828125 0.07578125
7 0.06875 0.7265625 0.08984375 0.09140625
7 0.49609375 0.83203125 0.11484375 0.07734375
0 0.515625 0.77734375 0.0609375 0.071875
0 0.290625 0.78125 0.06875 0.0703125
0 0.40859375 0.803125 0.10234375 0.07578125
8 0.878125 0.80703125 0.0125 0.0375
8 0.86640625 0.88515625 0.01484375 0.078125
8 0.90546875 0.75078125 0.01171875 0.059375
1 0.81640625 0.51875 0.009375 0.059375
1 0.85546875 0.5765625 0.0109375 0.0390625
1 0.9 0.55390625 0.01015625 0.04375
1 0.91171875 0.6015625 0.01328125 0.0328125
0 0.815625 0.89765625 0.01875 0.046875
0 0.85546875 0.9640625 0.0203125 0.071875