0 0.21002137890298772 0.8642148519653198 0.24626192559888346 0.16995106269890775
9 0.2579420590244269 0.5755517939608655 0.08485303482570909 0.0696954293443632
8 0.5218152877663852 0.2781297119271397 0.07307673111680746 0.14295111600890867
9 0.24396028267800252 0.20172394263209253 0.12489818068726607 0.08889996268299924
9 0.037890625 0.019526704666613638 0.07578125 0.039053409333227276
0 0.19926301560383225 0.013189795989818651 0.10147396879233553 0.026379591979637303
0 0.22093994176854256 0.04635655832272776 0.13928822930778512 0.09271311664545552
0 0.0665938181253093 0.09296820265754588 0.1331876362506186 0.14375109468490826
0 0.3480103748306579 0.10838192795195675 0.2001239099950512 0.18346812269254426
1 0.5727613913390013 0.09561665658818544 0.02186171189493056 0.059593176002545344
8 0.6604860413844298 0.1797002079090042 0.10795634215265544 0.09338746801399936
8 0.7103820635469826 0.4492672732336409 0.0700601944820761 0.02579997867599957