8 0.7014123374044967 0.5120820251670988 0.09883748933799978 0.03609323295387146
9 0.8862327800763602 0.5471449975709586 0.06148294000636341 0.047938668019063255
9 0.645179971395588 0.4474252357998358 0.06782384667409058 0.055860262174864596
9 0.7761754327259519 0.42325925852800717 0.08137726933481808 0.012355724025417559
0 0.7583179600970411 0.7017524513038368 0.10541475334181775 0.06432732710967279
0 0.9722322727164068 0.7854477926202644 0.05553545456718645 0.14018071509696384
0 0.5342810234324954 0.7212912041432106 0.02899770401018138 0.0754909237011061
4 0.815545373368862 0.24753650974582322 0.14814769334818118 0.11193871266133196
1 0.6993931146960441 0.20424225162814835 0.0677329400063634 0.048047762174864596
0 0.6619391153723619 0.2760042033324317 0.09892839600572714 0.04390573295387146
0 0.17205264875076887 0.6166538916407391 0.3331783160407254 0.3057547167185216
8 0.2702196181174037 0.8603027057647683 0.11622498400699968 0.05358074188232535
0 0.08981976205440659 0.39929484212720645 0.06780566534054513 0.054297762174864594
9 0.17808228337840704 0.3289902504070371 0.07242044000636332 0.04812958279171564
0 0.037911816717043134 0.3705073689125677 0.0686056440165447 0.1230477621748646