0 0.203125 0.5625 0.1125 0.11171875
0 0.04609375 0.3046875 0.0921875 0.115625
8 0.0734375 0.15703125 0.09921875 0.0640625
8 0.1453125 0.03203125 0.084375 0.0640625
9 0.25234375 0.36640625 0.05390625 0.10390625
9 0.81171875 0.278125 0.1171875 0.12890625
8 0.65703125 0.2984375 0.0734375 0.0984375
8 0.590625 0.39609375 0.08984375 0.1078125
8 0.51796875 0.5859375 0.075 0.0640625
0 0.97109375 0.590625 0.0578125 0.053125
0 0.721875 0.72578125 0.10625 0.08515625
0 0.7109375 0.9171875 0.09609375 0.08515625
0 0.853125 0.725 0.10390625 0.08125
0 0.6234375 0.990625 0.10078125 0.01875
0 0.5796875 0.8640625 0.075 0.06796875
0 0.9125 0.81484375 0.08984375 0.0796875
0 0.97421875 0.66171875 0.0515625 0.0890625