9 0.46427062415328935 0.5854967758454509 0.013066566033373661 0.041134422249741044
8 0.022991606174607902 0.8241310128202816 0.045983212349215805 0.06301373035529281
8 0.29113301730131286 0.6314705936709124 0.06446529172311397 0.040410984284234175
8 0.1319583339005133 0.7846040940851973 0.03897396879233552 0.02987159057054072
8 0.1849228816165212 0.8050835680303493 0.03889208163720577 0.028309090570540717
8 0.22851907338506372 0.854886668939972 0.058297178878243816 0.04168238585581108
8 0.05347920906985546 0.6681742653014809 0.04571529172311404 0.039537688998963996
8 0.20866135402690134 0.6808840887085138 0.04555151741285455 0.036412688998963993
8 0.17803107248055258 0.8768130188161376 0.05821529172311406 0.040119885855811076
0 0.28349749547744424 0.13459343961813655 0.07186171189493056 0.06257708271265772
0 0.10278308401205498 0.13087547249741002 0.08131859905006031 0.06457623035529289
9 0.45527848371879925 0.45820652977439236 0.04522396879233561 0.030162688998963995
8 0.6966239422228278 0.9338594629823881 0.14602955223856356 0.10967471463952734
8 0.5659482315710926 0.7374659983428609 0.14208568068726618 0.09390416542531561
0 0.52039114936806 0.560700137094156 0.10055992198083885 0.07482452564056316
0 0.6979960917024295 0.8180161391610706 0.1276137449116174 0.08543669396136266
9 0.9859607541838715 0.1500817382086665 0.019234678878243726 0.039863020678164406
8 0.6222180794894993 0.27645787778853104 0.05821529172311415 0.0401198858558109