4 0.40427185188577797 0.836588196610457 0.17769083736472577 0.23328630935709
0 0.3142735605506417 0.8509148732893201 0.06533519334818116 0.1101204346753633
8 0.25143665853759684 0.9477267859643653 0.07589088534372683 0.07743520401018138
9 0.7507143312778661 0.39980307523077746 0.09186133068109026 0.10730451734563581
1 0.6491876466025029 0.4650382712444586 0.06468066534054522 0.0538704346753633
1 0.6994967292727755 0.43789396857100443 0.05399770401018138 0.07561816534054522
8 0.9306392832988652 0.24304290320659674 0.0980022426798179 0.09800224267981754
8 0.703985329288684 0.32067010590391354 0.05381589067472703 0.05999316534054513
9 0.8329599258832326 0.8503474205522326 0.07447383601209054 0.08991702267663584
9 0.7729213072088239 0.9080695612269594 0.08855451734563573 0.09164315467854464
9 0.7390013878899142 0.8022286412317319 0.08248633068109026 0.10719542934436319
0 0.573449113224096 0.797905862587549 0.1060692813494537 0.11996814934754489
0 0.9618672705681408 0.7144906418682788 0.06115677068745384 0.15381589067472684
0 0.9360400198918232 0.7858752932050059 0.08241360534690863 0.1009454293443632
0 0.8592144378978684 0.7422440192155054 0.11404541335136287 0.1341215560152719
0 0.9622774452578217 0.5449775732018243 0.06382723734881743 0.11478975334181776