3 0.7995876515948614 0.24744188689377739 0.08953658510611114 0.09157537799792799
3 0.6324702739356945 0.1238332206398924 0.08648432028847228 0.09455482878371631
8 0.8001123688254517 0.13557758767956565 0.08299564437666689 0.07878427956950462
8 0.7141216238594447 0.20449671567749367 0.07256729065319459 0.10014985731976359
8 0.5487908306407989 0.39286151054847923 0.08186955547083344 0.09746150496239867
8 0.8176674639995489 0.3521828908227188 0.0797615416031249 0.0739512303552928
8 0.5439845358066326 0.8248028693159849 0.05937761284152785 0.13699488585581107
8 0.25051175911805573 0.14475161207727455 0.05069229065319458 0.09913101282028158
8 0.8403256736306949 0.45201807093034263 0.05999455547083343 0.09644266046291676
8 0.768723430564549 0.4670844528572121 0.080670731382639 0.1130137303552928
8 0.6431200992581599 0.27897448490791604 0.07689111474138884 0.08474318114108108
8 0.5755566184442019 0.5683687787454442 0.08564917211208342 0.12573205417661057
8 0.8535394141313895 0.7173155851983664 0.06613545269729144 0.09204625889134022