8 0.3977827601296852 0.5670704573761981 0.1812672324222075 0.2736601235152495
8 0.8310918738595896 0.674081604644124 0.08332623035529281 0.08044366943775678
8 0.6834206612869771 0.7197170504083467 0.074349336641599 0.0552163489046432
9 0.9606831362655864 0.8768010908540707 0.05483735731976367 0.07181281551854823
0 0.3264983416039978 0.14213264185764962 0.06541098428423435 0.06431856426490726
0 0.22320636765884577 0.0852939569804867 0.08492296360606985 0.047722097651002125
0 0.45576846463952714 0.15369593065402082 0.05432793507002263 0.0608753155185485
0 0.046714488213175726 0.048170727038746405 0.09070208271265773 0.07129598997087014
8 0.4150664977236884 0.3686245971887837 0.0651198858558109 0.05806856426490725
8 0.44393205231458366 0.3015878613745486 0.03677656203449331 0.05256271034569906
8 0.35915894602827736 0.3240873355103012 0.07693068114108108 0.077136813011266
8 0.48793891749223006 0.34187789225336107 0.049203787427387444 0.05136392319868044
4 0.8086002121583278 0.12417253285736944 0.06940927956950489 0.0831594924781526
4 0.809066784946188 0.033683925177237485 0.06188356989237605 0.022085600158284556
8 0.5990198126536658 0.31468255793019406 0.07878427956950454 0.08343227711788873
8 0.6227718740689866 0.12110605416927038 0.07075345574818712 0.07851745658477531
9 0.6817124962759463 0.4317767812080168 0.05399829528527036 0.020295779625171307
9 0.5314491689399722 0.28775033339873013 0.02202485731976367 0.07085806927947216
0 0.8067359592628437 0.23490544437756739 0.07522263192686936 0.07396634890464338