9 0.269503458041914 0.15007689034162972 0.09106133723582169 0.07869268577927473
9 0.22389097619228665 0.1997930474519924 0.08646474082661779 0.09412668479069156
9 0.6988960422526735 0.08395973079699019 0.11627041549465282 0.11564885771838496
0 0.6581694856602563 0.5027123893902277 0.08164997579950324 0.07206068380210837
0 0.7326609464326449 0.4588615717094612 0.09741133118569749 0.09613485376405233
0 0.7557484676080797 0.5199728266523771 0.10179884933607006 0.044763354752635466
0 0.9571024102300957 0.4297165356633563 0.08172269867214013 0.08456068380210838
0 0.5861546268562166 0.2551887905690912 0.07854315651766246 0.07505834980971962
0 0.8357364703385542 0.33725050996019384 0.0879272468767418 0.07700285178688589
0 0.7678773255283566 0.1813241621276406 0.09428633118569749 0.09600751977166348
0 0.6366040787498106 0.3142892179454089 0.08164997579950324 0.07206068380210837
0 0.5461750423508694 0.14259594866803701 0.0989647408266178 0.09463602076024666
8 0.21625715808879625 0.9696360207602467 0.05039997579950315 0.060727958479506586
8 0.3497105284039093 0.8699211581361268 0.04589428298109555 0.1018463428896375
8 0.14582804606330257 0.5888926981365644 0.031768150467538184 0.09033583992388791
8 0.24259746517219272 0.879622468896811 0.03791815651766246 0.07340300790866508
8 0.35957692867505575 0.651521326615196 0.04895565046753818 0.09103617688202607
1 0.324534308163551 0.6305575692008223 0.02852497579950315 0.06989600593149917
9 0.6914677989901689 0.554862479808407 0.0783158975406721 0.035995849809719614
9 0.6219314829297818 0.6872173819758538 0.08174087939029935 0.08768568380210837