8 0.48828125 0.0484375 0.07109375 0.096875
8 0.26484375 0.3046875 0.06875 0.0953125
8 0.21640625 0.3890625 0.065625 0.096875
8 0.19140625 0.2765625 0.06171875 0.08984375
8 0.359375 0.22734375 0.05234375 0.0703125
8 0.20078125 0.49921875 0.08359375 0.11640625
1 0.65859375 0.209375 0.04140625 0.1078125
1 0.6390625 0.0984375 0.059375 0.08828125
1 0.5921875 0.1171875 0.046875 0.08671875
1 0.80078125 0.04140625 0.04140625 0.06171875
1 0.77734375 0.309375 0.04609375 0.0671875
0 0.83515625 0.45 0.06328125 0.08828125
8 0.69765625 0.0203125 0.0375 0.040625
8 0.8390625 0.00859375 0.040625 0.0171875
8 0.8375 0.0921875 0.046875 0.065625
0 0.92578125 0.59296875 0.03359375 0.0515625
0 0.9546875 0.50234375 0.046875 0.08671875
0 0.840625 0.528125 0.0546875 0.0828125
9 0.184375 0.86640625 0.05 0.0421875
9 0.096875 0.7015625 0.05546875 0.03671875
9 0.04453125 0.696875 0.05546875 0.040625
1 0.19453125 0.96171875 0.0796875 0.05859375
8 0.603125 0.715625 0.08828125 0.06171875
9 0.834375 0.65703125 0.065625 0.078125
8 0.7671875 0.75 0.05703125 0.07265625
8 0.859375 0.8234375 0.06328125 0.1203125
9 0.7109375 0.7546875 0.0328125 0.04921875
9 0.73046875 0.71875 0.0421875 0.06015625