9 0.43759596965118314 0.15332200536275314 0.07840680113146821 0.048892017953980904
9 0.3472391352440319 0.19888851453613532 0.09873748184962743 0.052135192622015894
9 0.6974008209321608 0.9001207790722706 0.07212043969514959 0.04260565651766228
9 0.08315443022717992 0.3278164486721401 0.06580680718159235 0.03163179508134393
3 0.41656391138943627 0.8352078096174793 0.07838862041330899 0.04576701795398108
8 0.8752454396951496 0.047278101084585925 0.09875566256778683 0.055260192622015925
8 0.8220709636010589 0.1727457336963391 0.07210225897699055 0.039480656517662416
8 0.6412658703151131 0.11388329722264326 0.08929884933607006 0.04114315046753818
8 0.23729702956324994 0.36933684904148245 0.059574987899751616 0.034720433645025486
8 0.8321889113894363 0.8376258451326576 0.10502384328594587 0.05842155405833438
1 0.16403731244614966 0.5337488069852007 0.07524543969514967 0.04262383723582168