9 0.6790775469280557 0.8037540070338226 0.08156816256778665 0.058471779569504535
9 0.6847094025106417 0.6972129086053991 0.08320338544042354 0.07104455417661057
9 0.9154730682998821 0.6028485167537323 0.08469316256778683 0.05861732878371626
4 0.16494985177195698 0.4135251908609908 0.1255454215447771 0.09957196856846853
8 0.41913283684303815 0.31494417990273604 0.11922269867214012 0.08678087014004517
0 0.3159260236113216 0.30568480397172265 0.08163179508134392 0.06940927956950453
8 0.15297358918072926 0.7727739123249435 0.05029998184962738 0.05389128742738745
8 0.1805582336963391 0.8129066067005912 0.06600679508134392 0.0686815334984459
8 0.23150311015977226 0.8386664319696507 0.05030907220870695 0.05545378742738762
8 0.45503956234795384 0.5766243885464072 0.04863748789975162 0.03663101282028158
8 0.11009171847283275 0.9240303513239077 0.05962953005422929 0.04651543507002245
8 0.3586695981577197 0.8022665514905233 0.18833631303532475 0.15248295285270289
8 0.535436110356164 0.6947878835840084 0.06281816256778647 0.057598484284234176
8 0.3097003121515621 0.7131163143108049 0.05336134933607006 0.04309933664159917
8 0.4294128484523073 0.6043876695636539 0.056504530054229285 0.0463698858558109
8 0.23994739011580565 0.9468963089341214 0.0706670240041051 0.06421235731976367
8 0.3445065833269968 0.6513226356509231 0.04238748789975162 0.03633991439185813
8 0.031516745698391656 0.8503253316792005 0.05350679508134395 0.06809933664159899