8 0.1484375 0.07109375 0.0890625 0.06171875
8 0.4421875 0.36796875 0.053125 0.0546875
8 0.23046875 0.3203125 0.0671875 0.08046875
8 0.33515625 0.3515625 0.07734375 0.084375
8 0.0984375 0.48671875 0.06484375 0.07421875
9 0.51328125 0.1921875 0.06015625 0.07421875
0 0.28671875 0.17890625 0.0890625 0.059375
0 0.2171875 0.1390625 0.07890625 0.0578125
0 0.98125 0.3375 0.0375 0.0625
0 0.17421875 0.83828125 0.10859375 0.12578125
0 0.29140625 0.9125 0.13359375 0.1
0 0.38671875 0.6703125 0.11875 0.146875
0 0.259375 0.58671875 0.05859375 0.07578125
9 0.5890625 0.6734375 0.08828125 0.0859375
0 0.05859375 0.8671875 0.08203125 0.0875
0 0.01796875 0.75390625 0.03515625 0.046875
0 0.00625 0.81640625 0.0125 0.0609375
0 0.1640625 0.57734375 0.08203125 0.05625
0 0.3984375 0.865625 0.05546875 0.0484375
0 0.53203125 0.7734375 0.1421875 0.0890625
8 0.784375 0.89921875 0.08359375 0.12421875
8 0.91171875 0.95078125 0.06875 0.06796875
8 0.81484375 0.97109375 0.075 0.0578125
8 0.8703125 0.7734375 0.08046875 0.07109375
8 0.92421875 0.559375 0.06015625 0.02109375
8 0.89296875 0.61171875 0.03984375 0.04375
8 0.9765625 0.709375 0.046875 0.0484375