9 0.34765625 0.2296875 0.04375 0.04609375
8 0.378125 0.22890625 0.04140625 0.046875
8 0.31171875 0.03515625 0.04140625 0.04453125
0 0.15546875 0.0546875 0.0640625 0.07734375
0 0.11875 0.1796875 0.05625 0.0640625
0 0.74140625 0.36875 0.053125 0.11875
0 0.659375 0.37109375 0.0671875 0.08125
8 0.72109375 0.1203125 0.0421875 0.07109375
8 0.73828125 0.18515625 0.0296875 0.05390625
9 0.253125 0.53671875 0.05 0.0796875
9 0.21328125 0.85859375 0.0328125 0.0625
9 0.3203125 0.8671875 0.03984375 0.05703125
9 0.375 0.90390625 0.0453125 0.07109375
9 0.09375 0.81953125 0.034375 0.06875
9 0.065625 0.9109375 0.03125 0.04609375
1 0.58359375 0.77109375 0.05 0.08984375
1 0.6203125 0.79375 0.04140625 0.0796875