8 0.6651483799164698 0.8459375927279075 0.07663670783841639 0.05886905771188111
8 0.697630607813146 0.9645387374709463 0.05521634890464337 0.07092252505810741
8 0.828414505014565 0.07272332593768445 0.09629598997087001 0.09077382213985134
8 0.1800080972552907 0.0758879213215447 0.08939277210332372 0.12175100362819709
8 0.33003421166584723 0.45650798266162285 0.06789820533113407 0.08041667549789597
8 0.675843153669146 0.5858904701325691 0.11859219028743943 0.21330358656782167
9 0.07181958023303886 0.7032192584375204 0.07428459765100211 0.08532243030721923
9 0.7735783085254265 0.6940973289329093 0.09987563103709682 0.10650794954451293
1 0.5401256478631584 0.8423537465414389 0.05172763605166182 0.06112103847458741
0 0.9339106840857401 0.2367263169520098 0.12676840314042082 0.22607640507947585
0 0.7383086790711751 0.18610129045832197 0.14863137978345567 0.11913692431676956
0 0.3127748523363626 0.5927629411918106 0.14180236975432586 0.2063095421027846