8 0.38816918520636734 0.7232299843837102 0.1164266335443794 0.08191359621281205
8 0.3696190766683055 0.8910623789975158 0.06753449247815269 0.06600679508134419
1 0.3911016200835303 0.82401123438371 0.06947742570596285 0.02539997579950324
1 0.45372364053750136 0.8017231439264346 0.06515363855894449 0.03787270472226432
1 0.6334134890464334 0.7223134207592101 0.08904577962517113 0.05363406010845857
1 0.6810864594212621 0.6694747670702181 0.07756271034569906 0.034820427594901206
0 0.7725114974927175 0.026365637385331153 0.157522994985435 0.04465903590796176
0 0.8469695913827959 0.14240424872345375 0.08085284639736087 0.09420451795398091
8 0.4554724131695506 0.13700211377400953 0.08895485141192587 0.05050906010845857
8 0.5283272399708702 0.09055890583029136 0.06975021034569906 0.03477497579950319
1 0.05191108795107665 0.7907931716429729 0.05426160266556703 0.03937157220870695
1 0.05151994602692002 0.938422150565734 0.05011967194503919 0.05809430113146803
1 0.10429560503983548 0.9535704275949012 0.04079013605166191 0.05960225897699019