0 0.0171875 0.4203125 0.034375 0.13125
0 0.103125 0.48984375 0.09140625 0.11015625
0 0.00703125 0.26328125 0.0140625 0.08984375
0 0.04375 0.2890625 0.04765625 0.0796875
0 0.1890625 0.3296875 0.11015625 0.18203125
0 0.22734375 0.5328125 0.0546875 0.0953125
0 0.1234375 0.321875 0.06875 0.09140625
0 0.0859375 0.15859375 0.0859375 0.0796875
0 0.47734375 0.36171875 0.08515625 0.06640625
0 0.3671875 0.34140625 0.07890625 0.06328125
0 0.446875 0.4234375 0.1046875 0.0734375
0 0.71015625 0.4390625 0.1828125 0.11171875
0 0.80390625 0.5375 0.16875 0.08515625
0 0.81796875 0.4578125 0.0765625 0.078125
0 0.42265625 0.33828125 0.03984375 0.03671875
0 0.3984375 0.27578125 0.05 0.03984375
0 0.68359375 0.49609375 0.11875 0.0703125
1 0.11953125 0.73984375 0.07734375 0.121875
1 0.0421875 0.721875 0.05625 0.103125
1 0.02109375 0.62890625 0.0421875 0.0984375
9 0.24453125 0.89609375 0.0890625 0.1453125
1 0.59140625 0.67578125 0.10390625 0.13203125