7 0.20430831700140123 0.8048238761387173 0.04891268899896399 0.04538691106992587
7 0.2682231137344136 0.8392509506408213 0.04913101282028158 0.05007441106992587
7 0.22707157485928411 0.8352281387525892 0.042517139784752266 0.042043656260602094
7 0.17315251633944745 0.7536532457388307 0.049203787427387444 0.05163691106992552
7 0.20502325455262316 0.7057415353945445 0.04564213978475227 0.04215278366526398
7 0.1720908223780847 0.8769270546318382 0.035976041356328856 0.03557540145127902
7 0.30519442080650816 0.8660391399337154 0.05410961124870504 0.05648810217691817
7 0.18718078308867045 0.7204042361201839 0.03612159057054058 0.03870040145127866
7 0.18913073490791604 0.6282985816736801 0.05098461124870499 0.056378974772256465
7 0.21970864681857485 0.6248908394782285 0.05410961124870504 0.05648810217691817
7 0.25248045140947006 0.6916046243246188 0.07580482878371626 0.0868849303072194
7 0.21633959016076504 0.7474652439247322 0.06413958271265771 0.0708779843909035
7 0.18118118610798908 0.7822321135248456 0.05091183664159913 0.054816474772256464
7 0.3399547185729778 0.8063268340359329 0.035976041356328814 0.03557540145127867
9 0.14812497684063622 0.05176585272507241 0.0700257096771284 0.06328373920022681
9 0.00912878928941426 0.349427081125526 0.01825757857882852 0.07614583774894798
9 0.4349720436326404 0.3069419037287135 0.02246150496239885 0.08034226442797028
0 0.3832983434660247 0.059932983673113185 0.07751287799792798 0.09006449400955023
8 0.41581543693204936 0.13211551851950348 0.07918669396136266 0.12600199400955026
0 0.04921875 0.01953125 0.0984375 0.0390625
1 0.5900447256022912 0.5277206512816428 0.08714043507002263 0.06232143992586625
0 0.8175553337506243 0.7506496866761874 0.06482878742738726 0.05218254809323426
0 0.702416177216649 0.8279884913928435 0.05908820967712849 0.06290179328391084
9 0.6900296472328595 0.759002878416152 0.05240156203449331 0.05330853847458741
0 0.5267015870558839 0.07910459120750901 0.11174232878371626 0.08813989546082905
0 0.6351305171635078 0.09559763204434911 0.0916823858558109 0.059360131032858796
0 0.4752417868082149 0.1791790022774347 0.05218323821317572 0.04862103847458736
0 0.6393898699351575 0.2553446542768677 0.06853598428423417 0.06479167549789597
0 0.8052268473949662 0.06079850219261669 0.08437930810555194 0.07002481252120449
0 0.8535615318458163 0.24552567705754047 0.048330492142117265 0.032886911069925695
8 0.7443920471472971 0.1612002954765275 0.08459763192686935 0.0747123125212045
8 0.7884652247737216 0.21971963440660183 0.0811815334984459 0.06835318511654283
8 0.6955928281645438 0.13716508395111487 0.08103598428423435 0.06522818511654283
8 0.6686257597199097 0.2137647894860777 0.04847604135632881 0.0360119110699257