0 0.9390625 0.08899945687826352 0.121875 0.17799891375652704
8 0.4352756082126765 0.1079494786297566 0.08341467787060922 0.05501611474138897
8 0.5475700197716635 0.08109407826916622 0.06677100593149898 0.029652438829583395
8 0.5106947608744149 0.03972484907072874 0.07652800790866543 0.039245644376666736
8 0.45740793479069153 0.07537271476204824 0.06989600593149917 0.0297251740119445
8 0.10363031326932318 0.29787249591593745 0.07914367193911027 0.026818379559027862
9 0.2968723414067626 0.03140777526687475 0.05076400395433271 0.01991376291777782
8 0.21939723471414183 0.3178557279641665 0.06026633794672147 0.02325696846486114
8 0.0636791339158391 0.23858906810427077 0.04776633794672149 0.022966027735416717
8 0.1213788873758802 0.2536679010261805 0.055706171939110274 0.0262728656913195
8 0.1605514753226017 0.27465189504225684 0.054143671939110224 0.02623649810013893
8 0.17664204893486712 0.22813991774368042 0.06364600593149902 0.02957970364722229
8 0.5008913379467215 0.010237370822221804 0.04920150395433272 0.019877395326597262
8 0.5200936185927999 0.15524074629718707 0.07627333992388792 0.03299564437666671
8 0.6323933473382617 0.05175011075423559 0.0666436719391104 0.026527438829583395
8 0.5840698883644635 0.24759059403673564 0.05739600593149916 0.02943423328249999
8 0.5516420489348671 0.21941169586034678 0.038264003954332715 0.019622822188333444
8 0.621861707033813 0.17711378666604113 0.04776633794672165 0.022966027735416717
1 0.8736655124316517 0.8296893535360409 0.017917011862998322 0.05661367591180557
0 0.9775147767289267 0.49961803419749923 0.02732118676785795 0.09585801386770836
0 0.9294101991623286 0.5281073633196867 0.024676347832553347 0.06925914627652788
0 0.9556424353221642 0.4618095628828465 0.025695019771663396 0.09425914627652787
0 0.8718377796946764 0.516153530397777 0.024676347832553347 0.06925914627652788
0 0.8220062174511173 0.6174082122935063 0.027928681824941747 0.07245688145888884
8 0.6124017016709675 0.9429030940367357 0.06750051779449713 0.08586607123840295
8 0.5316372495428895 0.38096744491041623 0.08239600593149898 0.03001611474138901
8 0.08880510380123333 0.4905873259880555 0.14380303262324476 0.157887848023889
8 0.28586578760334164 0.5673277446816665 0.06217634783255317 0.07013196846486114
9 0.26553072437119957 0.6632039423449652 0.06555601581733077 0.07645470364722229
9 0.15658278319189844 0.944910496865868 0.05123884783255326 0.06987739532659702
9 0.10108226931455296 0.48482763525861106 0.04923067885919248 0.05890352773541672
9 0.31807610973273237 0.5134026576756942 0.04030134783255317 0.06962282218833345
9 0.3468696131927735 0.5291542910344441 0.037049013840164416 0.06642508700597212
9 0.3788226087441492 0.5072968216196525 0.04042868182494193 0.07274782218833345
9 0.4172934956257378 0.7605484549784025 0.03985567885919252 0.058685322188333444
9 0.3629879976029041 0.771196320669722 0.04317167984777566 0.06344555737069442
9 0.3219107169568257 0.6267020914712844 0.04310801285158128 0.06188305737069442
9 0.4611774412908442 0.8971574489944789 0.03704901384016459 0.06642508700597247
9 0.03531800646297168 0.4253630227014236 0.03829317885919249 0.05864895459715278
9 0.09688024756572311 0.3817026352586111 0.041007001977166356 0.010320557370694417
9 0.26184594475088535 0.91821875066559 0.0321068458553869 0.06006598423243048
9 0.7578415356633563 0.9426459080569437 0.02553851087441501 0.05210801386770854
9 0.5198640331918984 0.9364550319163885 0.04916701186299797 0.057341027735416716
9 0.23178046547395095 0.6217619779641664 0.03979201186299815 0.05712282218833344
1 0.27411915718472474 0.7396391557758332 0.05548067885919252 0.059048998100139014
9 0.4650399985543062 0.3778255675355899 0.05857650395433254 0.020095600873680654