8 0.6399197597468849 0.7919496739068801 0.03801521046687384 0.06410104135632881
8 0.9188784886296102 0.8471100930562491 0.09114021046687384 0.06657537799792798
8 0.7755009439759867 0.7660506457851175 0.11131547355046649 0.14542812406898661
8 0.6931343069607572 0.952411984907916 0.055127115756780753 0.03684933664159899
7 0.30497155219319544 0.4479836199351574 0.10087923151356133 0.07326202564056317
7 0.21291358383381373 0.3872516352366383 0.0712981473268118 0.04695208271265781
0 0.42231169966118165 0.33754692597379465 0.11447129465362345 0.09259422249741008
0 0.5192699996470642 0.34791503763678444 0.12530237884037304 0.11803087014004525
0 0.2777349470303457 0.3434973271310865 0.11632222099021768 0.0708647717116218
8 0.8727828655450193 0.21707799069888428 0.13777155773721575 0.17159251778268025
4 0.9545011153332578 0.4365321579862266 0.07199536831702957 0.11243153349844608
4 0.8117158339044008 0.28494188689377736 0.055824336746998424 0.10232878742738745
0 0.6905241023908395 0.22164998242671669 0.058949336746998426 0.10247433664159918
0 0.7206148788403731 0.07924200455262317 0.05875191567207612 0.1258390620344933
0 0.6641828683170294 0.07873689040843404 0.051789284130279965 0.08655823821317572
0 0.8371198393778343 0.06206515901968386 0.06585178413027962 0.08721320967712845