0 0.14296875 0.21015625 0.10703125 0.06796875
0 0.175 0.3796875 0.096875 0.06796875
0 0.028125 0.22578125 0.05625 0.0640625
0 0.2765625 0.440625 0.10390625 0.01875
0 0.3078125 0.315625 0.07578125 0.05625
0 0.04765625 0.03125 0.0953125 0.0625
9 0.88359375 0.27734375 0.13125 0.14453125
8 0.35078125 0.72734375 0.18828125 0.10390625
8 0.42890625 0.54296875 0.05546875 0.075
8 0.20703125 0.55390625 0.10546875 0.090625
8 0.14140625 0.46875 0.12421875 0.0375
9 0.0640625 0.7078125 0.07109375 0.053125
1 0.09375 0.99375 0.05 0.01171875
1 0.22421875 0.946875 0.0359375 0.040625
1 0.378125 0.99375 0.034375 0.01171875
1 0.4328125 0.62890625 0.0296875 0.04765625
1 0.45859375 0.68203125 0.02265625 0.05078125
8 0.303125 0.59765625 0.096875 0.0796875
8 0.44296875 0.87734375 0.12265625 0.1125
8 0.53125 0.83984375 0.04296875 0.0578125
8 0.63046875 0.7640625 0.0796875 0.06640625
1 0.60546875 0.825 0.03125 0.04921875
1 0.53359375 0.7328125 0.02421875 0.04296875
1 0.9234375 0.45703125 0.05703125 0.015625