8 0.15390625 0.5140625 0.1125 0.04921875
0 0.12890625 0.42734375 0.0890625 0.12265625
8 0.48203125 0.01953125 0.06640625 0.03828125
8 0.79140625 0.4734375 0.06328125 0.084375
9 0.74375 0.38359375 0.06640625 0.09375
9 0.5578125 0.146875 0.053125 0.08203125
9 0.8375 0.50546875 0.040625 0.065625
9 0.859375 0.48046875 0.03671875 0.07890625
9 0.89609375 0.4859375 0.04296875 0.084375
9 0.85625 0.2015625 0.0421875 0.06953125
9 0.80234375 0.21875 0.04453125 0.0765625
9 0.80625 0.39140625 0.04296875 0.0734375
9 0.85625 0.03671875 0.03828125 0.0734375
9 0.6140625 0.01484375 0.07578125 0.0296875
9 0.6640625 0.11875 0.03359375 0.07109375
9 0.725 0.4453125 0.040625 0.06796875
1 0.72890625 0.29921875 0.05703125 0.07109375
8 0.2671875 0.86875 0.11953125 0.17421875
9 0.6296875 0.70625 0.0609375 0.08984375
9 0.82421875 0.975 0.025 0.0328125