0 0.23608747311658257 0.35035910343913174 0.042380206781644336 0.17267508700597228
0 0.16687305438149824 0.4763234978157985 0.03914389081820957 0.1367012194147918
0 0.07407989453775403 0.6669686412425346 0.022679828783716306 0.08481141109416672
0 0.13487399937631825 0.6960554227776735 0.040124193961362756 0.12423758700597229
0 0.11352553825144776 0.691077635258611 0.03438361621110375 0.13502961664125018
9 0.579993792594674 0.513633821335312 0.06130568114108108 0.07634560087368066
9 0.7747048250596625 0.47938218864215215 0.07838617328319834 0.10795927678548622
9 0.8729025765074047 0.42156772901100614 0.048878455748187125 0.07761716014423606
9 0.888484727045524 0.319532450325659 0.04964043507002245 0.06046602773541672
9 0.6671084948282043 0.45294893484243 0.05334763192686935 0.07303876291777786
4 0.7864898875084407 0.37978157893475634 0.09066784946188093 0.10356271751493065
1 0.7026863141014079 0.22609484090260362 0.09593754631872749 0.11617182028847228
1 0.6838892723307943 0.3430647885659022 0.09121150496239867 0.08172408510611114
1 0.7661924658778723 0.6156651807583675 0.06116013192686935 0.07322060087368065
9 0.8968451906515937 0.36469947996093677 0.051639582712657985 0.0698773953265972
9 0.44339689722835035 0.15000969206062464 0.07736732878371626 0.08608427678548614
0 0.3361069753883849 0.9361680104492358 0.11984592721213971 0.0933162017473613
0 0.5074340117823152 0.8868187078281939 0.06359161910658777 0.024892203647222288
0 0.6406831594249502 0.8931024625778466 0.257200377997928 0.09339154977125048
0 0.7365564315508568 0.8525482381290619 0.14258991439185814 0.04546058320625015
1 0.4758736426757272 0.864090375856215 0.04760274607105863 0.016716027735416715
1 0.5027957076057046 0.8040243916237844 0.06017552067816432 0.018569468464861315
1 0.571836806034128 0.8086742176118399 0.04582192224974087 0.011992160144236408
1 0.5364087282838691 0.8204481722089927 0.041352746071058634 0.016570557370694416
1 0.6317190742310931 0.7845996315557981 0.04774829528527036 0.019841027735416718
1 0.7680654507812792 0.9245498714878119 0.052435795285270356 0.01995013050895835
1 0.8020915403183624 0.8658827330950689 0.060248295285270356 0.020131968464860962