8 0.1880619793125464 0.15754366232843764 0.08564769334818112 0.11133884992375007
4 0.25013417063177434 0.2629227997712502 0.044549978675999566 0.06976829255305557
4 0.1609358579726376 0.20536291327836817 0.036664753341817756 0.06333645459715279
4 0.22268932861236612 0.40529148451677105 0.09834768801718105 0.12881729065319458
4 0.3099075179424117 0.43154681962288216 0.04745680267345422 0.05109102773541672
0 0.09075062730745573 0.19278887167524314 0.0382272533418178 0.06337282218833336
0 0.09405798798536431 0.11003092306201397 0.038372704010181335 0.07587282218833336
0 0.06425230931731891 0.11949618882958339 0.03343066534054513 0.053888719414791675
0 0.1561403646562732 0.08021744291364596 0.041279528007636034 0.05719555737069446
6 0.858139216661364 0.059046491353716 0.05715906667727211 0.07943423328250003
6 0.7508170653246367 0.08155531135784785 0.0444954346753633 0.06508079255305559
6 0.6741363866565914 0.08992954939000057 0.10937609468490823 0.13688436379145844
6 0.5880358019971366 0.03478614807947966 0.07391021467218159 0.04233427678548618
6 0.501689221992364 0.06794218056454904 0.08561133068109025 0.10821384992375008
6 0.47305459731063737 0.17824324771888927 0.03030566534054522 0.05381598423243057
6 0.7918415073201824 0.1153315525241326 0.06337270401018139 0.07645470364722229
6 0.47041939863145615 0.2703943801277087 0.02756247334499946 0.0865557490500695
0 0.19850310988227812 0.8720425734226044 0.044549978675999566 0.06976829255305575
0 0.2463604492361863 0.7215529173624308 0.028743165340545128 0.05377961664124999
9 0.25918607121264187 0.895335909478646 0.027089758672817866 0.04593074905006951
9 0.2286258672024606 0.9696449252462156 0.019168170671545148 0.036373911094166544
9 0.20199064186827878 0.975276676196146 0.022347714672181596 0.04113414627652787
8 0.19515248524032247 0.6898840368534724 0.03488407733927246 0.044550087005972114
8 0.2032820638924595 0.7971334924005558 0.01606135200509069 0.037863675911805575
8 0.16215652987750562 0.9063623688254516 0.02887043467536321 0.06471711664124982
8 0.7490229199156857 0.6386956641313896 0.07252952800763594 0.05792290919430556
8 0.678284253262276 0.5393665049370838 0.06464430267345414 0.05149107123840295
8 0.8132474098902323 0.8277412867565633 0.07091248400699968 0.0531990416031249
8 0.8024382739099586 0.6821378460271188 0.05363407733927232 0.044986498100139015
8 0.6920354812221869 0.8350790484400701 0.11978633601209036 0.09182643692972228
6 0.7437877905395058 0.9441922899876044 0.22647268801718107 0.11161542002479123
6 0.6185974338797328 0.9005754554501741 0.060029528007635946 0.05763196846486096
6 0.5750559718730514 0.9487940966927088 0.05036362667090888 0.032413762917777686
6 0.5996923452021423 0.9774038536750176 0.07089430267345413 0.04519229264996483