8 0.3227460254356754 0.31175847785229943 0.04880568114108117 0.07658234736759476
8 0.09398328639393014 0.048668167693347635 0.07409677956950458 0.0837053666048885
9 0.2458710022763116 0.3661979519915838 0.05977741439185813 0.044206356986241604
9 0.23986075082856956 0.310429101628764 0.04607878742738745 0.05152778366526398
9 0.21720665488134547 0.2759896142426358 0.04102741439185813 0.043551592558271415
8 0.32262405500517993 0.23037206859647225 0.09470037799792799 0.09066469473518968
8 0.24477303680821488 0.20496035162876405 0.048005160462916766 0.05939484736759475
8 0.3995097326316045 0.29331106741534596 0.04934933664159917 0.054761911069925694
9 0.8363590692732036 0.25535477666332385 0.028891287427387623 0.05092758293962456
9 0.7960979423087329 0.2461236204027216 0.033578787427387624 0.05109127404661713
0 0.8119841155919312 0.1402555663190376 0.05945208271265763 0.07071429328391084
0 0.6029686805219086 0.19242815761136461 0.1276198858558109 0.06061509618646852
0 0.6153124768406362 0.07861119427185348 0.06482878742738744 0.052182548093234214
0 0.003357093570723193 0.7452132962791357 0.006714187141446386 0.10136409255827132
0 0.02745710421939168 0.5192782788559406 0.05491420843878336 0.1760565577118811
9 0.5066157954946673 0.547457908792491 0.019952935070022448 0.05997520072563951
8 0.3388739855270886 0.4023115559826006 0.054143844499481994 0.023730165879249122
8 0.2719754299027361 0.4273636304847046 0.036922111248705036 0.055887901451278844
8 0.23494188689377737 0.8024628342055689 0.040410984284234265 0.06380952885594056
5 0.2698241550907424 0.8263740493591787 0.04026543507002263 0.060684528855940556
5 0.13072957589274137 0.7550025024470707 0.05894266046291676 0.059776793283910834
0 0.9126089303170207 0.6007615351008443 0.05909251778268043 0.12998016587924893
0 0.7950254780834906 0.5379663800213684 0.0968065334984459 0.06889882213985139
8 0.7831952963232368 0.8591692574260301 0.05334763192686935 0.07362103847458741
8 0.8329448933039181 0.7990874184959559 0.03699488585581108 0.057450401451278665