9 0.6280437466347877 0.2177882813192061 0.10806856426490725 0.06806832654882315
9 0.7923048234361073 0.17959331976295984 0.10834134890464338 0.07744332654882316
9 0.8912878927155795 0.20350221053613415 0.11128449247815268 0.07135710085908258
9 0.9112008906040086 0.37849888850986685 0.1417161385589445 0.0448698439616777
9 0.9817022925572949 0.27708355268878954 0.03659541488541009 0.06939845318850332
8 0.5489428638153241 0.9039946969684669 0.1052163489046432 0.07727955223856356
9 0.8238997482176333 0.8364984170039979 0.11785274122451135 0.0826221494796016
9 0.6627730654520414 0.5534734758012821 0.07976170783841638 0.06034435775648763
0 0.6614368521368416 0.8560662092929388 0.10369931301126592 0.07876016508343398
0 0.5108518304292293 0.881716905245353 0.031080166930474284 0.10303646879233526
5 0.2046182699917527 0.30324558796878387 0.05209134890464338 0.07449538896415202
5 0.3025185608996949 0.2631329223195231 0.04346049498543501 0.04596095318850324
5 0.37204379922121245 0.2129525378779268 0.04864810015828454 0.0633941146538926
5 0.206480983702664 0.15279188658930287 0.05007420783841647 0.05878850180902231
5 0.25600595909205776 0.05866010628614955 0.03886392319868044 0.04884029172311406
5 0.28892375917120006 0.09080754296630947 0.0436878155185485 0.05377345318850331
5 0.24471075791755884 0.09941125904511154 0.039136707838416565 0.05821529172311406
1 0.2685613788590189 0.7582506705105008 0.14973923871722886 0.10613489258219673
7 0.10800562674744785 0.9237893820667471 0.08481292069139794 0.0730900192218769
7 0.25297714594777776 0.9196861374938141 0.11905152837152988 0.07020403663473118
1 0.11439671608517973 0.7681125921526554 0.1720688797834557 0.12290631275401313
1 0.10189906459411165 0.6871115756443119 0.1591597028238516 0.10818871551297526
1 0.15272211553118376 0.5571651260738533 0.18148934389007837 0.12496013568479167
1 0.22431362219510134 0.6584244108995624 0.1947167695960413 0.15061523292582973
1 0.31136132963780644 0.5670391723195232 0.19659751834240016 0.16163462008095947
1 0.07221391310304356 0.6052098004295413 0.1130121285298145 0.13073210085908257
1 0.12703414225336104 0.47859306874690705 0.14960284639736088 0.10144739258219673
1 0.3429823688298891 0.8495174796464694 0.18167120031656908 0.13121013568479184
1 0.17316997400273854 0.8577792797373263 0.15451766693047428 0.10950555404758618
1 0.06023806498982306 0.8370396545679842 0.076012233702664 0.14595430913596844
1 0.049105370545748685 0.5080515174128546 0.07175063103709696 0.1067280348257091