8 0.5921875 0.18046875 0.03515625 0.0625
8 0.8671875 0.1125 0.08671875 0.0625
8 0.72890625 0.2 0.10234375 0.13984375
8 0.6359375 0.01796875 0.053125 0.03515625
7 0.278125 0.5390625 0.09609375 0.06875
7 0.18984375 0.60390625 0.06875 0.04296875
0 0.4015625 0.64375 0.109375 0.08671875
0 0.49765625 0.62890625 0.11796875 0.1125
0 0.25703125 0.64453125 0.1125 0.065625
8 0.8578125 0.74296875 0.128125 0.165625
4 0.9265625 0.5203125 0.06484375 0.109375
4 0.79296875 0.678125 0.04921875 0.10078125
0 0.67578125 0.746875 0.05390625 0.09921875
0 0.7140625 0.8875 0.0515625 0.1234375
0 0.6578125 0.890625 0.046875 0.08359375
0 0.83125 0.89921875 0.0609375 0.08515625