9 0.2809817094437147 0.6990697476515128 0.04175239532659729 0.05080363680346807
9 0.34931674819704817 0.5452930292921311 0.04963763050895835 0.05438366311182748
9 0.052778748578297785 0.9838674948089153 0.06300914627652779 0.025515210466873838
9 0.3902839742613536 0.6958243793344833 0.035247822188333354 0.039502115756780753
9 0.3515253731033325 0.9532042398295921 0.030342116641249993 0.02985409997176518
0 0.32782164827329807 0.6308055950630291 0.0827047036472223 0.06723227360693614
8 0.4261253296003463 0.9660234872693433 0.03942617591180557 0.017900131541796326
8 0.0698623714878119 0.7191679579772124 0.05810474715020841 0.08296368942018653
8 0.08083950513090231 0.5492271842996891 0.056904616641250017 0.03140118942018653
8 0.02616632271175323 0.5969436184582038 0.05233264542350646 0.05934417889684287
0 0.011549216946249741 0.6707829368599378 0.023098433892499482 0.10843412628012442
0 0.43341833805281194 0.5856457425310152 0.04549564437666671 0.0775481473268119
8 0.9057602378447214 0.8397838798285935 0.07660017401194423 0.07311825256024881
8 0.5164977160932285 0.871037939984884 0.060611498100139015 0.05658319994353036
9 0.5165561867422911 0.6674047057698994 0.06082970364722229 0.06595819994353036
9 0.8100704506099994 0.6269037192064278 0.04473192496187508 0.0447356473268119
0 0.5343047715640619 0.7763778873681655 0.06370013050895836 0.055202710466874014
0 0.755995973977013 0.871912382318255 0.09062630642076393 0.07237479991529554
0 0.8394825808346174 0.771086358711319 0.06362739532659703 0.05207771046687384
0 0.5591930559489923 0.9138022926580721 0.08906380642076392 0.0722837946536238
9 0.010336128324756867 0.24770945790662519 0.020672256649513734 0.1264560841867496
7 0.35521221723059015 0.09087854507714657 0.06715243882958344 0.06944722099021768
0 0.5619115864372913 0.3277205794897751 0.08106946846486114 0.0640162683452643
0 0.6812999789140971 0.19281568749522232 0.11072060087368066 0.06418286831702943
8 0.7412594732145138 0.033570426654236374 0.0641365416031249 0.06714085330847275
8 0.7981809672305902 0.06507855339317736 0.04535017401194459 0.07129814732681176
8 0.6602951882609025 0.2907827506352845 0.07660017401194459 0.07311825256024881