1 0.609375 0.2390625 0.05234375 0.04296875
5 0.2453125 0.2578125 0.06015625 0.0484375
5 0.30390625 0.19921875 0.04375 0.034375
5 0.37890625 0.21796875 0.0546875 0.06015625
5 0.40625 0.03828125 0.05625 0.053125
5 0.2109375 0.24765625 0.03515625 0.05
5 0.33125 0.415625 0.07265625 0.05
9 0.0421875 0.3203125 0.04765625 0.0359375
9 0.02578125 0.3609375 0.0421875 0.034375
9 0.05390625 0.396875 0.03203125 0.0296875
9 0.08515625 0.44296875 0.04609375 0.04140625
9 0.1203125 0.35234375 0.03515625 0.06015625
9 0.609375 0.31171875 0.04609375 0.0328125
9 0.36640625 0.5171875 0.06328125 0.05
9 0.30625 0.56640625 0.0421875 0.0328125
0 0.73203125 0.33515625 0.0546875 0.0671875
8 0.89765625 0.18671875 0.0484375 0.0671875
8 0.93203125 0.13515625 0.0265625 0.05703125
8 0.90859375 0.03046875 0.0265625 0.06015625
8 0.97578125 0.228125 0.03984375 0.0359375
8 0.9046875 0.2640625 0.05078125 0.06171875
8 0.96484375 0.46328125 0.03828125 0.05703125
0 0.98203125 0.01875 0.0359375 0.0375
0 0.9734375 0.390625 0.05234375 0.0671875
0 0.98046875 0.321875 0.03828125 0.10859375
0 0.97265625 0.1671875 0.0546875 0.09375
8 0.15 0.9453125 0.11953125 0.10859375
8 0.30078125 0.97578125 0.11328125 0.0484375
8 0.06640625 0.67421875 0.07890625 0.1484375
1 0.86796875 0.82265625 0.03515625 0.04453125
1 0.9859375 0.79453125 0.02734375 0.0859375
1 0.9921875 0.8609375 0.01484375 0.0328125