8 0.265625 0.18515625 0.06484375 0.06875
8 0.1234375 0.13046875 0.11171875 0.1140625
8 0.0578125 0.30703125 0.05625 0.0640625
0 0.02734375 0.3546875 0.0546875 0.0578125
0 0.06171875 0.25859375 0.1 0.06875
0 0.04140625 0.19453125 0.046875 0.0359375
0 0.04375 0.0375 0.0875 0.04375
0 0.23828125 0.04765625 0.04375 0.0609375
9 0.61328125 0.51796875 0.07265625 0.021875
9 0.71796875 0.41328125 0.07421875 0.0734375
9 0.80234375 0.06484375 0.0453125 0.0625
9 0.97421875 0.13046875 0.0515625 0.0484375
9 0.58828125 0.02578125 0.0453125 0.0515625
0 0.26328125 0.546875 0.1515625 0.0359375
9 0.29609375 0.75078125 0.06796875 0.071875
8 0.37265625 0.8984375 0.0875 0.0578125
8 0.340625 0.66171875 0.0859375 0.0734375
8 0.0875 0.71171875 0.07421875 0.0703125
8 0.79921875 0.55078125 0.134375 0.04375
8 0.90859375 0.55390625 0.0953125 0.05
8 0.54765625 0.5640625 0.0578125 0.0703125