8 0.4660313652657103 0.8830762180836114 0.10519778896022576 0.1211502610179167
8 0.5520506858825612 0.8803889355985423 0.09075345941492116 0.09894795269729144
8 0.6985007662386449 0.7290472539871533 0.3234955957773593 0.27929398860083376
8 0.5507547873419634 0.6411991490294102 0.09039890340856668 0.0786354526972918
8 0.6610654013865623 0.98452634925816 0.12266593262955983 0.03094730148368008
8 0.5457417792242885 0.5254104948690976 0.07455571509696383 0.06577177678548622
4 0.6590969415613088 0.43426077763850757 0.1827227711033185 0.08859364057694456
8 0.8597590093354908 0.1771061603316674 0.1715319009729349 0.16330269984750015
0 0.7307476193196047 0.2249052678548617 0.1209046095770768 0.12620143692972227
0 0.33560707427359426 0.6088366714464933 0.17185918344033874 0.18205269984750014
9 0.07470080195245993 0.6457502175149307 0.08894549756436801 0.08484908510611114
8 0.30875997646434494 0.49019512100965307 0.10388865909060954 0.04615026101791671
8 0.1524633376662749 0.5787822294827778 0.09862050649282175 0.1022547906531944
8 0.1730041140478943 0.8348328609416669 0.09058981818121903 0.08957295269729179
9 0.3645520547918337 0.42818673670097257 0.06038412094116259 0.059194468464861136
9 0.4070356095803721 0.3674317278672573 0.0356841298696164 0.07580008700597221
9 0.2888113096598024 0.11067062195958358 0.06043866801906326 0.06231946846486114
8 0.1932810267886565 0.4343607354667016 0.0667159415580136 0.06402743882958326