8 0.52890625 0.24921875 0.13359375 0.0953125
8 0.47421875 0.44609375 0.1015625 0.06015625
0 0.1625 0.053125 0.09609375 0.04765625
0 0.61796875 0.4140625 0.09296875 0.05625
0 0.28828125 0.07578125 0.06640625 0.05625
8 0.96796875 0.07265625 0.0328125 0.08671875
0 0.95703125 0.4203125 0.02578125 0.0515625
0 0.93125 0.3953125 0.0296875 0.11484375
0 0.88828125 0.48828125 0.034375 0.02109375
8 0.50546875 0.77890625 0.04921875 0.06875
8 0.228125 0.60390625 0.04453125 0.04765625
8 0.6484375 0.728125 0.0375 0.05625
8 0.8734375 0.5328125 0.07578125 0.0671875