9 0.9528608587058439 0.14637635972701252 0.09177038524403187 0.20003969473518962
9 0.929513741415793 0.2659175334108099 0.0784886143631848 0.06522818511654283
5 0.6864642199457707 0.032318904361685705 0.06457156010845858 0.06463780872337141
0 0.46757786455957645 0.05967135000392461 0.07578177088084707 0.11934270000784922
0 0.44629724131759724 0.21796124928220978 0.03548402380771343 0.19182540145127885
0 0.5459073976388679 0.022973675413077932 0.05506020472226432 0.045947350826155864
9 0.17340061768283438 0.1345411471901096 0.05850336729005097 0.1207688569862417
9 0.27315972316722453 0.1724553202409348 0.0710397287263694 0.1274553666048885
8 0.7625615489901689 0.4998262858578807 0.04752950585373235 0.1141369110699257
8 0.620892199457707 0.41572908276998854 0.04118860226293641 0.09829365626060227
8 0.5413940343558377 0.788742486035366 0.044313602262936416 0.09840278366526398
8 0.5964638503180287 0.5868600383049513 0.03960792154477701 0.09511409255827133
9 0.5893229951282262 0.7402032931142748 0.03481133723582168 0.07620040145127885
8 0.6589052838648582 0.4604860220628826 0.04110678903121965 0.08423115626060226
8 0.638265010057145 0.6517930683420182 0.05860336123992678 0.1379563569862416
8 0.27900416042648735 0.5104637517292805 0.07721700585373252 0.11517362141421188
8 0.17162345248276917 0.44000989719010963 0.05506929508134393 0.06753472958158006
8 0.4094274586310892 0.513720182584654 0.035129499803608334 0.13088790145127885
1 0.2112308531466991 0.4792435227806727 0.02842498184962743 0.05254464664195542
1 0.21329280201523093 0.5275991772271764 0.03468407220870704 0.05432540145127866
1 0.2312064889799061 0.6706944127992063 0.05042724687674207 0.0751835384745874
1 0.25669684748935834 0.719794111710747 0.034720433645025486 0.06057540145127884
0 0.18205695843469746 0.391998983124959 0.05042724687674207 0.0751835384745874