8 0.909628488292535 0.20909952679195182 0.02545451795398108 0.07856137662320543
8 0.887971656910446 0.17198135633725656 0.034956782981095814 0.10060001785690749
8 0.8590926779876847 0.16779841680783783 0.025472698672140127 0.08168637662320544
8 0.8157178443661003 0.6411637788205466 0.02531816256778683 0.05512387662320535
8 0.8952079608705844 0.009900623785479297 0.03144998789975162 0.019801247570958594
8 0.8091648799794745 0.2905325332847736 0.09660333098930565 0.2235386858759707
8 0.7522871243221337 0.5336882439175106 0.03174087939029935 0.08492047077900686
8 0.851620024691476 0.37806376096363914 0.02692611436318444 0.06296365016215581
8 0.821482031036188 0.5902870714342205 0.02850679508134384 0.06611592370110611
8 0.8301960392276115 0.03979069825764919 0.03804542154477701 0.07958139651529839
8 0.8494666513513011 0.4796535345025895 0.02218407220870695 0.053506829545304765
8 0.9497045633299124 0.042235836853848345 0.03183178298109581 0.08447167370769669
0 0.8870110613850049 0.739909196028831 0.0470477168225127 0.030505706168510116
0 0.8432201547691467 0.7477041051194405 0.048655668617910666 0.038345479707460585
0 0.8675661697962612 0.7254063652657103 0.037636355386194253 0.0240920649348082
0 0.7657673204601911 0.7678041452974824 0.07527271077238851 0.0481841298696164
0 0.8089269680008631 0.734241622976348 0.10648634933607007 0.042479600648623085
0 0.8404259111138582 0.959450128658391 0.05328862646343282 0.02905230032431163
0 0.7147679018422803 0.8061905353133685 0.05814884328594587 0.05882162094116268
9 0.8258548718862467 0.9128342272784191 0.02508181323171641 0.014498876623205348
9 0.795190679166035 0.9469598112879506 0.028215903590796287 0.01611592370110628
9 0.8452224954228138 0.9406183080415399 0.028215903590796287 0.01611592370110628
8 0.747184971222317 0.8735865409954112 0.03135908430895533 0.019295470779006507
8 0.7598076910698918 0.8522746026838085 0.023510222872636887 0.012909103084255236
8 0.8912122271742453 0.8234211254119799 0.02507272287263689 0.012936376623205348
5 0.9028809801993074 0.8318103238698524 0.02507272287263689 0.012936376623205348
5 0.8648042632785987 0.7973222755741358 0.02510908430895533 0.019186376623205527
0 0.47679728669352867 0.3541406603117208 0.10700449980360816 0.1315421006486231
0 0.4132670935805335 0.1294912621781599 0.12106699980360833 0.13178756249917617
0 0.2514069221339522 0.2908941866900449 0.081868144417414 0.10766822402541765
0 0.2605162181972548 0.8734884983784422 0.14814765027114643 0.22131371266133187
0 0.1780037000468822 0.8233714959428102 0.11016586123992674 0.13784664772652383
0 0.31122981138500483 0.7499594951320313 0.10198065651766246 0.07364778003177204