8 0.7127372483496799 0.8825078418525341 0.04407725292686635 0.057268292553055745
8 0.6967456514494969 0.5430823191511106 0.048873837235821685 0.07612739532659737
8 0.9270684348233758 0.6970749156563881 0.03780907220870731 0.05399782218833345
8 0.8965633233870574 0.704034083684409 0.03629202400410492 0.06177395459715278
8 0.876169531036188 0.5842125461653465 0.03779998184962743 0.052435322188333446
8 0.8937236279363712 0.9236017012755895 0.020539758976990542 0.03953527868534721
8 0.7350980616795925 0.9327617617804161 0.034647710772388506 0.04767508700597247
9 0.7737500756265525 0.1968054247744438 0.1444772287263696 0.12834581838861125
9 0.3737792874790956 0.872430859138715 0.06280907220870695 0.05457970364722229
9 0.08015252820751757 0.72381740007625 0.07381929508134392 0.06733427678548623
9 0.4964280097625574 0.4680680546178121 0.05980224687674216 0.07481946846486114
0 0.5386871908735001 0.7232997620647564 0.016106789031219648 0.08317617591180557
8 0.5306615883159761 0.6258435338162496 0.03343973477649378 0.10857621941479181
0 0.3177332996775399 0.9729406586256246 0.11897725897699045 0.041826436929722634
0 0.0349517169207086 0.08824422919843747 0.0699034338414172 0.039136541603125075
0 0.3601011869646752 0.13534908643729135 0.10049996974937905 0.08826502583555565
0 0.43436538876007325 0.1258091258562149 0.08792724687674217 0.07547408510611117
0 0.4539733859314029 0.24643009717086767 0.17587267447164337 0.15407317021222236
0 0.03721592627876195 0.11943967781166664 0.0744318525575239 0.04705814437666671
0 0.023805138661877393 0.15881130233670135 0.047610277323754786 0.03550239532659729