0 0.5867718661282214 0.9177138072814917 0.10752269334818117 0.11432367328319834
0 0.38086621678067656 0.8225597808123588 0.10130905601527207 0.11715757485477489
0 0.0993605834261321 0.6793364354843073 0.05654090133672711 0.027619885855810898
0 0.2705179680935411 0.676836366006216 0.10354317067154524 0.04074062406898662
0 0.20956228675999572 0.6781120756833443 0.08475680800445433 0.03674232878371626
4 0.5214430267345423 0.47598437965506707 0.2215135626989076 0.24768844499481996
8 0.7593782840547247 0.3679748647678709 0.12362040802036275 0.1556764193542568
9 0.8514219754137236 0.552852824859284 0.08408519334818117 0.11323205417661057
9 0.8221680907065435 0.2556161058765307 0.10772268801718106 0.13151117328319833
0 0.9712897466780677 0.16340071898726255 0.057420506643864756 0.08401543507002254
0 0.8323403326702724 0.008095943446888684 0.07874316534054486 0.016191886893777367
0 0.8153266500238626 0.13790206700140123 0.08869996801399935 0.10720037799792803
0 0.7932918494191324 0.5954256226257537 0.08215906667727228 0.08190927956950453
0 0.9646079400063634 0.08947306741568598 0.07078411998727319 0.08459763192686942
0 0.95627382135184 0.2797534650583211 0.08745235729631987 0.10734592721213972