9 0.27109375 0.55703125 0.07578125 0.04296875
9 0.23203125 0.50234375 0.07265625 0.08203125
9 0.334375 0.48359375 0.09296875 0.0703125
9 0.0734375 0.340625 0.08671875 0.08984375
0 0.35390625 0.3203125 0.06875 0.096875
8 0.53828125 0.09609375 0.08125 0.08515625
8 0.31171875 0.87265625 0.15390625 0.1359375
9 0.06640625 0.96328125 0.0796875 0.0640625
9 0.05078125 0.59765625 0.0640625 0.0375
1 0.02265625 0.66796875 0.04453125 0.0640625
1 0.15859375 0.70078125 0.04453125 0.04609375
1 0.29296875 0.6125 0.03984375 0.03125
8 0.325 0.978125 0.1125 0.04375
8 0.35234375 0.71171875 0.07265625 0.13125
0 0.78046875 0.71171875 0.11953125 0.08671875
0 0.6421875 0.73125 0.115625 0.08203125
0 0.9109375 0.59296875 0.084375 0.028125
0 0.56796875 0.6625 0.1 0.07890625
0 0.51328125 0.81875 0.09140625 0.11640625
0 0.721875 0.93046875 0.17265625 0.1390625