9 0.21991431003305487 0.8604364882288772 0.156325348023889 0.14017280681713337
8 0.14912707171656167 0.9783528709411626 0.11355466014423614 0.04329425811767464
0 0.5712410739007632 0.8431218977232285 0.04019120174736131 0.11627956493480802
8 0.4328715177643397 0.7101848924482228 0.10843205547083343 0.09560460064862326
0 0.5644475196642007 0.7656281432590016 0.05545252583555573 0.10092730032431145
8 0.41768815454156216 0.42230306290291797 0.18594011284152784 0.13756600405718977
0 0.4371849965815275 0.3233843218313718 0.09694904160312508 0.0719761858759707
1 0.029301067819930342 0.5388949046263827 0.058602135639860685 0.07153980925276535
8 0.25591681278593725 0.32100184131313225 0.08790134992375007 0.0858750446422687
8 0.4036315334349999 0.11959112012708839 0.08935474715020834 0.08121481818121903
8 0.3350250441685762 0.21296324472169897 0.13532186379145844 0.1101307508107789
8 0.22697615482590255 0.2212376205341255 0.08622974715020834 0.08116027110331832
0 0.8419334739770132 0.9322561302700627 0.12100479065319476 0.09894778896022557
8 0.9609231293715965 0.7561357353829129 0.046259363791458695 0.10857615909060954
0 0.9070142665300687 0.8896243453670267 0.06399107123840295 0.06515344155801372
8 0.9063077113435757 0.7856635482891261 0.13085256933854197 0.11942393019392786
8 0.9388682510468396 0.6627442455291825 0.0891365416031249 0.07183981818121907
0 0.8853880668699997 0.2405459172016938 0.042407011967847554 0.07727161201270878
0 0.8686174877478123 0.28949193181219035 0.04073540919430556 0.07255683847375849
0 0.9007935549021525 0.3174084261301475 0.04287979065319476 0.09758411201270886
8 0.9006824924974648 0.42291808643857304 0.03106946846486096 0.059893197240056394