0 0.3459587512145207 0.42014111084804473 0.1386454886359143 0.07363346302712266
0 0.39119120494739895 0.5473259661520689 0.07989778003177203 0.10611276308359248
8 0.05773777678206593 0.5299913368881727 0.07910684740221223 0.06080026308359247
8 0.1281087779998819 0.4844443474821036 0.06008411201270887 0.04408319994353036
0 0.42623481209213904 0.27000533197943666 0.08612050649282174 0.10491428413027978
0 0.39037735835926085 0.14227444510538143 0.10120003571381497 0.07457433674699834
8 0.574749773128618 0.6242238531672983 0.10125458279171565 0.07769933674699843
8 0.9682639939076246 0.6325860298568283 0.040153441558013724 0.06477513154179633
8 0.8392446956119081 0.6784207165755918 0.09303297970746058 0.05380681043863902
9 0.7150514448011291 0.552706626985996 0.07888865909060953 0.048300263083592476
9 0.8452162317327602 0.5724969402672325 0.08565685633066593 0.07835178413027996
9 0.5736825564100962 0.29426333738228283 0.06806025324641088 0.053913226251889504
8 0.9945778887980701 0.15075990620753993 0.01084422240385976 0.04925654735504663