9 0.20625 0.321875 0.06875 0.07265625
8 0.16171875 0.40625 0.06875 0.0671875
9 0.7796875 0.21953125 0.1625 0.17578125
8 0.39453125 0.90546875 0.08671875 0.07265625
8 0.48671875 0.8890625 0.0640625 0.08671875
8 0.3015625 0.7015625 0.08125 0.08125
8 0.26796875 0.765625 0.04765625 0.065625
8 0.328125 0.8609375 0.04921875 0.07109375
8 0.1828125 0.6890625 0.0640625 0.04765625
8 0.05625 0.478125 0.0671875 0.07421875
8 0.271875 0.62734375 0.08515625 0.078125
8 0.13515625 0.4625 0.065625 0.04609375
0 0.2265625 0.90390625 0.06875 0.06015625
0 0.12578125 0.53203125 0.1203125 0.0921875
0 0.11953125 0.60625 0.14375 0.13671875
0 0.171875 0.75625 0.15546875 0.12421875
8 0.92265625 0.92109375 0.12890625 0.1578125
8 0.5640625 0.859375 0.090625 0.1046875
9 0.53125 0.69609375 0.025 0.09375
0 0.9921875 0.87421875 0.015625 0.08515625
1 0.58828125 0.70390625 0.06875 0.078125
8 0.9140625 0.7375 0.08671875 0.07265625
8 0.96953125 0.6484375 0.06015625 0.07265625