8 0.8126405245862764 0.5540172185729778 0.06289998933799978 0.03728598428423417
8 0.8774093598822781 0.825851523163873 0.06351815467854464 0.09041098428423418
8 0.79151840790105 0.691645651161801 0.14182496801399935 0.10967471463952716
8 0.974631447247004 0.5901986594339685 0.03499316534054522 0.05472604135632899
7 0.45770122262891083 0.25665649090377207 0.06987724267981754 0.10007708271265772
7 0.3938847179742284 0.17139538709866514 0.044549978675999566 0.07078768899896404
0 0.35157739727882065 0.3849698895798645 0.08877269334818116 0.11345037799792798
0 0.3653029952657758 0.48037228081235883 0.11388178134945388 0.1239897717116218
0 0.3524779206317743 0.24047502688341743 0.06693405601527207 0.115556533498446
8 0.2470496978835508 0.8458410771310865 0.1671158693507265 0.1358391083532208
4 0.4689059692075513 0.9042206956185017 0.11013861600890866 0.07071922249741007
4 0.31264797322568677 0.7779771809361934 0.10058180267345422 0.05465757485477489
0 0.24526157324159512 0.6639917636488512 0.10061816534054513 0.05778257485477489
0 0.10419113056973173 0.7088227282883782 0.12403748400699968 0.05731169396136267
0 0.10172065857736774 0.6527182775025899 0.08492044000636337 0.05080482878371626
0 0.09110878055382336 0.8265560378416723 0.08508407200827235 0.06486732878371626