0 0.16608918963194808 0.15616815806191697 0.08728716837349912 0.05491428413027988
0 0.6313901530120066 0.3618687953594953 0.1632882262518894 0.07647003669052861
0 0.6585533505364625 0.5237926717102068 0.11896137357870132 0.11748987884037305
0 0.4420084055722554 0.29815344780680453 0.10124325256024883 0.0806423262236546
0 0.43875533197943667 0.39411068991429676 0.09666216837349921 0.05546031570031094
0 0.4074921084995574 0.6100465030543589 0.2192343893637169 0.12800171558737147
0 0.6421639691358406 0.7116111901260582 0.11577618942018653 0.06280237884037305
0 0.4142081712160966 0.14716707145609298 0.10124325256024883 0.08064232622365464
0 0.4340461741998684 0.515067932021789 0.10160727360693614 0.08689232622365459
0 0.24860076883937446 0.4238723265765906 0.07860938936371689 0.11981124203690499
0 0.2975450450065594 0.26530169240395834 0.14655575256024883 0.08328147881213824