8 0.33841779172426634 0.9904699515007648 0.10706845553496276 0.0190600969984704
8 0.45671886922159527 0.8933695393639678 0.11199405771188112 0.07690914772652349
8 0.48707600261670675 0.8236297836819247 0.07674603847458741 0.0513091298696164
8 0.22526302729629605 0.9708267431001412 0.08806548439090331 0.05834651379971767
8 0.14789199544513063 0.9693772913958579 0.08655754809323427 0.06124541720828418
8 0.20543904518282735 0.4275461217519415 0.076785733209777 0.14187958279171564
8 0.980012459247978 0.922310160301835 0.03997508150404414 0.07466480925276535
0 0.9001638235754317 0.9961672568965636 0.10388889183263217 0.007665486206872884
9 0.7976141322988032 0.348093590092021 0.10272818511654283 0.07987050649282175
9 0.7867907049868087 0.23937710916674448 0.08365080290255769 0.07016822402541764
9 0.7969246184189871 0.12712257101729754 0.07194941106992551 0.048102309252765305
1 0.9312698804847045 0.30748400121122543 0.07233135698624196 0.05903980925276535
1 0.8648462723173367 0.3281862390363608 0.05826885698624196 0.05879434740221221
8 0.5837277362898199 0.4388338181779238 0.061721239200226916 0.06822389448011279
8 0.8414484670525262 0.41834758887420503 0.05928571996293286 0.0431966209411625