8 0.5767185509953683 0.1154679539814728 0.09892217887824373 0.04413950361804462
8 0.5640680647901781 0.1784592769122513 0.11330558344622794 0.08073210085908263
8 0.5650375067858633 0.6505456388526104 0.08336577792830405 0.10409435775648745
8 0.5802098846687389 0.4651027838096563 0.04463747060135788 0.07869156603337349
8 0.47988682157604146 0.8630290287212736 0.09882700361804453 0.10178822930778501
1 0.5841327448000756 0.5389120980340076 0.0392196302577247 0.03477779172311415
1 0.6137859452750455 0.5677431049314124 0.03823034034363317 0.04563340456798422
1 0.6982660866140468 0.6653783435114518 0.05171298620519007 0.06503850180902226
1 0.7153031004088567 0.7268138104947649 0.04587906603337348 0.042917840343633176
0 0.5432830947546472 0.45613057553277037 0.05187676051544958 0.06816350180902227
8 0.020874664744749603 0.26341072478522937 0.04174932948949921 0.03880355042954129
9 0.06875008423919758 0.5464445528043905 0.06938516508343387 0.10491987336031983
4 0.24525062924167199 0.6275706428093393 0.07390224672063965 0.13164614767057933
4 0.2620939704898162 0.5589058519907364 0.05211577792830413 0.10245661465389251