8 0.0625 0.1453125 0.05859375 0.08125
1 0.10859375 0.02578125 0.05625 0.0515625
1 0.3921875 0.2359375 0.05859375 0.084375
1 0.478125 0.14296875 0.04453125 0.08984375
1 0.1625 0.24921875 0.04296875 0.05703125
1 0.12890625 0.2984375 0.0484375 0.07265625
1 0.3109375 0.18671875 0.05234375 0.07734375
1 0.27265625 0.24296875 0.05078125 0.0703125
0 0.80703125 0.0515625 0.20078125 0.103125
0 0.8921875 0.1375 0.0609375 0.06015625
0 0.80625 0.1390625 0.06015625 0.0546875
0 0.79765625 0.096875 0.0640625 0.05
0 0.728125 0.11015625 0.1390625 0.10859375
8 0.315625 0.72265625 0.06796875 0.1171875
1 0.93046875 0.72109375 0.06484375 0.07890625
1 0.9421875 0.89296875 0.053125 0.08125
1 0.865625 0.825 0.05703125 0.07734375
1 0.55546875 0.35859375 0.08984375 0.01875
1 0.7640625 0.7796875 0.06015625 0.06875
1 0.7125 0.8359375 0.07578125 0.0828125
1 0.8109375 0.88515625 0.05078125 0.06015625
1 0.85 0.97109375 0.159375 0.0578125
1 0.7953125 0.38359375 0.07578125 0.06875
0 0.9703125 0.790625 0.05859375 0.1015625