0 0.07734375 0.390625 0.08515625 0.1015625
0 0.16171875 0.3265625 0.09609375 0.090625
0 0.171875 0.24609375 0.06640625 0.07890625
0 0.13359375 0.0921875 0.1 0.11953125
9 0.28515625 0.021875 0.07421875 0.04375
8 0.1265625 0.6203125 0.08125 0.090625
8 0.79375 0.4703125 0.1375 0.1484375
0 0.7484375 0.1515625 0.21015625 0.2625
0 0.92890625 0.25625 0.11875 0.1609375
8 0.0234375 0.98125 0.046875 0.0375
8 0.10390625 0.95390625 0.046875 0.06796875
8 0.1609375 0.865625 0.03359375 0.04375
8 0.43515625 0.9421875 0.046875 0.08203125
9 0.81171875 0.9359375 0.0765625 0.08203125
0 0.890625 0.934375 0.08671875 0.07265625
0 0.82890625 0.734375 0.1 0.02890625
0 0.86171875 0.81953125 0.071875 0.1