8 0.6104736422959681 0.5200885216545839 0.06577382213985139 0.09520470364722229
0 0.8189210924734533 0.3052305071212854 0.10721727767481433 0.11958776101791671
0 0.7164930408368401 0.12614045953423672 0.12366073320977691 0.14338893692972232
0 0.7582489765015371 0.25143205347406317 0.09082838584218215 0.09734908510611122
0 0.8888367444728864 0.4749630852935424 0.09864088584218215 0.09753092306201391
0 0.9035564981010834 0.3892983422273966 0.06786211179556503 0.06558993882958344
9 0.2543029655321278 0.8229887840036808 0.09724207694917482 0.10218205547083344
8 0.4196303543695349 0.7681954472820489 0.09524306733052797 0.08964568787965277
8 0.43665167406231553 0.8405250421718058 0.10300100362819702 0.08826502583555537
8 0.5703545514669772 0.8405094712177436 0.12224207694917481 0.10276393692972227
0 0.668345618164533 0.8779750632577089 0.08150794954451293 0.09869337955902786
0 0.654141763625362 0.7697443359591325 0.044444459163159956 0.11032055737069442
0 0.8007761722482171 0.8920038085080563 0.14644346878180664 0.12518445079743046
9 0.7115797521926167 0.8265950544239937 0.07972719473518967 0.0924070119678472