0 0.5374178620926472 0.640777549583819 0.08656885277546919 0.0941149823325695
0 0.6412087069594509 0.5837261561570828 0.11666752965749527 0.1432070989738195
0 0.5310617968461576 0.9500070792190968 0.1217423488211363 0.07620143692972228
0 0.44404454688333866 0.5570948402370135 0.12658635771838506 0.11846167211208343
0 0.5969745928152752 0.7307109121410065 0.10413835475263547 0.10389002583555573
9 0.7337397637658023 0.7072344317082979 0.0819450197716634 0.09556837955902786
9 0.537189710419492 0.56975653476618 0.06750051779449713 0.08586607123840295
9 0.21841987540133898 0.9799186636596179 0.04177100593149898 0.029070557370694416
9 0.18067979486899127 0.9675284196435415 0.0490396778706093 0.054216027735416714
9 0.22260062840426956 0.5708346043890623 0.05579901384016441 0.06686149810013901
9 0.13264147327107323 0.518292792268715 0.04610567885919252 0.05883079255305575
0 0.22434356464065477 0.8728510460684372 0.07862901878308026 0.09080814437666689
0 0.03759158222518718 0.8518703181042708 0.07518316445037436 0.10719686379145835
0 0.04700642631337246 0.7427310542365625 0.0779923488211364 0.07518314437666689
0 0.00865414597021141 0.6510715375190624 0.01730829194042282 0.12125805737069442
8 0.6264431417873235 0.10327624316305502 0.10953150889724857 0.04469686379145843
8 0.7119548774528675 0.16919022426135358 0.09840300790866544 0.0397547906531945
0 0.49778228950614595 0.19602940045749956 0.10465300790866543 0.03990026101791679
0 0.9495331319014918 0.1425867841974992 0.08915534190105419 0.04266158510611118
0 0.6344718646012861 0.23187336863802027 0.19629667984777566 0.06700958130638908
9 0.3269339372249684 0.28976448271381916 0.04584569368794007 0.12907055737069442
9 0.2747413789357422 0.17234189979190948 0.09769735376405234 0.09905705547083339
9 0.11670604444906181 0.18148377650114572 0.08519735376405228 0.09876611474138897