8 0.07698812509295262 0.98828125 0.07439250494291587 0.0234375
8 0.28689904699488183 0.6301584966902312 0.06549234882113639 0.07634848428423435
8 0.0894749017475173 0.7223330723735755 0.08388952174882984 0.10683650496239885
8 0.18552488939022757 0.6683241226212445 0.0952090237259962 0.11672092721213971
9 0.3966600020515284 0.8169564834556649 0.07569501977166357 0.09709763192686935
0 0.17745901589169288 0.872247489246633 0.10031301779449713 0.08888702564056317
0 0.11825511224137135 0.9310916422659516 0.09081068380210837 0.08532537799792798
0 0.5707195845610424 0.8211646021479678 0.0970261917107738 0.12304370181924576
0 0.7922735909868331 0.8618945717498938 0.12272652866891214 0.1413955955329392
9 0.8497120647893791 0.7405868060341281 0.06861734882113665 0.0764940334984459
9 0.9564688117864485 0.3369609999954908 0.052674013840164235 0.06795378742738745
9 0.854857232242684 0.35016301323005716 0.04291701186299797 0.058142139784752266
0 0.7742160217860109 0.5335512479285762 0.1401448389353046 0.0330394400324213