8 0.7143387141902341 0.18776297994551733 0.022347698672140127 0.08226884449948205
8 0.7449432986955813 0.29724498780340014 0.028724963699254858 0.10443494292790545
1 0.723168292645457 0.28107633230288215 0.019004530054229286 0.04462329528527027
1 0.7510938256265526 0.17980277667852967 0.015834078258831142 0.03666524607105859
1 0.8714502147794093 0.5694024700207199 0.028588608313060603 0.08099744292790537
8 0.7672142501963918 0.09391878060747108 0.015879530054229284 0.04447774607105857
9 0.838777052702602 0.9497278248592842 0.07043976502711473 0.025149857319763668
8 0.16434325936977393 0.21259839164677913 0.07707156010845857 0.09106595574818703
8 0.13579555767257168 0.2865645845746846 0.08479315651766242 0.07580482878371626
8 0.17435302186280577 0.5058025820934852 0.07220225292686626 0.05959763192686936
8 0.4660410729942739 0.4437926178682428 0.07236587939029934 0.08772263192686935
9 0.3754029583365016 0.31601868238393543 0.056631795081344014 0.0682448858558109
9 0.10392182631392362 0.6637285521096958 0.0799602107723885 0.050586504962398846
0 0.35478086524694746 0.5044283649727587 0.10978406615858276 0.07540672249741007
0 0.3019785729942739 0.45143395161435784 0.05823065651766246 0.07456766046291677
0 0.26711775966436146 0.40229013027423954 0.07834316861791084 0.04113873035529281
0 0.2533916029503073 0.3451326017381923 0.07371930113146821 0.05185790653397522
0 0.4335229679026672 0.6632168600103598 0.06904089149054773 0.053202082712657625
8 0.5135957664018568 0.8617763304408553 0.10674087939029935 0.08932367328319835
9 0.588159429166035 0.9332831492997741 0.06279998184962743 0.05447348428423453
9 0.5382230616795924 0.9246744367271618 0.08472952400410509 0.06486732878371626