9 0.5453560110200939 0.650532350747541 0.15666815651766228 0.08006371551297527
9 0.9547317209673224 0.5352050853708514 0.09053655806535517 0.07053822930778501
8 0.5208942829810955 0.07273157734179263 0.07371021077238851 0.05072369629109832
9 0.32604345051885186 0.8339534396208361 0.056495439695149675 0.04513543758467122
9 0.3774190772768725 0.6648039699239894 0.08467498184962743 0.05598440637700648
9 0.37062365573209555 0.5713815185445082 0.0626727168225127 0.03296298620519007
9 0.2930481015755652 0.535591182723431 0.04707498789975162 0.03683161465389251
9 0.31147643558993304 0.7479716740170037 0.053334078258831144 0.03872166327441171
4 0.30064749901804133 0.6328789405253471 0.0753636143631847 0.06643058344622813
1 0.13986453512239486 0.6678758175037116 0.08477497579950319 0.07317190637700648
1 0.22841849589478339 0.7101241932388807 0.05040906615858276 0.07293288896415202
9 0.3337003726528041 0.5381496166900576 0.05019998789975162 0.0369953889641522
0 0.10122771935659551 0.34011266564926074 0.03160452400410509 0.06257524310259503
0 0.2756510024358869 0.3661384978522934 0.04722952400410509 0.0633941146538926
9 0.27174825585373247 0.09829257858498805 0.028397710772388507 0.04834896879233552
8 0.12828057786604777 0.2886796404344901 0.02529089149054773 0.05131019448207601
8 0.3069181413923519 0.09879386759456862 0.0220568071815924 0.03239642017181654
8 0.24622101502711463 0.0134920723091808 0.03144998789975162 0.0269841446183616
8 0.24884254185989008 0.19092713591193433 0.05039997579950324 0.07137038896415207
0 0.14646645472226433 0.0564060509953682 0.04103406615858276 0.07244156603337355
0 0.21243740924813692 0.2467577340574835 0.031595433645025484 0.06101274310259504
0 0.2581680657657993 0.3162580065587207 0.022129530054229286 0.0448964201718165
8 0.2835175237095175 0.2406881184990798 0.0473295179539809 0.0805816146538925
8 0.30091358108750155 0.14130891621508765 0.034629530054229286 0.04555151741285455
8 0.1833498729473917 0.3514385900049488 0.04722952400410509 0.06339411465389251