9 0.8162120894042388 0.5707495704872625 0.07176735141192588 0.05450582973421945
0 0.6419920247436203 0.7963572470745646 0.08601170783841657 0.06165699568106327
8 0.1112337697290553 0.7867013587301585 0.08355194906292791 0.13791910703211538
8 0.04214776675955443 0.45425790098744906 0.060068984956305214 0.13485466378737562
8 0.20497437569332763 0.4594193630490951 0.05218227711788863 0.07820414558877822
8 0.11930862648475045 0.16078970080287897 0.04142663354437941 0.08375323874123305
8 0.32704823330695254 0.0005938780084898329 0.05840353338609487 0.0011877560169796658
9 0.16400134936686173 0.23278581431339934 0.04842077962517113 0.05612888648947969
9 0.17809259309865558 0.17729727791620475 0.03761967194503919 0.0601154796419344
9 0.19993650085792983 0.15016427899593893 0.03426735141192579 0.05210272054263574
8 0.07543529137016065 0.35543037476928735 0.03605717194503919 0.06001535009228505
8 0.04506348126188851 0.3004517805370984 0.06035848997087014 0.0912047933370248
8 0.13410456386919584 0.0810824144056844 0.07643813103709696 0.10783108883351811
8 0.11794940030393386 0.368301812153931 0.0394094924781526 0.06802810919158375
8 0.2213746140148451 0.5121741232281278 0.04769335391920828 0.031128886489479514
8 0.2737614796125359 0.4269387276393496 0.06826191818411553 0.09483044108527157
8 0.1935704920824412 0.0741524915190102 0.0394094924781526 0.06802810919158371
8 0.20449230555592562 0.315188501698043 0.052955166930474286 0.10476664558877831
8 0.0057977074427051105 0.24319928747692873 0.011595414885410221 0.10422642504614252
8 0.0952440230277606 0.5054408667497229 0.046994671945039215 0.060716256939830335
8 0.06805601504369478 0.12664404071613125 0.04083560015828456 0.06344073874123302