8 0.15566588068401516 0.5219277727281714 0.08234592721213971 0.09198867694751697
8 0.26235456658260725 0.2776811205374208 0.056254308105551855 0.06811480032431154
8 0.3575429420993359 0.32371459496987554 0.043390435070022625 0.06008411201270878
8 0.45324924028009034 0.22978158847705377 0.050222631926869356 0.0726932061685102
8 0.39119235008105324 0.3411106006519184 0.06657537799792798 0.08859094155801364
4 0.8426606507430069 0.28084388758684464 0.09942641935425697 0.12351141233702041
4 0.7080864818030349 0.01644954281884 0.083287688998964 0.03289908563768
4 0.6111858647633617 0.17932980073464394 0.1387843258882322 0.19757620373287824
8 0.698371303348041 0.37249737378712694 0.1218836162111037 0.13639324188232518
9 0.34291559346151546 0.8658163202131093 0.07740587014004507 0.12000458279171582
9 0.8688508930900121 0.7088597934310433 0.09630141935425698 0.12345686525911966
9 0.6892148587629965 0.9481246651829848 0.09128427956950454 0.08277731818121907
0 0.659916848838199 0.7891314947282895 0.08598034946188075 0.10298072402541755
0 0.7164194059102936 0.759997373787127 0.10484166542531562 0.13921823295387145
0 0.7797285427995617 0.9105780263849148 0.15244441149637405 0.15566143912238176
0 0.7679561730738013 0.6410331396154396 0.19216188296032666 0.17040577759614023
0 0.6013317150493027 0.9246383465947285 0.14361306699689216 0.13365007142762977