0 0.7160290054734334 0.24230275573948074 0.12117632096198286 0.09867684389007839
0 0.8455792685570259 0.16781488426929525 0.19277684712916782 0.25674540815498564
0 0.7440853870152295 0.203990413498755 0.005233531570031147 0.009511392319867973
0 0.7788390895895958 0.1447434456312086 0.10430661035393456 0.18397784639736087
9 0.9537488133518238 0.23200306789281694 0.06832433674699842 0.10181856426490725
0 0.7616886579207426 0.04955296608517973 0.05943518415851479 0.05632420783841652
9 0.21837712961683203 0.7114532916993651 0.07079688936371689 0.11748902837152997
9 0.3141292453736127 0.679806138096726 0.06796031570031094 0.09556856426490726
0 0.3170436008188112 0.8716215650563299 0.04937691567207612 0.12466503087881264
0 0.094939629616832 0.7078616272761733 0.05406441567207607 0.12480142319868044
0 0.059760263789464155 0.666926738717229 0.052244310438639106 0.09355142319868044
0 0.11925781917819289 0.8009129453020043 0.05012036831702944 0.11064799498543501
1 0.6724044769577612 0.6957089005666313 0.10156104195220053 0.16361988229073815
1 0.5871256715690324 0.5609725362225817 0.07411931043863902 0.09418792069139795
1 0.8862556033790601 0.8130568396004293 0.04893729991529554 0.090335494985435
1 0.6364438611303933 0.6547512799543755 0.08191639988706054 0.12093227711788863
1 0.7765312638600512 0.7621271739235962 0.07833637357870131 0.11302884890464338
1 0.6839096663073606 0.5653538108331879 0.07402830517696728 0.09262542069139794
1 0.7325067900272362 0.6043313942984251 0.0762124314570917 0.13012542069139793