0 0.5725933892018119 0.389345728899977 0.11769778896022594 0.12076824188232518
0 0.4339615373353728 0.32690205032760683 0.14689436525911964 0.09316143912238158
0 0.5630608818982112 0.1566286862863031 0.1453864123370204 0.09625916558343128
0 0.34845428002847684 0.5769077788172513 0.12742734496658023 0.1412443831160271
0 0.5057464029982344 0.7234264484611678 0.05395466314779931 0.22743525324641087
0 0.7159307374180983 0.09456724269969463 0.16440914772652385 0.11221144805083534
9 0.11973894480112919 0.5918408522734762 0.09516822402541769 0.08288641233702024
9 0.4530986899298652 0.7516974987854793 0.05761367694751698 0.07910684740221222
1 0.3672681042954805 0.9384083405056487 0.05098184740221221 0.057122753246410696
0 0.7008587110364789 0.3503769119365739 0.08897277110331832 0.08590231818121907
0 0.794119561685102 0.45503140990797897 0.1100568384737585 0.04097164772652384
0 0.7938098701270884 0.39251777313850383 0.07285684740221221 0.05750458279171564
0 0.6095066026739226 0.668474121351495 0.08910913879807011 0.09371481818121907
0 0.3177286111986347 0.38363506574888234 0.060165932629559826 0.04634889448011288
0 0.443632997564368 0.07509408847705379 0.1073954886359143 0.06747960064862313
0 0.38462223620028235 0.14176911972664188 0.09782957386326192 0.056378459414921075
0 0.17494286769145642 0.4861578681017888 0.1576682240254177 0.08397735389503395