8 0.32734375 0.44921875 0.134375 0.03984375
9 0.32578125 0.36640625 0.11953125 0.11640625
0 0.271875 0.02109375 0.1 0.0421875
0 0.04453125 0.046875 0.0890625 0.08359375
0 0.4296875 0.18515625 0.08125 0.07578125
0 0.17578125 0.12734375 0.090625 0.07578125
0 0.25234375 0.27578125 0.096875 0.0953125
0 0.37578125 0.13125 0.084375 0.07265625
0 0.4671875 0.2921875 0.0859375 0.09375
4 0.9515625 0.26484375 0.096875 0.2140625
8 0.1671875 0.9671875 0.10546875 0.065625
8 0.121875 0.503125 0.06171875 0.06875
1 0.275 0.859375 0.04375 0.04140625
1 0.2390625 0.86953125 0.0359375 0.04609375
1 0.20390625 0.88203125 0.0453125 0.04453125
1 0.11953125 0.63671875 0.040625 0.04453125
8 0.1796875 0.60546875 0.0359375 0.0359375
8 0.2390625 0.55 0.046875 0.04765625
8 0.23671875 0.5171875 0.040625 0.04453125
8 0.34453125 0.59375 0.0421875 0.04140625
8 0.45390625 0.79296875 0.0484375 0.04609375
8 0.31875 0.83359375 0.06484375 0.065625
8 0.0359375 0.61796875 0.04375 0.03984375
8 0.07578125 0.83671875 0.053125 0.05625
8 0.2625 0.64609375 0.046875 0.04453125
8 0.4015625 0.72734375 0.0859375 0.0640625
9 0.76484375 0.790625 0.040625 0.08359375