0 0.011207796194317686 0.6779977349728854 0.022415592388635372 0.13462953005422928
0 0.02574145591348098 0.8285880874322136 0.03412202885594053 0.0376908975406721
0 0.06840267106709066 0.7924096929166036 0.03543155771188107 0.0751908975406721
9 0.04968994283627309 0.2769983163549745 0.05661707694917477 0.10030907220870695
8 0.4417757830322918 0.07632004284184876 0.09324405771188111 0.07552724082661781
8 0.673876432584654 0.4084956968254284 0.05837798439090332 0.06126475292686617
8 0.4811557084453697 0.33541324171038067 0.07493056733052797 0.08791815651766247
8 0.5756943929289403 0.3793854346269841 0.08452382213985139 0.09422269867214013
8 0.33375737487277296 0.48545921438662576 0.07158731252120454 0.08164997579950324
9 0.7648437168828902 0.24159402225558924 0.06846231252120454 0.08163179508134392
0 0.5545709049946579 0.20141951591087742 0.09308036660488846 0.07083974082661779
0 0.4961061297669144 0.1533319947354427 0.08197917549789598 0.06608860831306052