7 0.6277619065176625 0.10475269278459538 0.07427381303532492 0.14759869629109837
7 0.6173425569852007 0.19324198269868711 0.050663596212812044 0.11668288896415206
7 0.6562323401626878 0.1656016615769309 0.1287431444174139 0.11296474672063965
7 0.7761140898681003 0.3663563353667921 0.06601588544042372 0.07062676051544958
7 0.9376096051898024 0.20221634950028627 0.07541815651766229 0.07580558344622812
5 0.5330180748409856 0.33174788274411565 0.11939541549465282 0.11716092378986112
8 0.11964942466803503 0.026576867367426017 0.11273634933607006 0.046520875169342134
0 0.9121617159387501 0.6608986307079506 0.10704086123992695 0.14150582654882307
9 0.9650730925003789 0.6269640439823623 0.04418633723582133 0.077292840343633
9 0.94327640231425 0.907766986655416 0.06289997579950324 0.07202548620519025
1 0.1466463211285525 0.7738579811168075 0.11017495159900634 0.14323210085908258
1 0.28657188436026904 0.7952493815009202 0.05356133723582168 0.0777841632744117
1 0.48534975194490765 0.7299087437799636 0.16515334308955404 0.19609815128862387
1 0.4891736678323439 0.5817169052453528 0.08530221662612103 0.16379690637700667
1 0.3278139870159888 0.6349603346894235 0.08819995764913058 0.12489818068726617
1 0.2618339421310366 0.4362495177515388 0.05851245764913058 0.12334232473980081
1 0.13863279146710666 0.4704054324962884 0.16336358411256366 0.1569537641334941
0 0.16791785401145215 0.9330924609904194 0.18517495159900635 0.13381507801916115