8 0.8873607971472971 0.2292362371752092 0.2203297324222074 0.2784290227450791
0 0.45940911745395796 0.34005584325662774 0.12915246071058578 0.1619264193542568
0 0.4445909844936313 0.5069158575246513 0.132200377997928 0.09346751778268043
8 0.5603207225019192 0.8630653118250962 0.04426803846084475 0.14705909057054073
8 0.4575895206826736 0.941320724771467 0.10923806699689198 0.117358550457066
8 0.1793897078196108 0.6871683219592908 0.09753427956950463 0.08561647642635144
9 0.24138447787860268 0.9194585911897132 0.06682793507002263 0.06235875889134022
9 0.1494197256022911 0.557369505995856 0.0674443651776464 0.0421190334984459
0 0.48654292825010625 0.7829004687733564 0.10488020678164425 0.17638702564056316
0 0.29702020182375477 0.8680266778313122 0.07380568114108117 0.07827485731976366
0 0.12326167825010623 0.7659803726212445 0.11773977171162175 0.1177397717116218