0 0.029268348548721172 0.16665566599046838 0.058536697097442345 0.19793866801906326
9 0.6125644542690185 0.21104740503671504 0.12422123920022674 0.06931483603812652
9 0.4974230931064255 0.1544991704579905 0.0908085384745874 0.051554591720169365
9 0.6589979993670279 0.11107863271558067 0.07027778366526398 0.04495003571381497
9 0.8880505823066525 0.08053419602883104 0.06893353847458741 0.05117276217486462
9 0.6159870985487211 0.023601952114615708 0.07959821996293322 0.043551176947517
9 0.34116316942262814 0.17986913758354936 0.07685516587924912 0.05443412986961631
0 0.9496304338505984 0.15050973093186712 0.09250001324684405 0.09999209172016936
8 0.1943129620735668 0.2487981899364558 0.04960318511654278 0.07894320616851021
8 0.023601141431327875 0.7595016850651918 0.04720228286265575 0.06372730925276535
8 0.4821402780533323 0.7262923498411394 0.1082688569862416 0.05966710064862326
8 0.6650147762392338 0.7660428222449994 0.09360615626060227 0.04223413879807012
9 0.3104239907598713 0.8588981185088258 0.07049603847458741 0.05120003571381489