1 0.5633041432606852 0.5583628701128557 0.06148294000636341 0.04935801285158128
0 0.9130832305458693 0.9274709447508854 0.10394316000954476 0.07451452174883003
0 0.8851320478994591 0.7770425218231919 0.07578179734245438 0.07024351581733086
0 0.947404233887687 0.8663397851690646 0.08664657200827222 0.06443918479069169
0 0.9012035852562308 0.6049592747889415 0.0757454346753633 0.06711851581733086
0 0.7950274052753208 0.4599412520515284 0.07694430800445425 0.03593218281352524
0 0.7486251199475025 0.4174062421656967 0.08804544000636341 0.050440351786885884
0 0.7286778886457737 0.18367057072087803 0.09923747867599957 0.07276102076024663
0 0.5991267486473645 0.16666746003674354 0.1007090720082724 0.06501218775644105
0 0.6360523946133206 0.41907221843970055 0.05354317067154533 0.03810217787060921
8 0.7881170706556369 0.11340183307816772 0.0882090720082724 0.06450285178688593
9 0.13656892059200343 0.5558255301517867 0.11360906134627213 0.09989652372599629
9 0.12852115794082092 0.4413810281746205 0.07558180267345423 0.05305601581733086
9 0.4270671985996394 0.5113857579458465 0.07570907200827222 0.06399351581733086
8 0.2683996285805494 0.6456122248283102 0.08869996801399935 0.10669035178688588
0 0.44404035399427305 0.06030076041730438 0.052217028007635946 0.058351010874414924
9 0.3193312553310001 0.03020740072175306 0.04571248933799978 0.036221342889637353
9 0.26087386533259094 0.01610113836446338 0.04700226933481808 0.012847509885831743