8 0.9441263341649091 0.9369951069383184 0.02761988585581108 0.056395445745273776
8 0.7652715498378935 0.6999531283101448 0.07791098428423418 0.06293633723582168
8 0.7674119385891884 0.7546678993873837 0.08728598428423417 0.06299087939029953
8 0.929147805214577 0.772019546731664 0.07373290653397505 0.07384656615858276
8 0.9559415533525503 0.5658695406815397 0.03772263192686935 0.07207498789975161
8 0.8397129317647629 0.6284917396482674 0.09949488585581108 0.05681360226293641
9 0.9291156102197569 0.9879197191602038 0.051382717535011224 0.02416056167959226
9 0.9614254975188008 0.04544795637258433 0.07449488585581107 0.05666815651766242
4 0.4791671916895604 0.4669759600850175 0.26244014970954976 0.20147263817089806
4 0.13419498594137333 0.5415522166261211 0.22304800992479748 0.1606294695529872
9 0.2929193225829725 0.48933625253408286 0.09553513192686944 0.0724113311856975
8 0.0736964034336034 0.21298633421075955 0.07020549214211713 0.03164997579950315
8 0.006261731493448662 0.21334488251355732 0.012523462986897323 0.025127265027114643
8 0.5695460967757936 0.33856058947531686 0.09876713978475227 0.04118860226293632
8 0.4703766583960022 0.1355850595192834 0.08107021753501123 0.030151108313060514
8 0.2598136858985921 0.2437646773003137 0.19339043507002263 0.06048402380771343
9 0.38562713089341216 0.02568736387220539 0.08583049214211709 0.03174087939029936
9 0.12449261600621594 0.2632954064194665 0.109850188998964 0.0443772347764936
1 0.11937493052190862 0.17183461426498886 0.063518844499482 0.022238614363184705
0 0.41680208643671135 0.3462680294650541 0.204726041356329 0.03555674668035032
0 0.5190944865605459 0.2976310624461497 0.1372132096771285 0.061719270880847076
0 0.3711044044670607 0.11937827653818786 0.19368153349844608 0.06673402380771339