0 0.13896523937777067 0.32498458888079557 0.06008407200827235 0.061973894480112965
0 0.25971190201304484 0.09157997930371872 0.07271134134309047 0.07312958279171564
0 0.16212038136536217 0.23315559902706529 0.07416475334181775 0.06378185633066594
0 0.2977397080283169 0.20343905113838573 0.04585794000636332 0.04766593262955983
0 0.3484567760184537 0.12988277435302453 0.04774770401018138 0.0758182061685102
9 0.08209816872213381 0.4072437098219582 0.06313634667409056 0.05577844155801355
0 0.2617225813971789 0.4658396396121443 0.0601567973424542 0.06822389448011279
0 0.18762091538031603 0.3428891091733351 0.08604768268618095 0.14522277110331833
0 0.29516923870145295 0.25114984821628644 0.06640679734245411 0.0683329886359143
8 0.300162204129494 0.9488606452941871 0.09794769867918127 0.09387845941492116
0 0.46144131806967864 0.5053310133959759 0.09789315467854501 0.08919095941492117
0 0.8116514980903595 0.6515927642100501 0.15596019334818118 0.11207508035608349
6 0.812631100731997 0.4671632171321495 0.17979768268618096 0.14685918344033871
7 0.7489446021244033 0.9035195028459644 0.0815227200031817 0.02485572402541756
7 0.7757070967934032 0.9202433526838085 0.0658249946689999 0.018332988635914305
7 0.6668497174569943 0.8994826136408574 0.08782726400381798 0.02965231818121907
7 0.6475730061266305 0.9216985328777365 0.04700226933481808 0.01175570616851047
7 0.6453928881285396 0.935801943186162 0.05950226933481808 0.01197389448011279
7 0.42876791478354004 0.8536281915613089 0.09720226400381797 0.029815959414921166
7 0.5669037141151765 0.8387144833642036 0.1379363520050907 0.03990007142762977
7 0.5299855167886307 0.889369048299012 0.12376476400381797 0.03027960957707663
7 0.4400781321212217 0.8854685267886566 0.07529090133672707 0.026309129869616043