8 0.1078125 0.06875 0.08515625 0.0765625
8 0.24296875 0.1734375 0.07890625 0.06953125
0 0.08515625 0.30625 0.08515625 0.065625
0 0.415625 0.03125 0.0671875 0.0625
0 0.23515625 0.33125 0.1640625 0.103125
9 0.759375 0.0953125 0.06171875 0.06796875
9 0.70859375 0.04296875 0.0484375 0.06953125
9 0.8125 0.02578125 0.10078125 0.0515625
1 0.271875 0.69609375 0.03046875 0.04765625
1 0.0265625 0.6578125 0.05 0.08203125
9 0.20546875 0.87265625 0.0265625 0.053125
8 0.18515625 0.728125 0.025 0.040625
8 0.23046875 0.86796875 0.03515625 0.0625
8 0.2390625 0.96953125 0.0265625 0.04296875
8 0.16953125 0.846875 0.03046875 0.05546875
8 0.51484375 0.9625 0.075 0.075
8 0.68125 0.8390625 0.06328125 0.07265625
9 0.646875 0.9625 0.046875 0.0515625
9 0.6015625 0.921875 0.05 0.0625