9 0.240625 0.08203125 0.128125 0.1640625
9 0.05859375 0.15859375 0.07578125 0.1
9 0.4421875 0.05390625 0.078125 0.084375
9 0.35703125 0.04921875 0.0953125 0.0984375
9 0.44609375 0.12421875 0.0953125 0.0921875
9 0.44375 0.28671875 0.14765625 0.23984375
9 0.57734375 0.16484375 0.1234375 0.13203125
9 0.28359375 0.3 0.11640625 0.14921875
9 0.071875 0.0515625 0.14375 0.103125
9 0.109375 0.27734375 0.1171875 0.13984375
9 0.07890625 0.42109375 0.1578125 0.1765625
9 0.01953125 0.28984375 0.0390625 0.1953125
9 0.29921875 0.46171875 0.0703125 0.0953125
0 0.9125 0.28359375 0.08046875 0.1125
0 0.8078125 0.325 0.07265625 0.07265625
0 0.9046875 0.15859375 0.075 0.13359375
9 0.31953125 0.82421875 0.046875 0.05859375
8 0.428125 0.5609375 0.0359375 0.03984375
8 0.24140625 0.8703125 0.04921875 0.05234375