8 0.34844915169177054 0.3289378831193225 0.05072735182361114 0.032122753246410875
8 0.17654366299402774 0.032777520901447456 0.07968880642076392 0.06555504180289491
8 0.06658678153513883 0.058188601055660205 0.07325696846486114 0.06062958279171564
8 0.0328125 0.021875 0.065625 0.04375
8 0.01922016584381935 0.2621181704546952 0.0384403316876387 0.06951365909060954
8 0.06215189504225681 0.14807326136408572 0.09651263050895838 0.05322618587597074
8 0.3084209508943399 0.4717663112846555 0.04556837955902786 0.07888865909060953
0 0.15195013250572864 0.6181891181017888 0.027871733282500078 0.056713650162155814
0 0.168246626521805 0.656170359173335 0.05810474715020839 0.08066934740221221
0 0.08773889608909655 0.7934578993513768 0.04262521751493065 0.08664661201270878
0 0.12883667477444377 0.7724362873386681 0.029834276785486134 0.07392842370110611
1 0.776487151976111 0.12389050406378037 0.07877961664125017 0.02948867694751698
9 0.6011949048259027 0.2066053668872681 0.08495688145888884 0.026472771103318315
8 0.8146034413950346 0.1974137788205467 0.06620688145888884 0.026145488635914305
8 0.5844801835112499 0.18659287581572181 0.10080008700597212 0.036120506492821745
8 0.44053016175975673 0.1976957913991531 0.06933188145888884 0.026200035713814972
8 0.6685817733670136 0.23041896794292832 0.09127961664125017 0.029706865259119742
8 0.4322915959365967 0.6187622678602027 0.09767639342673622 0.1032261858759707
8 0.6287808169669089 0.8332127313356089 0.1080320119678472 0.07841710064862326
9 0.8042535956522563 0.8098455949731708 0.09843880642076393 0.06887845941492117
0 0.4139065782691662 0.5363043238665572 0.054325130508958354 0.05248980032431163
1 0.754763395139166 0.7552632349890569 0.08248649810013901 0.05454322402541756
8 0.5697019833794092 0.5531082199715233 0.07652743882958343 0.0669341298696164
8 0.4681245656357288 0.38776168385067117 0.0789250870059723 0.03573867694751698
8 0.514943707828194 0.4564474541432106 0.12220361474138883 0.08335006249917623
8 0.6160334291428468 0.4749871741114385 0.07645470364722229 0.0638091298696164