0 0.16328125 0.08359375 0.09140625 0.09765625
8 0.6953125 0.4484375 0.0484375 0.05
0 0.77578125 0.3265625 0.04453125 0.05546875
9 0.8359375 0.38828125 0.06171875 0.053125
9 0.4875 0.02421875 0.0453125 0.04765625
9 0.54609375 0.13203125 0.046875 0.05546875
1 0.68828125 0.1328125 0.0328125 0.0515625
8 0.75234375 0.1265625 0.0453125 0.075
8 0.49609375 0.4078125 0.0453125 0.05703125
8 0.75078125 0.2859375 0.0453125 0.05
8 0.3828125 0.12890625 0.0671875 0.065625
8 0.56328125 0.08203125 0.0625 0.05859375
8 0.609375 0.45703125 0.03984375 0.0640625
8 0.49296875 0.471875 0.05859375 0.0359375
8 0.828125 0.33203125 0.04140625 0.053125
8 0.83515625 0.0859375 0.046875 0.04765625
8 0.66953125 0.196875 0.04140625 0.05859375
8 0.28828125 0.71171875 0.06015625 0.06796875
8 0.259375 0.50234375 0.04296875 0.0265625
8 0.290625 0.559375 0.04140625 0.0515625
8 0.76328125 0.55390625 0.0671875 0.0375
8 0.85078125 0.546875 0.05390625 0.05
8 0.73046875 0.69453125 0.06015625 0.04453125
8 0.68828125 0.6609375 0.03125 0.0375
8 0.7171875 0.59140625 0.0328125 0.040625
8 0.63515625 0.72265625 0.05 0.0234375
8 0.5765625 0.87265625 0.046875 0.04296875
8 0.72265625 0.7453125 0.0625 0.040625
8 0.64765625 0.8765625 0.046875 0.0375
0 0.62265625 0.58203125 0.053125 0.03046875
0 0.621875 0.828125 0.09296875 0.04453125
0 0.6 0.78359375 0.10546875 0.07109375
0 0.6109375 0.68203125 0.11953125 0.0625