9 0.6548519521146157 0.6249327480903595 0.06466251785690744 0.0351204346753633
9 0.45001444765038884 0.6311447433959062 0.04147047970746058 0.048910214672181596
9 0.5779603952974824 0.7771941347469509 0.09147047970746058 0.04949201734563573
9 0.46245417208284356 0.7242771253978153 0.06948638555165906 0.04298747867599957
9 0.4535683214342205 0.8304453093968608 0.055451159090609534 0.04438634667409076
8 0.5282740409954113 0.7586435820734966 0.08834547970746058 0.049455654678545
4 0.4989974184293956 0.6004583647358149 0.12477390340856669 0.07799882535008998
4 0.6696666542259362 0.7610702427593594 0.12452844155801354 0.06393632535008997
0 0.523641088073312 0.7554640380728603 0.08826365909060954 0.044768154678545
0 0.6857394878284306 0.556528193427723 0.09009889448011296 0.060411336012090366
4 0.9548805945628385 0.17911390746335765 0.08573867694751698 0.07910679201145401
4 0.7928948376629796 0.10299520810785867 0.06460797077900686 0.031995434675363255
0 0.8607975836057898 0.28663495878417644 0.0917704886359143 0.06667951734563582
0 0.6162157406678045 0.331454920751087 0.08028751785690744 0.03530224801081765
1 0.04972460308590274 0.5232835060073178 0.09944920617180548 0.17779883068109026
1 0.09822803084914158 0.7294158746817265 0.06518071509696392 0.0648079346753633
1 0.15642236039444632 0.708213584022908 0.05421594155801359 0.06311816534054522
1 0.2130951002481766 0.684649362030544 0.05405230032431154 0.05374316534054504
1 0.25055241559002184 0.8218317360359528 0.10029210064862308 0.10739542401336308
1 0.3199160702164045 0.7874754647119524 0.06537162986961631 0.07574543467536313
1 0.36800474269969463 0.7184896547183157 0.075128459414921 0.09772952267663584
1 0.21778437459790584 0.5503016340308623 0.11451824188232518 0.11693405601527189
1 0.10234633523064289 0.4934783746817266 0.09064436525911974 0.09166133601209037
1 0.27073209659472863 0.5610760493714073 0.10275462743398434 0.15897610534690845
1 0.35335763596199155 0.6175175007160887 0.06534435633066593 0.0741829346753633
1 0.27743033563768 0.6697697967059073 0.04623980032431163 0.053652258672817865
1 0.28087688961543955 0.7409180907065436 0.04769320616851021 0.047420440006363404
1 0.06793260471240346 0.6743647480108177 0.05739548863591428 0.06627952800763595
1 0.07297070657884257 0.6095664513446813 0.07469208279171564 0.07272952267663584
1 0.24767820048976263 0.4045260573679075 0.050900026785361166 0.05214430267345431
8 0.1489970129889388 0.2830408613542263 0.12639095048646737 0.08114200668363561