8 0.6832158745946105 0.062424672723127426 0.06890573295387145 0.09882838544042356
8 0.842494048299012 0.5145770043016084 0.0822863944801128 0.059847698672140126
1 0.2630031915613089 0.41717736787922616 0.04448638555165925 0.042442030054229286
1 0.2473214646932221 0.24150520218818156 0.047638659090609534 0.04402271077238851
0 0.31218457995234183 0.150512042645457 0.06666139448011296 0.059756795081343926
8 0.1468736310907276 0.4467563044511179 0.06057503571381497 0.06909543364502539
8 0.3013293060096497 0.4591376089022357 0.04467730032431154 0.05337953005422928
8 0.3010622991097908 0.3849279492613153 0.050763659090609536 0.044040891490547726
0 0.4098874687504119 0.057765485562060535 0.0381545649348082 0.037718168617910816
0 0.4361539139618735 0.11932515427816721 0.0494466209411625 0.058094301131468115
0 0.3200885831987527 0.10047113602959876 0.05723184740221221 0.05657725292686626
8 0.8061008064166867 0.63040199220136 0.09256142126547431 0.1114647408266178
8 0.6941097264676402 0.9599263866187739 0.08875458279171564 0.07238406010845858
8 0.7345064500860208 0.7042485583599427 0.06709777110331831 0.08475679508134384
8 0.8363245000065905 0.9575366639425287 0.1481841298696164 0.07585449375348433
8 0.3791894788999769 0.5633615005891752 0.056795470779006776 0.031577252926866174
8 0.45234851502082896 0.6683939133533535 0.04149775324641105 0.05023634933607006
8 0.5168302061751008 0.9125251875538503 0.06353639448011297 0.059738614363184436