9 0.24609375 0.3203125 0.0640625 0.06953125
9 0.1421875 0.20703125 0.0625 0.0609375
8 0.890625 0.09921875 0.0734375 0.0578125
0 0.76953125 0.3015625 0.053125 0.03359375
0 0.73046875 0.27890625 0.0734375 0.07421875
0 0.60859375 0.38359375 0.0796875 0.05234375
0 0.62265625 0.33046875 0.06875 0.03515625
8 0.0421875 0.5796875 0.084375 0.1203125
8 0.09140625 0.921875 0.090625 0.078125
9 0.06796875 0.79765625 0.0640625 0.0625
0 0.3609375 0.97109375 0.0765625 0.0578125
0 0.04609375 0.96796875 0.0921875 0.0640625
0 0.80234375 0.61171875 0.075 0.03203125
0 0.7421875 0.63046875 0.06875 0.03203125
9 0.43359375 0.76953125 0.0609375 0.04765625
9 0.74921875 0.73203125 0.0640625 0.0375
9 0.6890625 0.79296875 0.0609375 0.0453125
8 0.5765625 0.67109375 0.08125 0.05546875
8 0.628125 0.78515625 0.075 0.05390625
8 0.76640625 0.6875 0.075 0.040625