8 0.03446853181947928 0.13973674214211712 0.06490026101791677 0.10603598428423426
0 0.03016485115802105 0.2565967564101408 0.05051045269729174 0.09131851282028158
9 0.1622403072737853 0.6669970630679506 0.06886040919430565 0.07500430810555195
9 0.22096069063253526 0.6416374981379732 0.06700696846486114 0.0624315334984459
9 0.20622800303722286 0.7463057274598087 0.079108231382639 0.11294095574818712
8 0.3175109951534381 0.7663164745643246 0.12325958130638899 0.19928087014004509
0 0.6058584482319795 0.44729476261088463 0.159450348023889 0.14477746071058578
0 0.7800830771254172 0.7574253955712114 0.07140483415618064 0.1172645827126578
0 0.8352258252255561 0.8130611195163635 0.08030705547083343 0.0973887303552928
0 0.8283056376302438 0.9180932218737283 0.05457970364722229 0.06497433664159899
9 0.8963107552214243 0.9228214172828331 0.06588087955902786 0.08110875889134021
9 0.7477628460271187 0.8441056042148827 0.041643292553055565 0.04564213978475209
9 0.7153308993137506 0.7918688620727653 0.045059233282499986 0.05828768899896399
1 0.9512664396826047 0.7021857396564085 0.06544446846486096 0.06235875889134022
1 0.8760300503399311 0.6885363085153274 0.05120013050895835 0.05389128742738745
1 0.917237585009202 0.7489858109965268 0.056214938829583616 0.06817211124870504
1 0.9271769358828827 0.8071985713356089 0.038554660144236405 0.04705909057054072
1 0.9939474619575176 0.7529520270837959 0.01210507608496485 0.03880994292790554
1 0.745815873478195 0.6933971288219883 0.05130923328249999 0.058578787427387445
6 0.8694410903275355 0.9888978538028523 0.06544446846486096 0.022204292394295423
8 0.6348945976426393 0.5883392936281313 0.06268314437666671 0.07783820967712848
1 0.94719914836382 0.8292020039244322 0.02881598423243048 0.030997442927905537
1 0.9869808350576565 0.8570209429233963 0.026038329884686816 0.035976041356328994
1 0.9153322057345147 0.8682987371752091 0.03205008700597247 0.03583049214211727
1 0.8347329031134727 0.6912952814270221 0.035320557370694415 0.04222604135632899
1 0.841910276688577 0.7314301298554456 0.05468880642076392 0.06966183664159917
1 0.8814994535503132 0.722348382336645 0.03205008700597247 0.03583049214211727
1 0.8765236256623965 0.8438595093011158 0.03212282218833309 0.038955492142117264