9 0.67734375 0.4359375 0.08515625 0.06484375
8 0.8546875 0.28828125 0.1015625 0.11015625
8 0.86796875 0.4375 0.12265625 0.0625
8 0.0859375 0.87265625 0.07578125 0.08203125
8 0.14140625 0.92578125 0.04375 0.06875
8 0.19453125 0.8125 0.06171875 0.046875
8 0.2390625 0.54375 0.06171875 0.0765625
8 0.0875 0.78515625 0.08125 0.078125
8 0.153125 0.54921875 0.06171875 0.0703125
0 0.19140625 0.62734375 0.1171875 0.08828125
0 0.225 0.70234375 0.1359375 0.1375
0 0.23046875 0.878125 0.15 0.121875
9 0.88984375 0.88046875 0.14609375 0.1234375
9 0.84609375 0.68984375 0.08125 0.078125
9 0.57109375 0.6234375 0.0796875 0.08828125
9 0.91015625 0.52421875 0.09375 0.07421875
0 0.50234375 0.75234375 0.06875 0.18203125