8 0.19140625 0.2859375 0.0875 0.10625
8 0.1203125 0.18359375 0.07578125 0.10625
8 0.37578125 0.05 0.078125 0.1
8 0.26640625 0.10859375 0.03984375 0.0515625
8 0.1546875 0.10546875 0.05390625 0.06796875
8 0.17265625 0.16015625 0.0734375 0.07890625
7 0.97265625 0.21171875 0.0546875 0.1109375
7 0.678125 0.39453125 0.2359375 0.209375
7 0.95 0.04921875 0.08984375 0.0984375
7 0.8796875 0.1609375 0.09609375 0.12265625
7 0.725 0.12109375 0.1984375 0.19296875
7 0.78828125 0.06015625 0.2328125 0.1203125
7 0.4109375 0.7578125 0.05546875 0.07421875
7 0.34765625 0.57890625 0.09375 0.1078125
7 0.41796875 0.5515625 0.0578125 0.06953125
7 0.40546875 0.6234375 0.05625 0.07578125
7 0.43671875 0.96171875 0.0640625 0.0765625
8 0.87578125 0.66875 0.04453125 0.05625
0 0.790625 0.6359375 0.05390625 0.07109375
0 0.7859375 0.75625 0.03828125 0.0640625
0 0.85234375 0.76640625 0.040625 0.0453125