8 0.23671875 0.24453125 0.09453125 0.1078125
0 0.7046875 0.0890625 0.09296875 0.13125
0 0.8828125 0.0421875 0.1078125 0.084375
0 0.9734375 0.2984375 0.053125 0.06328125
0 0.91953125 0.15546875 0.0765625 0.1328125
0 0.78125 0.08671875 0.078125 0.1078125
0 0.55546875 0.18671875 0.08828125 0.10546875
0 0.59296875 0.09921875 0.06171875 0.071875
8 0.7203125 0.58046875 0.05625 0.078125
1 0.62734375 0.871875 0.05625 0.065625
1 0.56171875 0.696875 0.04140625 0.0484375
1 0.759375 0.7875 0.053125 0.08046875
1 0.94921875 0.9796875 0.0484375 0.03984375
0 0.51640625 0.84453125 0.06796875 0.09296875
0 0.81796875 0.68203125 0.046875 0.0828125
0 0.74453125 0.69453125 0.06953125 0.090625
8 0.5921875 0.659375 0.046875 0.0609375