1 0.16487097264583295 0.4718182731319132 0.031105836056041714 0.061455697240056395
0 0.4217431409581943 0.248084312902918 0.044587761017916706 0.10386138555165916
0 0.33151818446118037 0.22931494764379826 0.04240701196784728 0.07727161201270887
0 0.3926018080362846 0.19052122889338635 0.03982752583555564 0.10065456493480815
0 0.23460812329076375 0.16197171468992683 0.04080814437666671 0.07568183847375849
0 0.12475969139503454 0.21398245373287822 0.04556837955902786 0.07888865909060953
9 0.7261877195117009 0.5996327706929859 0.08521276101791671 0.10457049756436802
9 0.8497441204409721 0.0929890787279353 0.08328658510611113 0.08891822402541769
9 0.9770488900082637 0.23120391923028868 0.03761040919430556 0.07250229139585782
9 0.9854815986894792 0.10395562661661487 0.026527438829583617 0.06606137662320544
8 0.9673439688461108 0.3795323250744873 0.048802482332569494 0.0836307061685102
8 0.5823656375397218 0.5666412183400796 0.07710932028847228 0.0919341298696164
8 0.6798498477395485 0.07204751298234822 0.08172408510611114 0.08889095048646733
8 0.7645346254749652 0.02663164731619142 0.06933188145888884 0.02620003571381495
8 0.5117336677436805 0.1761877678536122 0.056979964665138993 0.16655230032431154
8 0.8288256762930551 0.4208822536468574 0.09600479065319475 0.0985114123370204
0 0.6167666598598958 0.16317134496328495 0.05930357123840295 0.06507162094116259
0 0.5192896349742706 0.2880837958567894 0.04560474715020835 0.08045115909060954
8 0.3035268970390271 0.8275069857932452 0.048402438829583436 0.06644320616851011
0 0.4785821016361799 0.7946104853862082 0.019733231382639004 0.10967500892845372
0 0.6279073415681937 0.9269571554338661 0.10603440729444458 0.12680005357072233
9 0.7228399414919437 0.8442049310014115 0.06090243882958326 0.0666613944801128