8 0.2554718515449398 0.8761160335804459 0.030580061757624753 0.08535714664195523
8 0.1663077146353481 0.7754290420179665 0.058523205331134066 0.08008929328391083
8 0.419171953352577 0.6682613496450295 0.027727846397360877 0.0946230192372937
8 0.45396449049959564 0.6795336663425853 0.04679609514371954 0.10621528366526398
1 0.30593147044133584 0.5098809091710091 0.026909492478152598 0.0664980192372937
0 0.24144307310690288 0.4731100846689051 0.06803459765100213 0.08510417549789598
0 0.2319112972426554 0.5592931213293939 0.061920989970870186 0.08957342068857255
8 0.6646616127612038 0.4926710394860777 0.05347199247815269 0.06742560217691818
8 0.7980972722363378 0.7884869925739698 0.03284124373179402 0.05577877404661713
8 0.6882425506078678 0.7283257972906261 0.042898205331134066 0.07954365626060227
8 0.7417934479423007 0.7654785677090461 0.047767561757624755 0.08595734736759475
8 0.6037047630651378 0.870979577960665 0.0411538489046432 0.07323909255827132
9 0.851012986738672 0.6328892678017133 0.03963681301126627 0.07474702885594056
0 0.7301154650310595 0.60355148658352 0.05181856426490725 0.0642460384745874
0 0.6954509600164945 0.5610564517371298 0.04704013605166182 0.06095734736759475
8 0.5327837562682062 0.04364083947822849 0.07478470282385156 0.08728167895645698
0 0.46014187813410307 0.01992308648300361 0.07346624373179385 0.03984617296600722
8 0.7860043814993154 0.18483620291825612 0.03555706677218975 0.041825401451278846
8 0.9345866340065978 0.20150036934565935 0.05788670783841639 0.05821429328391083
8 0.9289096323572451 0.3429611830479902 0.045568564264907255 0.06402778366526399
8 0.7894152233443298 0.3626611025554364 0.045386707838416564 0.05777778366526398
9 0.5979959161390515 0.18203612904912422 0.055398205331134064 0.07998016587924912
9 0.7634126644896988 0.3175222173462264 0.03234113855894449 0.03859127404661713
9 0.8317307554767833 0.3299651644436687 0.029307066772189926 0.04160714664195542
9 0.7050127942731546 0.20561498358829516 0.04364235141192587 0.05147321996293312
9 0.627553035497666 0.13183523240716882 0.03569345909205772 0.04651290145127884
9 0.6891544620615586 0.2678248069092729 0.027880959092057723 0.04624008293962456
9 0.6376685184089071 0.2938168772350257 0.027880959092057723 0.04624008293962456
9 0.5732817579840658 0.36084317532825994 0.029534387305303157 0.04941964664195542
9 0.8524393752311091 0.12788430927152555 0.023375315518548233 0.05232639183263199
9 0.6809939357350927 0.038655662081416006 0.03596624373179384 0.05588790145127883
9 0.8612317020324287 0.174404645206375 0.03850021034569906 0.035684528855940555
9 0.579733997954936 0.27320676607243277 0.029034282132453626 0.032232146641955416
9 0.614108997954936 0.27200636462115396 0.024346782132453625 0.03206845553496285
0 0.8994410927029441 0.3096501752434419 0.03504024122451135 0.07770833774894799
0 0.8731884812618885 0.2731050400342319 0.040136918184115446 0.09193452885594056