8 0.23671875 0.48125 0.1046875 0.05546875
8 0.0484375 0.38125 0.08828125 0.1390625
0 0.12109375 0.4828125 0.08125 0.05234375
8 0.8140625 0.26875 0.034375 0.04453125
8 0.78359375 0.3890625 0.02890625 0.06015625
8 0.73984375 0.2859375 0.02265625 0.04140625
8 0.7453125 0.20546875 0.02109375 0.03125
9 0.20546875 0.7625 0.0734375 0.15625
9 0.70390625 0.740625 0.09296875 0.09296875
9 0.603125 0.66484375 0.06796875 0.06953125
9 0.7265625 0.58515625 0.0515625 0.06015625
9 0.9046875 0.53125 0.05 0.04609375
9 0.4984375 0.71484375 0.01875 0.07421875
0 0.96640625 0.61796875 0.06640625 0.1421875