0 0.3150468145687772 0.7305048200708949 0.07569089067472685 0.06155727711788863
0 0.14588609253664236 0.9593582796251712 0.10254429201145401 0.08128344074965774
0 0.22420363856623188 0.7466179018867795 0.09327838001272663 0.09643238229073817
9 0.4682530832272776 0.795139284573229 0.08704656134627217 0.09781302586424748
8 0.6315883298854599 0.8624130157686107 0.08548406134627218 0.09776756175762458
8 0.5789275012333228 0.7538132540901281 0.07605451734563573 0.0928072771178888
8 0.7785076885344152 0.9847891547897735 0.12716248400699967 0.030421690420453017
0 0.6591582518698696 0.9714067848043383 0.06329997867599957 0.05718643039132339
8 0.07963021928709305 0.3430573297043134 0.0342306440165447 0.12282974623907635
0 0.18573641064609187 0.15701819279472173 0.05419769867918123 0.09373327962517117
0 0.1681772879933185 0.05412887351524955 0.043078385343726835 0.07779003087881238
9 0.6042569546069572 0.4575747515828457 0.076018154678545 0.08968227711788863
0 0.5220984352721392 0.46612538598515485 0.08833634134309029 0.07442098997087002
0 0.562162550644501 0.1796937924907879 0.09838405068427196 0.1325062746106062
0 0.5416216892902748 0.33305447321131576 0.06847837468172671 0.11289245658477523