0 0.32734375 0.13515625 0.0609375 0.06015625
0 0.09609375 0.25859375 0.07109375 0.07109375
0 0.2359375 0.159375 0.0625 0.0734375
0 0.20859375 0.2953125 0.04609375 0.0453125
0 0.1359375 0.346875 0.075 0.04609375
9 0.40859375 0.07734375 0.0546875 0.0625
0 0.4703125 0.25625 0.0671875 0.05859375
0 0.34609375 0.18359375 0.14375 0.08359375
0 0.25625 0.2921875 0.0671875 0.06484375
8 0.95390625 0.2890625 0.0921875 0.096875
0 0.51328125 0.45546875 0.0875 0.09765625
0 0.665625 0.80390625 0.10859375 0.1546875
6 0.48125 0.80703125 0.14375 0.17890625
7 0.91640625 0.73828125 0.0234375 0.08125
7 0.93359375 0.76484375 0.01640625 0.06640625
7 0.9109375 0.65625 0.02734375 0.0875
7 0.9328125 0.63671875 0.0109375 0.04609375
7 0.946875 0.634375 0.0109375 0.05859375
7 0.8609375 0.41875 0.02890625 0.09765625
7 0.8484375 0.55703125 0.0375 0.1375
7 0.8984375 0.51953125 0.02890625 0.1234375
7 0.89296875 0.4296875 0.025 0.075