8 0.3160136832706357 0.31640625 0.09030134783255325 0.06875
0 0.33671616102751434 0.421875 0.14419035178688597 0.0875
8 0.12431568422203784 0.70703125 0.0555443458553869 0.059375
0 0.7154539036503216 0.06171875 0.09750635277546901 0.0921875
0 0.5790230192401908 0.30390625 0.0881313527754692 0.0921875
0 0.7564688814072001 0.1671875 0.09380834980971961 0.078125
8 0.8547047460456673 0.01875 0.06715300790866544 0.0375
8 0.8669607124338394 0.178125 0.05630834980971926 0.078125
8 0.9628342865403965 0.221875 0.05905134783255335 0.06875
9 0.7234123477953721 0.3265625 0.0800350098858317 0.046875
0 0.5507203808385464 0.96015625 0.08605951680591381 0.0796875
0 0.7772311427015446 0.90390625 0.09884335969555132 0.125
0 0.6322608354009015 0.78046875 0.13388952174882984 0.103125
9 0.5587331520930847 0.859375 0.09300985376405232 0.096875
8 0.8077847588228865 0.7484375 0.08666701186299797 0.05625
8 0.5355914238419145 0.75625 0.038704355741218596 0.10625
8 0.7309463917129613 0.90859375 0.2031143656270503 0.153125
0 0.8630027939175893 0.58203125 0.2340752055509384 0.184375
0 0.6966947030051183 0.61796875 0.23544138737588013 0.25625