0 0.803125 0.23515625 0.1328125 0.0625
0 0.85234375 0.634375 0.13046875 0.10078125
9 0.246875 0.60703125 0.09765625 0.0625
8 0.68515625 0.2953125 0.109375 0.05234375
8 0.2453125 0.68671875 0.07109375 0.0484375
8 0.04609375 0.54453125 0.07421875 0.07109375
8 0.45703125 0.5609375 0.1453125 0.1109375
0 0.159375 0.3203125 0.15390625 0.08671875
0 0.5875 0.48359375 0.12734375 0.06640625
0 0.74140625 0.590625 0.09765625 0.04609375
8 0.56953125 0.64453125 0.16875 0.10078125
8 0.340625 0.67578125 0.09453125 0.075
8 0.82421875 0.421875 0.12734375 0.10078125