0 0.03413011892236074 0.44454121607880215 0.05865026101791676 0.10607293758467104
0 0.07726448271381917 0.3345996500454285 0.03343205547083341 0.09538774310259504
0 0.09895372549562455 0.5425825684082227 0.031360409194305626 0.07343085594746519
0 0.20646036702249965 0.3824495725920943 0.04662173328249999 0.058624727498762755
0 0.09494621124666654 0.14484110922682564 0.04865701196784729 0.07901911465389255
0 0.255520035334861 0.15203173224846117 0.019877395326597203 0.049420145861556984
8 0.1590249354111109 0.24136090513381117 0.05330814437666671 0.07770227611928178
8 0.21818238307440954 0.2140713868164455 0.048511541603125076 0.0727691146538925
8 0.12679301044923585 0.2851861482364062 0.04542290919430565 0.074167840343633
8 0.1801894609623261 0.3377888478068649 0.021403527735416716 0.04793953301668683
7 0.8305369127096872 0.18822162200558273 0.12118662860909737 0.11091092378986112
7 0.6460151359242012 0.2712399191557637 0.17376611474138884 0.09025758706427264
7 0.753451001899861 0.025942865785546325 0.09229790919430556 0.05188573157109265
7 0.5903152222645833 0.02405667882247297 0.03895470364722229 0.04811335764494594
8 0.22927112623746457 0.8439702487568045 0.07467399810013893 0.056973696291098365
0 0.17484081221725636 0.7016875734966054 0.04327852773541672 0.04908595318850324
0 0.24017356506704796 0.7778539258260261 0.038300087005972296 0.03634029172311397
0 0.25818064228937443 0.6746913042747286 0.0321955573706945 0.042262743102595125
0 0.27427907418510367 0.6200071263009959 0.04811149810013893 0.05558161465389251
0 0.022594839904218452 0.7269819018544508 0.045189679808436904 0.04012038896415202
0 0.05861640017315913 0.6999756665537719 0.026309233282500056 0.057560194482076096
0 0.09040995440972156 0.7755588427184822 0.046148954597152805 0.03831222749876275
0 0.1149579723614925 0.6595686725466657 0.051018292553055566 0.04637038896415202
0 0.17298606506704797 0.7813750734966053 0.032268292553055564 0.04538774310259512
0 0.3784184474758674 0.772169412597043 0.046548998100139016 0.05549972749876275
0 0.5247667706141312 0.7535754635924112 0.07354790919430557 0.0756418091359686