0 0.4188913701500373 0.3277223727667025 0.26783132383181874 0.3072465052417873
0 0.4820863889546557 0.15930423735695703 0.13041022868809904 0.19394786397194572
1 0.24766958801758365 0.30738649367847853 0.08325042069139794 0.07395673658176474
1 0.40374242860895676 0.12988565006459846 0.08664820533113407 0.08353199568106336
8 0.15615831875074676 0.7938327382798077 0.07869931301126601 0.07834384793281686
0 0.6310647612162641 0.3297798187892195 0.1400459899708702 0.09631140036914018
0 0.6302046063599838 0.43471764266334284 0.09525031551854841 0.05757027297895938
8 0.9203007574553403 0.34411841687891975 0.08481292069139812 0.07405686613141409
8 0.8445051355894435 0.32158088526208717 0.06390938730530316 0.052442681985972864
9 0.8687850362225816 0.5642294602159447 0.1476144490629281 0.1420244185677376
8 0.8019792841110107 0.7430541694998134 0.1279551669304741 0.10957286397194572