8 0.01171875 0.30390625 0.02265625 0.10625
8 0.1140625 0.42578125 0.07578125 0.10859375
8 0.184375 0.45859375 0.05 0.07578125
8 0.03046875 0.19140625 0.0609375 0.0859375
8 0.03125 0.1140625 0.0625 0.084375
8 0.57578125 0.190625 0.14140625 0.071875
8 0.09453125 0.96484375 0.07265625 0.0703125
0 0.0109375 0.865625 0.02109375 0.10390625
9 0.665625 0.7859375 0.07890625 0.1
9 0.77421875 0.77890625 0.06875 0.08203125
9 0.88671875 0.79296875 0.046875 0.0703125
1 0.70859375 0.92109375 0.0578125 0.0703125
1 0.68671875 0.85390625 0.0578125 0.05625
8 0.57109375 0.56875 0.0671875 0.06015625
8 0.59609375 0.82734375 0.0421875 0.0578125