0 0.60078125 0.399383476887174 0.11875 0.12254139988706055
0 0.665625 0.5331067585277923 0.090625 0.14902830517696727
0 0.83359375 0.3912924428980685 0.09375 0.14921031570031093
0 0.4171875 0.6374203451336162 0.1390625 0.13309946828879457
0 0.26796875 0.49142384762327784 0.2265625 0.0631957629424182
0 0.89296875 0.23392799295453823 0.109375 0.1688703683170294
9 0.40625 0.8669636319653193 0.08125 0.09848227360693614
9 0.240625 0.5461414397025353 0.078125 0.06080026308359247
1 0.05546875 0.6459880632106494 0.05625 0.053276189420186526
0 0.6375 0.26833860323788555 0.084375 0.09241428413027979
0 0.53125 0.1831207110315713 0.0390625 0.11165013154179623
0 0.59375 0.17869925056469735 0.05625 0.07515118942018657
0 0.32109375 0.38364216872643503 0.0921875 0.09286931043863911
0 0.6109375 0.653479442686307 0.0453125 0.06201415258848364
0 0.9171875 0.5043924113986246 0.065625 0.11007222099021767
0 0.8515625 0.5683708823888423 0.0546875 0.10006018415851478
0 0.5109375 0.8038350294333053 0.08125 0.16098227360693612