9 0.06943239516594499 0.9752272589769906 0.07576628742738742 0.04954548204601892
0 0.4320438269261987 0.6565969962875668 0.07246150496239867 0.08008747579950323
0 0.5118404888368575 0.6547168546006275 0.06250430810555194 0.0675329336450254
0 0.4726088608389295 0.742012321521336 0.06257708271265763 0.06909543364502539
0 0.4040514518237548 0.8549254119786113 0.05996150496239867 0.08001475292686636
0 0.15888246278200954 0.5987425479100144 0.08845037799792803 0.08799087939029934
0 0.16008539785203213 0.5393584575509347 0.08190927956950458 0.08170451795398073
0 0.16169278556986982 0.6894084545258726 0.07809507485477489 0.10042724687674216
0 0.22519451344396332 0.6514862737095175 0.05505568114108117 0.07529998184962743
0 0.08700315467645767 0.6655300721105112 0.06919095574818704 0.07694429508134384
1 0.47854656927320355 0.22862653239192038 0.13183650496239885 0.08043290944452863
1 0.3234416923087329 0.21990954166349835 0.06439213978475226 0.040988614363184704
1 0.11519685277164962 0.16086984318775 0.19571922249741003 0.11048402380771334
1 0.12895544582338955 0.08358518052176751 0.11032537799792803 0.08811814441741399
1 0.297793183003108 0.13301807484098566 0.10625430810555185 0.06778746369925477
1 0.3958732721259065 0.04059474638576271 0.07791098428423426 0.06293633723582165
1 0.5263762553766835 0.0741753817279904 0.186887877997928 0.08856357201231528
0 0.4329386627392283 0.3018185926967707 0.21697348428423419 0.06374537919390769
8 0.7111428995046619 0.20106565553570377 0.08249147642635143 0.09420451795398091