8 0.7688937443880685 0.7371847444613915 0.07523810217691818 0.055411196291098364
0 0.7549899570946074 0.8673635673921698 0.045277783665263985 0.04604284034363317
0 0.7945187377646464 0.7849704692466208 0.03859127404661713 0.033215291723114146
0 0.8355405526481036 0.8608026289029876 0.03557540145127902 0.036176517412854284
0 0.8623287419409976 0.8976099101106522 0.05018353847458741 0.05253850180902227
0 0.6118475923038174 0.9021590485089774 0.051309528855940555 0.040120388964152195
0 0.6521452100898323 0.9094049824756038 0.03137897477225664 0.04999335594746519
0 0.6631670448435554 0.8394233531223902 0.04651290145127884 0.03674972749876275
0 0.7117558230665237 0.9218773270031082 0.05141865626060227 0.0432453889641522
0 0.733762287039007 0.8053106247191162 0.035739092558271325 0.040864017412854635
0 0.919265766620587 0.7410013839913704 0.05487103847458741 0.05278416327441171
9 0.49034461453633593 0.9202240530315333 0.06264882213985139 0.09686171189493038
0 0.11636151063013718 0.7097767124607575 0.08367065027015248 0.11823874491161739
8 0.7673660269570239 0.2896480031678187 0.04280754809323426 0.06462906603337348
8 0.7513541026402544 0.43553371325372686 0.02998016587924912 0.05459896879233561
8 0.8123139060909661 0.5656882027382774 0.029871038474587407 0.05147396879233561
8 0.8371799860353658 0.501219588988896 0.03655754809323426 0.06430151741285464
8 0.7715897686043215 0.05704022105564307 0.046314494009550164 0.07573034034363306
8 0.7900743845762379 0.10831943803895631 0.04269842068857255 0.06150406603337357
4 0.7608853923807862 0.14026215683129184 0.036775802902557685 0.07055151741285455
1 0.8245560227806727 0.17045758989340715 0.019786710344286362 0.030670145861556985
1 0.8170237757758976 0.20750388851392612 0.03266865626060209 0.042262743102595035
8 0.8155480997298475 0.07111268713444514 0.02954365626060209 0.042098968792335524
8 0.8625867908368402 0.06396857248055259 0.02959821996293286 0.043661468792335525
8 0.8179017402965352 0.29401792062610177 0.036339293283910834 0.058051517412854546
8 0.798248983124959 0.1422031151081778 0.05843254809323426 0.06544793758467105
0 0.30336303594269864 0.4239200203535306 0.33391870924797795 0.4510799796464694