5 0.36015625 0.5484375 0.1171875 0.17734375
5 0.103125 0.23984375 0.20625 0.3109375
8 0.61015625 0.49140625 0.08515625 0.08828125
8 0.7453125 0.35546875 0.07890625 0.0796875
0 0.575 0.20546875 0.08515625 0.07578125
0 0.94140625 0.5203125 0.08203125 0.08203125
0 0.7296875 0.16484375 0.1671875 0.11484375
8 0.271875 0.86796875 0.11328125 0.1078125
8 0.4765625 0.95859375 0.04921875 0.034375
8 0.64375 0.94609375 0.05390625 0.021875
8 0.58125 0.93984375 0.03515625 0.028125
8 0.5296875 0.815625 0.059375 0.03203125