8 0.8345744005336101 0.7966470718090288 0.14797092721213972 0.09899748407380997
0 0.7398846770027427 0.5969193585701447 0.10988873035529281 0.08431335779368573
0 0.9855459716688404 0.7984007456559613 0.028908056662319125 0.0695382262518894
1 0.31006862861710055 0.3164392581748564 0.09077485731976358 0.07540879465362363
1 0.4686366457806083 0.1889149556993123 0.06312073821317572 0.0504242052052021
1 0.48414182940288886 0.3031671714984453 0.046622442927905364 0.03076415258848364
1 0.4152612427612897 0.25390989511949885 0.10807367328319835 0.11225634727034209
1 0.4829217777074778 0.2601529188676094 0.08059933664159917 0.05767526308359248
1 0.4675021772121397 0.06364193991429676 0.07434933664159918 0.057311242036905054
1 0.294565599047596 0.23587179763739533 0.06461046360606985 0.048952710466873925
1 0.5699188176160646 0.3451733899990014 0.062975188998964 0.0472992052052021
1 0.40088406554914996 0.1638764293203659 0.09764128742738745 0.055551320961982766
1 0.47384637655018597 0.11575817676011713 0.05174659057054054 0.04041216837349917
8 0.1868514906943751 0.07607113438439365 0.09822348428423426 0.06805132096198281
8 0.06827277274507904 0.20439980268730565 0.067662688998964 0.04757222099021767
8 0.305400283498446 0.048015481866497206 0.06392125889134022 0.06761170520520211
8 0.45674672952672335 0.3541150214702104 0.07674659057054053 0.04186825256024873
0 0.21147911724456106 0.2179933238751674 0.07827485731976358 0.07468075256024873
0 0.15530631575403775 0.5761313185429083 0.05036818114108117 0.07773015785015538
0 0.18009230003827206 0.6373572448795025 0.05007708271265772 0.07148015785015538
9 0.3668133198878669 0.946096666095599 0.06548375889134021 0.06770271046687384
9 0.3153577119489308 0.6318290397448875 0.05312930810555185 0.07009966837349921
9 0.3972841081438239 0.6920770240304591 0.06555653349844608 0.06926521046687384
8 0.23486334490925756 0.804158337029347 0.07878427956950462 0.08561825256024883
8 0.3868046805173994 0.7530068187546698 0.07849318114108117 0.07936825256024882
8 0.2565627547530017 0.614102484426746 0.05974318114108117 0.07827618942018652