1 0.450753510288307 0.4988246525944925 0.12086577792830404 0.102018241882325
1 0.1299839868825586 0.5143000535707224 0.1098530348257091 0.07060460064862309
1 0.199219745023159 0.733277924511885 0.18590427973732643 0.15154668344033873
1 0.08706058174874744 0.6782437767853612 0.11041295680654792 0.14086255357072233
1 0.4036206399802049 0.7313820081143796 0.10820200361804452 0.09867505357072251
1 0.3625342152858326 0.5878268770269472 0.08781426051544958 0.06709777110331831
1 0.15841876187018666 0.9675068741875734 0.07770227611928178 0.05287162986961604
1 0.07795665592272136 0.9364420604705813 0.06059666327441158 0.054134120941162676
1 0.3317301091112247 0.9801568786518005 0.09760534034363308 0.03968624269639918
9 0.538343120758328 0.6509968530809598 0.034853034825709096 0.06929547077900686
9 0.5613302414051143 0.642812206165215 0.08197369629109837 0.07480117694751698
9 0.9669035931129374 0.9333607085975515 0.06619281377412527 0.06855117694751697
9 0.6047305178630805 0.9198792666357962 0.0911030348257091 0.07027731818121907
9 0.639279258252142 0.8791139448011291 0.09134869629109836 0.07496481818121907
9 0.6547947156245169 0.8177224772685332 0.1109994549975255 0.09247960064862326
0 0.7831786651949756 0.7653259545403618 0.11510710085908257 0.11128414772652384
0 0.8822955958822416 0.8544760036468574 0.1357471494796016 0.11788870373287814
0 0.9114275751900266 0.9404939553544359 0.1507104081860291 0.11901208929112812
0 0.8719014077317435 0.9910706538123085 0.10788774310259512 0.017858692375383
9 0.7314457468321813 0.7909611542160503 0.08485303482570909 0.07016822402541756
9 0.7143091564885482 0.7469520555960221 0.09447369629109836 0.07501936525911965
9 0.770181777474019 0.9621274476437982 0.09784435775648763 0.07574510471240359
9 0.9371568362713031 0.8140652378185449 0.09159435775648746 0.07965231818121907
9 0.9733135057657512 0.7947754955291826 0.053372988468497695 0.07660913879807012
9 0.9964029853564498 0.7904970986134376 0.007194029287100534 0.09297843262956
9 0.6258088212332978 0.6220826948011291 0.09447369629109836 0.07501936525911965
9 0.8032621138609229 0.686842444394092 0.1109994549975255 0.09247960064862326
0 0.5449483248513425 0.7174576501588605 0.041512470601357876 0.07721706493480802
9 0.7277088359326189 0.5856151351413268 0.1308958751693421 0.11468188311602727
9 0.9213393272261916 0.5718231907406441 0.1543333751693421 0.11509098620028232
9 0.8387779692425614 0.9177202974783473 0.0815642605154494 0.06698867694751698
8 0.9821418718899817 0.532548230918686 0.03571625622003651 0.06981366801906326
9 0.5737361454072718 0.8795309561652148 0.08271068068726617 0.08886367694751698
9 0.6645558972162942 0.9295094111159091 0.10105124491161739 0.08137845941492117
9 0.6714411465389256 0.4800412451254408 0.10442855042954129 0.05646028003177221
9 0.7273536318396046 0.5192634322192274 0.1156869549975255 0.09256142126547413
9 0.597174808908826 0.5076247284863492 0.1041762449116174 0.08143300649282174
9 0.7309235306418376 0.18525662499505707 0.11379690637700648 0.08628414772652379
9 0.8648735639972086 0.43268282426370847 0.09464411465389269 0.04848413879807012
9 0.751149742198084 0.020136185465638355 0.06948698439616781 0.015262535713814963
9 0.7128651701718166 0.034298096991879856 0.06948034034363318 0.044922762174864614
9 0.9645532411800014 0.43302947199023223 0.07089351763999722 0.05152731818121907
0 0.608626886023476 0.4133798506453278 0.13369997060135788 0.07882620373287814
0 0.869918510854134 0.305543625805836 0.14882700361804452 0.09938416558343129
0 0.6507457869734157 0.3532332832748877 0.11535940637700648 0.08631142126547413
0 0.7902476209854706 0.2300021091667445 0.10730124491161738 0.08148755357072242
0 0.5740527329258297 0.20047074756107275 0.09488313206674714 0.08283186525911965
0 0.9908474072815178 0.25938346630818937 0.01830518543696442 0.05051819724005648
0 0.8272983208946136 0.40080553286785053 0.09390048620519025 0.06408186525911966