8 0.6958891984578724 0.019818534094495653 0.10663182954530477 0.023111330681090243
8 0.5722277816566251 0.12074414007795095 0.1106841298696164 0.07627269334818113
8 0.5381879724038598 0.19067483207349661 0.07587275324641088 0.05087270401018138
8 0.8080619159904684 0.03987759010976768 0.08700116801906325 0.06193747334499946
8 0.8853920292209931 0.0415588161202672 0.08546594155801372 0.06348179201145401
8 0.7993247008967997 0.5851991807765404 0.07432961850553052 0.14146134134309046
8 0.03464487114468113 0.0949403300047725 0.06928974228936226 0.07269316000954502
0 0.13418408522734762 0.01250109468490825 0.10350682954530477 0.02307496801399936
9 0.20244397240715517 0.668115842695726 0.10136367694751698 0.07928860534690844
9 0.2075797114501065 0.7767914086966805 0.08245003571381497 0.0696954293443632
9 0.19155351664568204 0.8891277766947713 0.07113070616851021 0.04769316000954475
1 0.06653770008602082 0.7095119073440449 0.0713216209411626 0.05863066000954511
1 0.1341070296313256 0.6884187046864991 0.05725912094116259 0.058467028007635945
8 0.4212815215136508 0.5761117980585427 0.06054776217486459 0.06787839067472685
8 0.1622513948904453 0.5981027873567717 0.05854888555165916 0.04286020934118149