9 0.6882216313031877 0.7779032067552232 0.045933238213175895 0.0473840773392725
8 0.6577892686067406 0.778329920751087 0.04280823821317572 0.047347714672181594
8 0.733219569887867 0.9728526274267685 0.04266268899896399 0.0442227146721816
0 0.8885598872990437 0.9551395107813129 0.06770123035529281 0.0788704346753633
0 0.9194566687305752 0.8305667721196309 0.059233758891340214 0.06471702800763594
0 0.2879946912707664 0.6342590107017712 0.05865587014004516 0.11936816534054522
0 0.3699167793601076 0.6328697807129069 0.07097177956950462 0.08203179734245403
8 0.3198783538005977 0.882932868037862 0.04553513192686944 0.07236589600572714
8 0.29967070760570463 0.8178891233688621 0.032161836641599176 0.05347044533736352
9 0.7684526710068867 0.47197192743472255 0.05371150496239885 0.08026930267345414
9 0.7933048519430801 0.15056055144013145 0.03572348428423435 0.06288180800445434
9 0.6858733416039978 0.14072138009226848 0.043244885855810725 0.056722714672181596
9 0.6294756383370101 0.10336628341817791 0.048660131926869354 0.07240225867281791
9 0.9146554671207265 0.19101392345635798 0.037577082712657986 0.06914998933799979
9 0.938523152605034 0.09993493746017598 0.033433238213175544 0.047238626670908876
1 0.42706772994100806 0.23375157538986105 0.05422092721213971 0.09120680267345423
1 0.3892937481379732 0.2106680640515431 0.04433650496239876 0.0801602146721816