8 0.6278446807705556 0.41797458219119815 0.1210268065307547 0.16142188936371688
0 0.2571923856725462 0.5385795686840826 0.10919643992586625 0.09056335779368574
0 0.47198655037066894 0.39352686098921896 0.07772818511654282 0.08249325256024882
0 0.2238962799522489 0.35340020285671486 0.09286211179556503 0.06934080517696728
0 0.09805303176634741 0.3178483816829706 0.12514882213985135 0.1008484104104042
0 0.25211049375509614 0.8850450450065594 0.08797620435383653 0.10803928413027997
0 0.2029041566391204 0.7982499712725664 0.13590278366526398 0.051576452503779
0 0.4011258910300238 0.7258913109327493 0.08296132213985138 0.09839126834526439
0 0.12777272578374685 0.6724224896178306 0.10047620435383649 0.10876732622365459
0 0.45195924864923764 0.5428289109751017 0.10218254809323427 0.06832433674699842
0 0.5163839134321784 0.08219524786327426 0.12536707694917482 0.10709841041040424