8 0.34375 0.153125 0.06640625 0.09921875
8 0.040625 0.02578125 0.08125 0.0515625
4 0.1640625 0.2015625 0.06328125 0.17578125
1 0.98125 0.134375 0.03671875 0.02890625
1 0.66015625 0.1078125 0.0546875 0.02734375
1 0.821875 0.20390625 0.06953125 0.03125
8 0.559375 0.2453125 0.0578125 0.03046875
8 0.8140625 0.2453125 0.05390625 0.034375
0 0.01484375 0.6859375 0.0296875 0.121875
0 0.075 0.73359375 0.096875 0.1484375
8 0.0140625 0.84453125 0.028125 0.18984375
8 0.0109375 0.51328125 0.02109375 0.1390625
0 0.759375 0.84375 0.10234375 0.16796875
0 0.446875 0.67265625 0.06953125 0.09453125
7 0.4453125 0.58046875 0.03046875 0.05234375