4 0.5840920946451373 0.18246887357289682 0.17769083736472596 0.23838070357377186
0 0.6740903859802737 0.1728484758540743 0.06533519334818116 0.11198534684397007
8 0.7369272879933184 0.07926957220375278 0.07587270401018138 0.07805601581733079
9 0.23764961525304912 0.6013701349044223 0.09186133068109026 0.10994268577927464
1 0.33917629992841236 0.5414141561589605 0.06468066534054513 0.05573534684397004
1 0.2888672172581398 0.5659393122807399 0.05399770401018138 0.07716467787060921
8 0.05772466323205011 0.7487995973382617 0.09800224267981757 0.10082235376405216
8 0.28437861724223146 0.6829994782883512 0.05381589067472685 0.06153967787060921
9 0.1554040206476827 0.14624228311753634 0.07447383601209037 0.09205484882113639
9 0.21544263932209146 0.09163037897292321 0.08855451734563573 0.09419035178688592
9 0.24936255864100118 0.199312886387297 0.08248633068109026 0.10956068380210837
0 0.4149148333068194 0.21231158798390254 0.10606928134945388 0.12301568874502422
0 0.028537530653250615 0.27542842292769343 0.05707506130650123 0.1555443458553869
0 0.052323926639092175 0.20535334486680368 0.08241360534690848 0.10331068380210837
0 0.129149508633047 0.25303611117842606 0.11404541335136283 0.1373965237259962
0 0.029000059973751206 0.4450233399238878 0.05800011994750241 0.11660917984777566