9 0.8695185766993404 0.705285256792172 0.14017280681713337 0.1619364003691402
8 0.9840803141207338 0.7654939666943497 0.03183937175853231 0.11540375693983015
0 0.8399581672049891 0.3560059500369118 0.11627956493480802 0.04490958667404978
8 0.7119576724799949 0.5057730174326303 0.09560460064862308 0.11225777297895938
0 0.762764421669216 0.36955611274455324 0.10092730032431163 0.05953329117755653
8 0.42483950202529963 0.5460718545681053 0.13756600405718977 0.19142364126984165
0 0.3253207430968459 0.5352425809708372 0.0719761858759707 0.09981832973421945
1 0.555122660301835 0.9303491201458088 0.07153980925276535 0.07481832973421945
8 0.32926572361508527 0.7164425161960125 0.0858750446422687 0.09134449568106326
8 0.1228639448011292 0.5865406724252489 0.08121481818121903 0.0926066070321152
8 0.21855432020651863 0.646889084671465 0.1101307508107789 0.1397214389258032
8 0.2305924443940921 0.7540507425987444 0.08116027110331832 0.08948160703211538
0 0.9195739346581547 0.07794270435584849 0.09894778896022594 0.12495803207825791
0 0.8747057195611909 0.025358836369507958 0.06361821509696383 0.050717672739015916
8 0.7708540166390915 0.04714240245477944 0.11942393019392802 0.09428480490955889
8 0.6468983193990351 0.02534654804355772 0.07183981818121907 0.05069309608711544
0 0.2269091477265238 0.09495634485049775 0.07727161201270887 0.045531347932816726
0 0.2764006331160272 0.10742726403654415 0.07255683847375849 0.043668459283868755
0 0.30317163879807 0.07286249691768103 0.09758411201270878 0.04683303207825791
8 0.4085994784896446 0.06376000231635184 0.059893197240056394 0.0334924228866742