8 0.11171875 0.03203125 0.0546875 0.06328125
8 0.25234375 0.1015625 0.0546875 0.05703125
8 0.1953125 0.09375 0.03828125 0.06015625
8 0.09609375 0.32890625 0.06328125 0.07734375
9 0.628125 0.5109375 0.084375 0.10546875
9 0.8453125 0.47734375 0.05625 0.08203125
9 0.63515625 0.28203125 0.059375 0.07578125
9 0.91328125 0.4328125 0.07734375 0.09140625
8 0.95703125 0.49609375 0.0609375 0.08515625
9 0.55703125 0.4375 0.0546875 0.10078125
8 0.2953125 0.84296875 0.11796875 0.159375
8 0.1265625 0.70390625 0.1015625 0.06796875
0 0.18203125 0.8109375 0.09296875 0.1375
9 0.77890625 0.92578125 0.059375 0.07890625
9 0.96640625 0.753125 0.0546875 0.06796875
8 0.70625 0.80078125 0.059375 0.06953125
8 0.6703125 0.8421875 0.065625 0.06640625
8 0.87109375 0.8140625 0.0765625 0.1140625
8 0.5953125 0.771875 0.0796875 0.07734375