8 0.1909934098708453 0.13934067411176781 0.040045989970870145 0.08924659057054059
8 0.16203803259467203 0.2764425678254615 0.03669366943775674 0.08128854135632882
0 0.09622046747183496 0.17886340053811928 0.03678459765100208 0.08441354135632886
0 0.23590377843803695 0.3923714747737216 0.03986413354437941 0.08299659057054062
0 0.10099523251552975 0.30971314019903706 0.06070548244902274 0.1557448858558109
1 0.042317740235232854 0.6307919276264246 0.08463548047046571 0.05392982878371626
1 0.0625271482588698 0.6664918331269425 0.07618206677218971 0.044118181141081084
0 0.6240870546979959 0.1363332206398924 0.14335284639736087 0.10029971463952717
0 0.43595891739269266 0.19346728618904235 0.12969952335696497 0.11370724317557449
8 0.5532441103204284 0.935427846156621 0.10843227711788864 0.07994867328319835
8 0.6391147288211131 0.7192163411942223 0.07967077962517113 0.05676373035529281
8 0.5012570276466141 0.6842870312266436 0.07301160266556703 0.042410131926869356
8 0.47589697796318325 0.563758361458102 0.08261392319868044 0.050659279569504535
8 0.4516662046062182 0.6725533186540311 0.10172763605166182 0.0640325748547749