8 0.359375 0.0671875 0.05 0.04765625
8 0.3640625 0.01015625 0.040625 0.0203125
8 0.53828125 0.459375 0.0640625 0.06953125
8 0.17109375 0.5578125 0.0640625 0.021875
8 0.21328125 0.34921875 0.046875 0.05703125
8 0.4 0.21171875 0.0921875 0.140625
9 0.03828125 0.26640625 0.0515625 0.0609375
9 0.43828125 0.11484375 0.06875 0.078125
1 0.2890625 0.09453125 0.03671875 0.04453125
0 0.56015625 0.34765625 0.05625 0.1484375
0 0.47578125 0.41484375 0.09609375 0.09453125
0 0.19296875 0.27265625 0.103125 0.1390625
0 0.74453125 0.43125 0.11875 0.165625
0 0.65234375 0.17578125 0.1265625 0.103125
9 0.92734375 0.16796875 0.1078125 0.13359375
9 0.921875 0.0265625 0.06015625 0.053125
9 0.6328125 0.4171875 0.08828125 0.128125
9 0.85078125 0.3265625 0.09453125 0.1109375
8 0.97734375 0.33359375 0.0453125 0.09453125
8 0.97734375 0.1234375 0.0453125 0.1
8 0.66484375 0.22265625 0.15234375 0.203125
9 0.8203125 0.39296875 0.08203125 0.1
1 0.2625 0.91484375 0.0390625 0.04765625
0 0.4859375 0.61640625 0.06015625 0.07890625
0 0.37890625 0.659375 0.05546875 0.06015625
0 0.4359375 0.60234375 0.05390625 0.06640625
0 0.25 0.675 0.053125 0.06015625
0 0.14296875 0.77421875 0.06015625 0.0625
1 0.7328125 0.7921875 0.053125 0.05703125
1 0.85546875 0.82890625 0.0359375 0.040625
1 0.7875 0.88515625 0.021875 0.02890625
1 0.8 0.82578125 0.07734375 0.06796875
1 0.81328125 0.86640625 0.0390625 0.0515625
1 0.934375 0.7765625 0.040625 0.04609375
1 0.940625 0.9578125 0.0328125 0.03515625
1 0.77890625 0.75 0.034375 0.040625
1 0.78203125 0.95234375 0.0359375 0.040625
1 0.853125 0.78125 0.03828125 0.0609375
1 0.903125 0.8015625 0.0296875 0.03359375
8 0.853125 0.62265625 0.046875 0.0625
8 0.740625 0.609375 0.0328125 0.04296875
8 0.9015625 0.678125 0.046875 0.040625
8 0.74140625 0.8953125 0.04296875 0.0484375
0 0.76953125 0.6953125 0.053125 0.0484375