0 0.03766147288211131 0.1751461235751042 0.07532294576422262 0.05029224715020839
0 0.11946643619731116 0.38116169386357646 0.09575042069139798 0.07093205547083344
9 0.41206076464798336 0.2933766320275698 0.06846049498543501 0.04531380642076392
8 0.10856134309865559 0.19171733415618064 0.0699320667721897 0.0422251740119445
8 0.4351656440357276 0.3322215796908684 0.04943771034569906 0.03550239532659729
8 0.49421168659302256 0.23743706297336847 0.06069345909205772 0.04669446846486114
8 0.295495390274804 0.2961359964846183 0.10686977711788863 0.07743662860909736
0 0.3758685150436948 0.14008732465687532 0.10181856426490725 0.06482752583555565
0 0.20936767366089884 0.27380509517409746 0.08270485141192578 0.05189111474138901
0 0.16345812859632147 0.3470055526210418 0.06198317445232169 0.037355836056041716
8 0.26260868243638746 0.35165864466100716 0.11459134890464337 0.07449346656500007
8 0.38493832350261425 0.3388703167730906 0.07176735141192578 0.05163654160312507
8 0.07492447750096483 0.2730212323325695 0.09409699247815259 0.06777068787965286
8 0.6936530601082722 0.07321482807534781 0.07700042069139794 0.07049564437666675
8 0.7663691460807918 0.04598148726965342 0.07038670783841657 0.0578501740119445
8 0.7233763493668617 0.26075184887691033 0.07093227711788863 0.0766001740119445
8 0.6718282212327586 0.23218978457236167 0.0454321719450391 0.058830792553055566
8 0.6691555137900536 0.13596874800322972 0.04713106426490725 0.06355466014423614
8 0.650304910728775 0.327065873478195 0.05448892319868044 0.04811149810013893
8 0.6609826832943172 0.5243227331855909 0.06060253087881229 0.043569468464861136
8 0.7370918568887092 0.3267405247887159 0.0739663489046432 0.07354790919430557
8 0.7253406999873647 0.5156575544239936 0.05806856426490725 0.06380923328249999
0 0.5818229983506473 0.15504409669270883 0.0610571719450391 0.059194468464861136
0 0.6830228193459792 0.46542051187093814 0.10254598997087001 0.08982752583555573
0 0.6445884566512823 0.41605563829583386 0.1255121285298145 0.12783667211208344
0 0.6124244775009648 0.2855316836986811 0.13470527210332364 0.12180487765916678
0 0.3007281787419708 0.7879968413743752 0.13556909012915472 0.15149237765916687
0 0.43237298383567796 0.8043511528291324 0.14917694906292792 0.13619468597979179
0 0.37980661032042845 0.9663913322563197 0.14905727711788863 0.06721733548736068
0 0.4223544408161647 0.5844380431217365 0.14946645407749273 0.09248105357097244
0 0.20861122341083674 0.8640307048814933 0.09996655925034226 0.1085047906531944
0 0.100409929995612 0.7942792897032639 0.10218227711788871 0.07732752583555573
0 0.12060275805057281 0.8526009359797918 0.07874477711788867 0.0767820119678472
0 0.18216134982908017 0.5639936840799308 0.10172763605166191 0.06170252583555573
0 0.49206388407310486 0.7142723199072226 0.03619356426490725 0.0633000870059723
0 0.49186634112009847 0.9602157004646357 0.02433006175762493 0.07956859907072875