0 0.34441918520636733 0.7380443911118586 0.07672763605166191 0.06330558344622812
0 0.18490074735970352 0.9605966632744115 0.10401756175762475 0.07880667345117694
0 0.2543397544858395 0.752044936114333 0.09491534639736088 0.09858134215265543
9 0.5000758033113406 0.8062665258921392 0.08871081050398359 0.09981629353213642
8 0.6659568675762478 0.877364677180763 0.0871483105039836 0.09973440637700648
8 0.6089363262725941 0.7675083203287867 0.07763691818411544 0.09455558344622794
8 0.8181906204792415 0.9932575135676673 0.12806281551854823 0.013484972864665323
0 0.6982047294130149 0.9788552982240344 0.06450042069139812 0.042289403551931316
8 0.09350492524374449 0.34500596279944173 0.03635870031656914 0.1235946302577248
0 0.19191001834240007 0.16138895861557023 0.05580738229073816 0.09497166327441157
0 0.17018211935861446 0.058062562754013204 0.04441524122451135 0.0787734531885033
9 0.6221731460142848 0.47177974050060323 0.07754598997087019 0.09143058344622812
0 0.5404601447606435 0.4784181648562912 0.08959134890464338 0.076460680687266
0 0.5688134991420701 0.19284251300184044 0.10064852084968248 0.13476450361804462
0 0.5545417136444042 0.3457661171402834 0.07041545157021041 0.11445864767057934