0 0.7298177606645181 0.15819924715403563 0.07845819994353036 0.06068412986961631
0 0.6286416685146735 0.10951055681383803 0.06808214206513981 0.04333298863591426
0 0.8834964975103384 0.16479194074064413 0.06568518415851479 0.05577844155801363
8 0.8157798345396854 0.3606850933384319 0.07644067363517096 0.052844356330665934
8 0.8553120423757236 0.2995936347342897 0.043355157850155736 0.04758411201270887
8 0.7530747081889739 0.32283449147199283 0.0915042315135615 0.07027731818121907
8 0.9048724266189427 0.33486866151965095 0.05741765785015538 0.04782957386326192
4 0.3775217003670533 0.39291952597128704 0.27839655773721594 0.17031604869945846
0 0.8855429718372637 0.8412959395228281 0.13818181043863903 0.09450575081077908
0 0.11752799018252799 0.748121674511885 0.1373319419804353 0.13351370373287813
0 0.028541292411017057 0.6969255929379854 0.05708258482203411 0.10788641233702041
0 0.09556750312494611 0.5209455198855023 0.16051183674699834 0.1027000803560835
0 0.24283661625089087 0.489888209007884 0.176820105233437 0.03430463636243815
0 0.24392316118686308 0.6994950340889619 0.1022443104386391 0.09387845941492116
0 0.3430593402248803 0.7966348611986347 0.11862817363517095 0.05358074188232518
0 0.33888705069175423 0.733998493503883 0.08176521046687402 0.06386367694751698
0 0.175524687777571 0.9852028887980702 0.09878611049510884 0.02959422240385976