8 0.240625 0.04140625 0.05546875 0.0828125
8 0.24609375 0.215625 0.053125 0.07890625
9 0.27421875 0.340625 0.0484375 0.01796875
8 0.31640625 0.05859375 0.06015625 0.06484375
8 0.33359375 0.25078125 0.078125 0.115625
0 0.6546875 0.31875 0.06640625 0.0609375
0 0.51875 0.284375 0.0546875 0.0609375
8 0.60625 0.06484375 0.06484375 0.0578125
8 0.56171875 0.1296875 0.034375 0.05390625
8 0.65703125 0.12265625 0.07578125 0.07734375
8 0.52265625 0.08046875 0.0484375 0.05234375
9 0.021875 0.4625 0.04375 0.10625
9 0.16953125 0.77265625 0.0796875 0.11171875
0 0.62109375 0.63984375 0.10390625 0.10625
0 0.89609375 0.4171875 0.10078125 0.12109375
0 0.75703125 0.67734375 0.0859375 0.1078125
8 0.575 0.828125 0.07109375 0.07734375
8 0.7875 0.8171875 0.090625 0.0578125
8 0.8578125 0.9484375 0.07578125 0.08984375
9 0.946875 0.61015625 0.0484375 0.09765625