0 0.4214633492665113 0.40854501261141163 0.14982143992586625 0.08608404535327185
8 0.03454861479078998 0.02734375 0.06909722958157996 0.0546875
8 0.17281005054030496 0.22620686931095557 0.08008929328391083 0.05715906667727229
0 0.19458833601966746 0.3127074433084102 0.0797619110699257 0.04778406667727229
0 0.23023317014041833 0.25914609130331956 0.07394842068857255 0.060211341343090474
0 0.11327135943331239 0.22221025998568247 0.09099207694917477 0.10101815467854491
0 0.0349653101589518 0.24031591732972743 0.04694941106992567 0.04740225867281787
8 0.6735094881039185 0.4642297492441404 0.20211311542376223 0.15229084802672616
1 0.65786719617077 0.9786831479153676 0.07910714664195542 0.029034066677272107
9 0.8366865559826007 0.3474405965547779 0.08530258293962448 0.02754429201145401
9 0.5236160931912436 0.15569163792968505 0.01973214664195542 0.028343176002545344