9 0.7322839228689135 0.2905803438758003 0.06286818114108109 0.07776543507002262
9 0.8155822663349384 0.22118183457017535 0.048223484284234175 0.06461046360606985
8 0.8112502547530017 0.6637674408564816 0.03859161910658813 0.02518409057054054
1 0.8627207094677314 0.6474553901945279 0.046369885855811074 0.05828768899896399
1 0.9422819309316843 0.6651930078533737 0.04215326674922295 0.034704639784752446
8 0.8121021253073316 0.6318453527671404 0.048985463606069854 0.04749573821317572
0 0.5450622127775003 0.37150920450533276 0.08496581306795062 0.1505137303552928
0 0.4393816011145105 0.46247234470436976 0.11061647642635145 0.09869867328319834
8 0.3643964478903042 0.12455065963434722 0.06970037799792798 0.09055653349844599
8 0.42610023531769164 0.1773160947043698 0.046879308105551944 0.06922518899896399
9 0.9641022341795358 0.751967415835091 0.07179553164092844 0.07507708271265763
0 0.866504989037236 0.7287053901945277 0.08598034946188057 0.10534677956950453
0 0.9312525014432328 0.9305076387467859 0.10240587014004525 0.12326202564056317
4 0.4110812425518927 0.830603644747151 0.2803640119917121 0.33879271050569815