9 0.20592470572684546 0.22699137378383166 0.05403428213245363 0.03217730032431154
9 0.4211549006331382 0.23652251217815987 0.06694345909205772 0.046457988635914306
9 0.5372429018867795 0.22355313352635955 0.04162521034569906 0.03508411201270878
9 0.5781346748480332 0.1782854979747004 0.044522889812585474 0.027326159090609536
9 0.31254677876724135 0.21106063636573338 0.04622178213245363 0.03204093262955983
4 0.4558194056477031 0.1921452207823021 0.08243206677218957 0.042043224025417644
1 0.4018700400500125 0.11101399756766331 0.08881845909205772 0.04683981818121903
1 0.35488739146193826 0.16185947727512384 0.09144335391920819 0.029706865259119742
1 0.3799592507914228 0.2982100344992943 0.05394335391920828 0.029052300324311543
9 0.5772086723407506 0.20018777151365072 0.044568353919208194 0.028888659090609538
9 0.14350595909205774 0.04283060795551906 0.07278428213245362 0.03250458279171564
0 0.8143473079967011 0.10303253328477355 0.1299101235152495 0.1709318831160272
0 0.9786397578510517 0.5378870000065905 0.03596624373179367 0.05528751785690744
0 0.9467592720368166 0.5704909943245478 0.04417120031656907 0.12258411201270877
0 0.8685564010288497 0.3811342138857385 0.05526181301126591 0.07436480032431163
0 0.8726648909997199 0.4686069403467881 0.048420779625170954 0.053943206168510116