9 0.36206722580128214 0.6591146274894797 0.07137038896415202 0.052400802902557685
8 0.301966286746273 0.7771081701404183 0.06865482473980081 0.06010417549789615
8 0.3995439716174106 0.7641394333872623 0.06939180913596861 0.07416667549789598
8 0.4444294306872661 0.10285968220613592 0.08732293758467105 0.05919643992586625
8 0.15082103007601072 0.3780208509957919 0.09266553482570909 0.07186013103285882
8 0.3618227278374471 0.2824529237686154 0.057389776119281775 0.05347222958157989
9 0.47569155529078133 0.41665928737827906 0.04727779172311415 0.03908234736759475
9 0.500108379126071 0.45104421106207654 0.04645892017181659 0.02345734736759475
9 0.39320660391130036 0.42001741115474367 0.049249727498762844 0.046949411069925694
9 0.4809168865893028 0.21876742440158764 0.039301517412854634 0.035684528855940555
9 0.28484082598299626 0.3164162068009072 0.04571529172311406 0.03902778366526398
9 0.1524223151288624 0.021698929126093017 0.0923446302577248 0.035977194735189635
0 0.3387116971956095 0.10930560044763771 0.11224105042954129 0.05850695916315991
0 0.43688360357261613 0.19695442258748908 0.05204717887824373 0.04080853847458741
0 0.4220575429663095 0.30093259445718795 0.07515048620519008 0.0650099303072194
0 0.9354106298034395 0.9154217466262569 0.1065642605154494 0.06922620435383635
0 0.7416019968321813 0.8033780704953888 0.04390048620519007 0.06391865626060209
0 0.692591286746273 0.7907490957231322 0.05105788896415202 0.05169147477225664
0 0.6654245991616019 0.7336533583370041 0.03617651741285464 0.03557540145127884
9 0.625000995023159 0.7509574202252364 0.04275406603337366 0.04204365626060227
9 0.7340893899802049 0.7493081293883963 0.026146420171816585 0.022748019237293703
9 0.768583898686632 0.7676687489885097 0.02959896879233561 0.02910714664195524
1 0.6583191853213636 0.8807912531648607 0.04218085594746519 0.03110615626060209
1 0.705896870192501 0.8660764779371174 0.03264208163720568 0.02765377404661713
1 0.664330167908509 0.8466890716765153 0.03617651741285464 0.03557540145127902
1 0.6410630862713032 0.8193626798438831 0.02310330732694634 0.024201391832632167
1 0.608609112390585 0.8696974965414389 0.025900758706427142 0.018060519237293703
1 0.61493435549318 0.9011111876484315 0.023103307326946165 0.024201391832632167
1 0.7810296670039978 0.8265898812024949 0.03280585594746519 0.03077877404661713
6 0.6075944097679086 0.6271379743089204 0.05138543758467105 0.05794147477225664
6 0.6051554845077094 0.6847595013507624 0.03921298620519007 0.06375496515360979
8 0.8758032564431197 0.849394953342346 0.03962906603337331 0.04193452885594055
1 0.5861232807533792 0.8423983865599723 0.01652575870642714 0.017733137023308386
1 0.622848674805914 0.8140476972670785 0.01956887155129756 0.01627976442797028
1 0.588432731228349 0.8120660458157996 0.02277575870642714 0.01795139183263217
1 0.6298456252808837 0.7838790476298981 0.019650758706427317 0.017842264427970277
1 0.7285973857963335 0.8528324334720804 0.023021420171816586 0.02263889183263217
1 0.7135931835123411 0.8343726101511028 0.036258404567984216 0.03713790145127902
1 0.6925779986412036 0.8500149683184706 0.019650758706427317 0.017842264427970277
1 0.6587518752808837 0.7848884761230189 0.019732645861557076 0.01940476442797028
8 0.7910620912481442 0.09546885597475134 0.10285940637700666 0.08781251324684392
0 0.8809943724558085 0.0705358325611064 0.09842421189493038 0.0627033858421822
0 0.8413730297373263 0.1775472351935116 0.09751680913596843 0.0751488221398513