8 0.3056902203796858 0.25984219886161425 0.09013952174882985 0.1046250446422687
8 0.554379729771226 0.308682668015768 0.057934516805913994 0.08064207386326191
0 0.026941843383928944 0.048092626623205445 0.05388368676785789 0.09618525324641089
0 0.1998010232317046 0.11356544236879249 0.13698002965749528 0.14291597727182856
1 0.4083084733826164 0.670717243503883 0.13959569368794006 0.1304705243497292
1 0.4418438735728968 0.593233171669216 0.09387201680591399 0.08126936525911965
1 0.2373327871090501 0.5748302248361966 0.10225751977166349 0.09546823295387127
1 0.28800258505533405 0.8028967236183806 0.16484504448624282 0.21366485389503395
1 0.5639324377936221 0.5048036915547183 0.05216467787060921 0.053997753246411054
1 0.42169585824985767 0.5202769127407623 0.09718801779449712 0.08601141233702041
8 0.1359984387822053 0.5020182418823251 0.13223417984777566 0.06476370373287814
8 0.3742703488954985 0.8699808579522237 0.1286237015966055 0.1677523360381265
8 0.8476986482502952 0.3223902065689567 0.09157468775644091 0.10152731818121907
8 0.7598988538012333 0.505101520692986 0.0956600098858317 0.04851141233702041
8 0.8513342090853413 0.9981564508902092 0.07570033695813834 0.003687098219581486
8 0.9768986934593847 0.7496266367628845 0.046202613081230484 0.16844208279171563
0 0.9044719244291588 0.49670045981536753 0.1910561511416823 0.0283273717519414
0 0.8053970376033417 0.5870879062446452 0.1364362015966055 0.16788870373287815