8 0.842713942773719 0.9187485801055431 0.038165844866803765 0.05489657825883114
8 0.9974850840295698 0.821333745502 0.0050298319408604185 0.03771816861791066
0 0.6727318458553869 0.063274764045156 0.14655134783255336 0.06958631303532484
8 0.977390170950527 0.07365022442476107 0.04521965809894581 0.05496021077238851
0 0.842598676882026 0.05332811318483434 0.09693334980971961 0.07867042154477706
0 0.38451951041730437 0.44666293920417033 0.14298067885919252 0.05863063231716552
0 0.16982163494160332 0.6406800630353249 0.11019735376405229 0.09749314441741408
9 0.04348858110100136 0.7797556776930972 0.02423067885919248 0.05793976502711473
9 0.14056916954201443 0.8045334847764936 0.09897601087441492 0.052126102262936416
8 0.06094404205196596 0.5947448734383711 0.07553851087441492 0.05198974687674216
8 0.07134964285026871 0.6775982800542293 0.09036501482874762 0.07082156010845857
0 0.09799578410611952 0.16225053600615763 0.03303267589344296 0.043931807181592356
0 0.13130037403000733 0.1936868883672898 0.03290534190105419 0.040806807181592394
9 0.34981690517037733 0.34257942720211776 0.05127333992388783 0.03154089149054773
9 0.24102820110231393 0.16464480386194266 0.03746550790866543 0.03770907825883123
9 0.3215115385547438 0.1846396621750032 0.048148339923887826 0.03152271077238851
8 0.21146005931499046 0.2824135659621911 0.061094008897248565 0.042532933645025396
8 0.3254151299615064 0.2229345477136226 0.061030341901054184 0.040970433645025485
8 0.18949753460041113 0.16512607201231527 0.04228034190105419 0.040861349336070066