0 0.03984375 0.2765625 0.06328125 0.1234375
0 0.0515625 0.440625 0.103125 0.1
0 0.321875 0.4625 0.08203125 0.1078125
8 0.04921875 0.5296875 0.06328125 0.059375
8 0.18828125 0.2296875 0.04609375 0.1015625
9 0.20234375 0.04453125 0.0515625 0.06875
9 0.1296875 0.29921875 0.06328125 0.0765625
9 0.075 0.18203125 0.05859375 0.0890625
0 0.36484375 0.134375 0.07265625 0.1140625
0 0.40859375 0.35625 0.07734375 0.065625
0 0.371875 0.53203125 0.075 0.0546875
9 0.484375 0.23671875 0.04921875 0.1125
8 0.725 0.0359375 0.10390625 0.071875
8 0.7953125 0.60078125 0.07734375 0.0828125
8 0.72734375 0.62578125 0.07265625 0.115625
0 0.53671875 0.7671875 0.06015625 0.0984375
0 0.8109375 0.80078125 0.05859375 0.0859375
0 0.68984375 0.9296875 0.08671875 0.121875
9 0.79375 0.59921875 0.06953125 0.0796875