0 0.531385309772101 0.08988097030532373 0.0859666749048598 0.04250051779449715
0 0.5909685568063515 0.10149229095183965 0.0828416749048598 0.042373183802108375
0 0.6165243137264337 0.06769295251082658 0.10784167490485981 0.04339185574121862
8 0.7410295652093085 0.055600176313372454 0.06677100593149916 0.030799013840164435
9 0.13067706665500217 0.46810671836533846 0.052928681824942016 0.07391234387822046
9 0.25896655133196295 0.5354149406850095 0.01989068874502422 0.10532416996194396
9 0.2108169169218323 0.7791622820917722 0.06593801779449712 0.08692167984777548
9 0.19210802068588456 0.6832104535365907 0.058571186767857907 0.09754084486680377
4 0.20563064570447512 0.4853313690499105 0.09660969764227278 0.15056768577927465
8 0.20918679684615765 0.9531581976050918 0.0779923488211364 0.07649351581733085
8 0.08034421384235205 0.9568482247911291 0.06093218281352519 0.07891817885919253
8 0.2458670320545911 0.627203192662176 0.0367943458553869 0.060775673916276675
8 0.83866734429815 0.7028824001159183 0.10152269072219049 0.11800985376405215
8 0.3676159925484451 0.4147748354380825 0.16112318380210838 0.08768036661563343
1 0.8203497203053237 0.501620989051223 0.0694450197716634 0.09642401384016441