9 0.5388592261808165 0.2078125 0.06037521034569906 0.034375
8 0.786041766230829 0.32578125 0.05577863855894449 0.0375
8 0.6302223605831259 0.12578125 0.05412521034569906 0.034375
8 0.6104554298625979 0.14453125 0.04787521034569906 0.034375
8 0.5379392353520166 0.28359375 0.04336956677218975 0.040625
8 0.7701774223407506 0.21015625 0.04135242570596294 0.025
8 0.870348570070895 0.3234375 0.048057066772189926 0.040625
8 0.8523092754020289 0.4015625 0.038272889812585476 0.0265625
1 0.748314726510021 0.828125 0.1395746285298145 0.125
4 0.07980848660565786 0.27265625 0.14656877461060625 0.096875
9 0.15943615063313826 0.24375 0.06533549498543509 0.04375
0 0.1992451452228619 0.13515625 0.08302310015828458 0.0609375
0 0.2059537302709447 0.7953125 0.3139909214828208 0.3734375