0 0.984307864068597 0.6082844230656665 0.03138427186280594 0.13225021034569906
0 0.8998430022394952 0.5362526472014191 0.09126132513557295 0.11201191818411545
0 0.9949799919463654 0.7656111897587138 0.010040016107269168 0.0910341769596041
0 0.9603861133812261 0.7387615332530808 0.0473386083130606 0.08105142319868044
0 0.814837264045156 0.6939083713371714 0.11042948165323559 0.1844324874635877
0 0.7753742673648057 0.4896695007249158 0.05524201190385654 0.09690374373179385
0 0.8805077158405542 0.7036303638153241 0.06927724082661797 0.09262542069139812
0 0.9189576583643742 0.8680027523742684 0.08640110831306061 0.0821880258642473
0 0.5263696616840239 0.6534889936652869 0.08475679508134384 0.06808006175762493
0 0.6366440863520589 0.6770067131821859 0.0784886143631848 0.06477320533113406
0 0.5564793425003789 0.5926567937444291 0.10511474687674198 0.07648359514371954
0 0.29310718890958276 0.5693710917785074 0.18346700585373252 0.1178193004748536
0 0.19878449628756684 0.4682057453811465 0.16924087939029936 0.0892851235152495
0 0.18518560460062736 0.5474840684215423 0.0770170179539809 0.08035274122451135
0 0.5811935170702182 0.6785177373970808 0.04084316861791084 0.03868206677218957
0 0.6057758814334029 0.7417224310497323 0.05023634933607006 0.04207985141192587
0 0.3193378908031767 0.5131127315910928 0.11915906615858277 0.07376777210332364
1 0.8819822947867564 0.2857752740818808 0.07883404800821019 0.12414820533113406
1 0.959430583916172 0.3059944973597036 0.05684996369925486 0.10476170783841657
1 0.9798425569852007 0.39957701279910973 0.04031488602959854 0.09966503087881247
9 0.7560732588787946 0.12588814555206634 0.08990790339440444 0.14790395407749282
1 0.41047999950902064 0.33610761388183114 0.10388859016268785 0.134250631037097