0 0.2374853997617093 0.7777895427187161 0.1066784683433748 0.1207711798265045
1 0.5767176749255126 0.9943954530361765 0.05081820616851011 0.011209093927647018
1 0.6549825913197228 0.7419740677002601 0.04780230032431163 0.056128886489479515
8 0.7266666765470704 0.7575175269841289 0.041361385551659066 0.044790868290882455
8 0.8120547516281483 0.7496933374400169 0.05410684740221221 0.05965440468807692
8 0.8296649914818787 0.7265760124861594 0.04761138555165907 0.04519138648947969
8 0.8749893539016245 0.8632237137504637 0.047747753246410694 0.05300388648947951
8 0.5046262609636392 0.8871993252583993 0.041825035713814886 0.07135336829088246
8 0.7719598112879508 0.8511464134736085 0.05248980032431163 0.05642927513842757
8 0.8402307500065905 0.9884585857465865 0.0950591298696164 0.023082828506827014
8 0.25723838677277044 0.4974907734403846 0.12534664772652376 0.11728523442229637
8 0.25970664204777616 0.3560845234403846 0.09053527110331831 0.09008238433001133
8 0.035168112419745934 0.31255935919158373 0.07033622483949187 0.09074371838316742
8 0.14561864285855514 0.21581237199151015 0.08919095941492108 0.10248225478036196
0 0.5513913559269241 0.2691898049003337 0.09856595941492116 0.1030830320782579
0 0.671877179790186 0.22216221544850673 0.13381371266133185 0.15528588217054295
0 0.5522860596630977 0.6212028878737555 0.12729097727182861 0.13926036397194572
0 0.6215617597425279 0.37145201418420243 0.11909664772652384 0.11688471622369905
9 0.7789202922099321 0.3627650339239592 0.09549550649282175 0.1060077729789592
9 0.5503567357965405 0.19403961057585967 0.07814436525911965 0.09553134793281677