8 0.1315056333545445 0.15020970761021385 0.0397533906747269 0.06119436517764645
1 0.1260118007240428 0.41701621794929605 0.04273294000636332 0.04883991439185813
1 0.0363851320416799 0.305502983250777 0.030087489337999783 0.035757717535011314
1 0.20825104137490716 0.2967165264691327 0.035102253341817755 0.06410104135632881
1 0.388275443387952 0.384477583955512 0.010029528007635947 0.05668664764263518
0 0.03715838605981543 0.4391331205543299 0.04767497867599957 0.07093323821317572
0 0.22889880136058965 0.19022893196965068 0.028888616008908664 0.06693494292790544
0 0.1746385626989076 0.22949479321835567 0.04920111600890866 0.06788101282028158
8 0.05154650803627105 0.26493148717971843 0.031759077339272454 0.04520549214211718
8 0.5354418920671333 0.46986065819111433 0.08210452267663584 0.07722177956950453
8 0.8008914326861809 0.10652578846535395 0.04920111600890849 0.06788101282028158
8 0.6070147106938169 0.17183622705003318 0.063609061346272 0.09822348428423426
8 0.7026721086887262 0.12986058871302295 0.07303860534690862 0.10334763192686944
8 0.4830852200031817 0.012885181969650678 0.05992044000636341 0.025770363939301356
9 0.8689345500477252 0.3112817549669079 0.057268154678544646 0.0901198858558109
0 0.6605135227164067 0.3358409150155399 0.08204997867599957 0.07253427956950453
0 0.5970055533895429 0.38648092390688005 0.07267497867599956 0.07209763192686935
8 0.16767696813331207 0.9747537892894144 0.04729317067154524 0.03812073821317554
8 0.3754167427991303 0.9588247665443352 0.04900112133990877 0.05069351282028158
8 0.37088050007954176 0.5689810165443352 0.04905566534054513 0.055381012820281586
8 0.384917370106586 0.7676539569910412 0.025963610677908554 0.08397689371369381
8 0.19917931743313178 0.7262777479330854 0.06335452267663592 0.07634848428423435
8 0.2892946927514052 0.6110829334173927 0.040117017345635816 0.0924443651776464
9 0.15380373010817686 0.7901433488427082 0.044331802673454226 0.052037688998963993
9 0.25683782344044964 0.7775277247737216 0.04124316534054513 0.05501713978475227
9 0.05165197879531226 0.9457641102152478 0.058576116008908684 0.06831766046291676
9 0.036525870782903744 0.8550128316792005 0.035138616008908684 0.06722604135632863
0 0.35417644744585847 0.8128594491331583 0.04187951201463571 0.10970463978475209
0 0.30942756878576727 0.8634074127392284 0.04524086935072642 0.13016268899896383
9 0.6015792534611305 0.9138974485139858 0.0634817920114541 0.08728598428423454
9 0.7794378874124509 0.5468254567861536 0.05367044000636323 0.049349336641599
9 0.8676918654121326 0.5403699414846725 0.056759077339272324 0.04636988585581072
9 0.9878487293920882 0.8495372721304157 0.02430254121582358 0.060976041356328635
9 0.9913646280633153 0.9111104729162041 0.017270743873369555 0.049747442927905186