8 0.23125 0.31953125 0.05390625 0.0203125
8 0.45234375 0.0609375 0.08046875 0.08984375
9 0.31640625 0.3203125 0.05 0.01875
9 0.3390625 0.303125 0.0453125 0.04765625
8 0.22578125 0.26796875 0.10234375 0.1
8 0.30625 0.234375 0.053125 0.0625
8 0.15 0.3203125 0.05390625 0.01875
0 0.9109375 0.203125 0.0671875 0.134375
0 0.9890625 0.12734375 0.021875 0.078125
9 0.36328125 0.5296875 0.07734375 0.06640625
9 0.396875 0.6875 0.06171875 0.07109375
8 0.534375 0.51328125 0.071875 0.0796875
8 0.4015625 0.459375 0.0765625 0.0546875
8 0.0984375 0.72890625 0.1015625 0.096875
9 0.68203125 0.92109375 0.05703125 0.05078125
0 0.82734375 0.953125 0.096875 0.09375
0 0.665625 0.8765625 0.03203125 0.11015625