8 0.14453125 0.5205515021842014 0.0578125 0.09509560087368066
8 0.03671875 0.5219483883927432 0.04375 0.05414329255305557
1 0.0796875 0.5323234971502083 0.01875 0.05043641109416654
1 0.09765625 0.5733667244487848 0.0265625 0.04905574905006951
1 0.15703125 0.6919361929136459 0.0375 0.06493532218833345
1 0.19296875 0.7201163975107988 0.025 0.056831881458888844
0 0.0296875 0.4881909842324307 0.0375 0.035247822188333444
0 0.434375 0.7554226903481949 0.0578125 0.04822060087368065
0 0.5671875 0.7967951855985421 0.2375 0.17740287385944473
0 0.68671875 0.7292648063238547 0.1375 0.081325348023889
1 0.415625 0.7002987792540282 0.04375 0.029143292553055568
1 0.47734375 0.5767352991056601 0.059375 0.03419446846486114
1 0.54453125 0.600174105526424 0.046875 0.019841027735416718
1 0.50234375 0.618723430564549 0.034375 0.030487587005972296
1 0.61875 0.5612765661075005 0.0421875 0.03691942496187508
1 0.67890625 0.8915829683679519 0.046875 0.038591027735416714
1 0.746875 0.7712899585843062 0.053125 0.038736498100139016
0 0.0515625 0.062137630508958375 0.065625 0.0952774388295834
0 0.03125 0.40932110182361114 0.0484375 0.10737739532659721
0 0.23046875 0.21239546969913214 0.0453125 0.06980466014423614
0 0.1890625 0.42783797853284733 0.053125 0.06686149810013901
0 0.265625 0.3296199905006947 0.0375 0.10087282218833335
9 0.16015625 0.09591517809600708 0.053125 0.10748649810013895
1 0.3625 0.24203103115388921 0.040625 0.08063305737069441
1 0.4015625 0.23669022093340314 0.034375 0.07267508700597229