9 0.3828125 0.334375 0.034375 0.0640625
9 0.37421875 0.5390625 0.0484375 0.04140625
9 0.2296875 0.40859375 0.0484375 0.09140625
9 0.28125 0.525 0.0421875 0.06875
9 0.175 0.53203125 0.04453125 0.0546875
8 0.24765625 0.45859375 0.0484375 0.08671875
4 0.40546875 0.490625 0.0765625 0.1234375
4 0.246875 0.3171875 0.06171875 0.1234375
0 0.25078125 0.46328125 0.04375 0.08671875
0 0.4515625 0.3046875 0.05859375 0.0890625
4 0.83203125 0.0421875 0.078125 0.084375
4 0.90625 0.20546875 0.03203125 0.0640625
0 0.7234375 0.134375 0.06640625 0.09140625
0 0.67578125 0.378125 0.03359375 0.0796875
1 0.47734375 0.94609375 0.17578125 0.10703125
1 0.271875 0.8890625 0.0640625 0.0640625
1 0.29375 0.83125 0.06171875 0.05234375
1 0.31796875 0.775 0.05390625 0.05234375
1 0.18125 0.73515625 0.10546875 0.0984375
1 0.21640625 0.66640625 0.07421875 0.0640625
1 0.2859375 0.61953125 0.09609375 0.0734375
1 0.45234375 0.77265625 0.11640625 0.11171875
1 0.5078125 0.8890625 0.08984375 0.0890625
1 0.4421875 0.71953125 0.1578125 0.10078125
1 0.38671875 0.6359375 0.0734375 0.0640625
1 0.33359375 0.7109375 0.05390625 0.0453125
1 0.2625 0.70625 0.04609375 0.04765625
1 0.3265625 0.9203125 0.06640625 0.05703125
1 0.39140625 0.91640625 0.071875 0.0734375
1 0.5984375 0.7453125 0.0515625 0.05
8 0.71875 0.84609375 0.0796875 0.12578125