8 0.2703125 0.209375 0.0921875 0.09765625
8 0.24765625 0.32421875 0.0921875 0.08359375
8 0.2953125 0.10703125 0.084375 0.090625
9 0.4234375 0.0828125 0.05390625 0.05703125
9 0.3734375 0.05 0.05703125 0.06953125
9 0.659375 0.31484375 0.07265625 0.0765625
0 0.2671875 0.4421875 0.084375 0.07265625
4 0.96484375 0.21953125 0.0703125 0.16875
0 0.98671875 0.31796875 0.0265625 0.05546875
1 0.203125 0.74375 0.0671875 0.06796875
5 0.5875 0.609375 0.07578125 0.0765625
5 0.54453125 0.70390625 0.05703125 0.05546875
5 0.45703125 0.70234375 0.07578125 0.090625
5 0.4875 0.94375 0.07421875 0.08359375
5 0.62734375 0.61171875 0.05078125 0.07265625
9 0.17890625 0.64921875 0.05859375 0.053125
0 0.03984375 0.65625 0.07734375 0.1015625