9 0.7187638025939125 0.5063960137658023 0.06340906667727228 0.08067167984777565
9 0.921733713916322 0.5785562207624343 0.06784202800763595 0.05898768083635879
9 0.9185268979153676 0.5857148047548231 0.022056813335454707 0.01651633794672147
0 0.19346216856305024 0.7550363739928263 0.11366360534690849 0.10458402372599611
0 0.01720858463956943 0.4382666625475701 0.03441716927913886 0.08127917490485981
8 0.25818083859804863 0.4947090276431478 0.12961586935072641 0.13334569368794008
8 0.11364049793127588 0.5013794747911291 0.1201681440165447 0.1267136917107738
8 0.34593482992523067 0.5364243423581647 0.10924882535009015 0.12783052273741297
8 0.23902975457514058 0.6641593646012861 0.05561474801081765 0.08191584486680377
9 0.6293216839592747 0.2742148665412715 0.06660679201145392 0.08704901384016442
9 0.7075194092934564 0.26478151673155187 0.06308180267345431 0.052546679847775654
9 0.6030329986473645 0.11754837247277047 0.05063634667409058 0.05672484387822054
0 0.7669949539704104 0.1866127543742622 0.06802384134309065 0.07461268083635883
0 0.6630261639879096 0.06200402661738362 0.08528406667727229 0.08156301779449712
5 0.9524057426400467 0.1571932153252268 0.06787839067472703 0.06211268083635883
8 0.03716337165818221 0.17734640859323741 0.07432674331636442 0.11086851581733077
8 0.25421259595800194 0.2988699456279254 0.06806020401018138 0.07773768083635879
8 0.2941210753103192 0.1574663542211628 0.05970226400381797 0.0305443458553869
8 0.15570291796627428 0.24197529988626928 0.06478975334181776 0.06511034684397003
8 0.1910329853198643 0.09138770946808986 0.052144302673454226 0.05210101087441492
5 0.3705739399665925 0.23087733790954043 0.031613626670908876 0.032523339923887826
5 0.3566574379774101 0.15179467437338717 0.03793635200509069 0.03902800790866543
5 0.31863926997136494 0.19785393228205256 0.041134077339272504 0.045405341901054184
9 0.1048858526416375 0.18001381076068418 0.03481135200509069 0.038900673916276586
5 0.3645512066359105 0.21160075589431798 0.03155908267027261 0.02783583992388783