9 0.35859375 0.15390625 0.0734375 0.059375
9 0.34140625 0.2296875 0.0703125 0.07578125
9 0.45390625 0.21640625 0.09453125 0.0609375
8 0.034375 0.0515625 0.06796875 0.0734375
9 0.04921875 0.24609375 0.0984375 0.08203125
9 0.2375 0.43203125 0.0828125 0.08203125
0 0.540625 0.3578125 0.07578125 0.08671875
0 0.35625 0.03828125 0.08671875 0.0625
0 0.4375 0.08671875 0.109375 0.08984375
0 0.984375 0.1046875 0.03125 0.084375
8 0.08515625 0.7875 0.1453125 0.07578125
4 0.79453125 0.7640625 0.125 0.13125
4 0.8640625 0.740625 0.0984375 0.08828125