8 0.25078125 0.679241707281284 0.0890625 0.07445738433001133
8 0.87734375 0.7320585078719062 0.1234375 0.12041023442229637
8 0.815625 0.6641386250830543 0.10625 0.11618380937615384
9 0.5953125 0.9235693915836087 0.096875 0.08277053207825773
0 0.51953125 0.7674881747416007 0.0625 0.08994268198597269
0 0.584375 0.753957798431154 0.065625 0.10889294108527156
0 0.659375 0.7663390800479866 0.075 0.10324371838316751
0 0.346875 0.5379274899778508 0.1515625 0.1565875663159842
0 0.42734375 0.6038645681709107 0.121875 0.06718510487264702
0 0.2125 0.5418511312476924 0.1125 0.11189682757475108
0 0.1671875 0.41584863818752266 0.1171875 0.07938471622369914
0 0.14296875 0.47677564620708707 0.0875 0.08060725478036197
0 0.42109375 0.26129633636950794 0.115625 0.11990958667404979
9 0.71875 0.38597165716131226 0.096875 0.0999580320782579
9 0.78828125 0.18620339220191748 0.084375 0.10384449568106331
8 0.53984375 0.33259274059615956 0.096875 0.1155830320782579
8 0.634375 0.45153490284237563 0.09375 0.0872577729789592