8 0.2625 0.19609375 0.0234375 0.05234375
8 0.23671875 0.12265625 0.0296875 0.0984375
8 0.3109375 0.22734375 0.0234375 0.075
1 0.190625 0.571875 0.0203125 0.071875
1 0.246875 0.46875 0.0203125 0.05234375
1 0.31953125 0.44921875 0.01953125 0.05625
1 0.334375 0.384375 0.0234375 0.04921875
0 0.15546875 0.16015625 0.0328125 0.0703125
0 0.2109375 0.046875 0.0375 0.09375
0 0.77890625 0.3796875 0.059375 0.1625
0 0.6 0.37265625 0.14296875 0.13984375
0 0.625 0.5171875 0.05859375 0.06484375
7 0.53046875 0.3546875 0.02890625 0.05078125
7 0.52421875 0.175 0.03828125 0.0703125
8 0.7234375 0.44765625 0.0328125 0.065625
0 0.66328125 0.4640625 0.05546875 0.07890625
0 0.80546875 0.234375 0.046875 0.06328125
0 0.82578125 0.25859375 0.075 0.090625
0 0.87109375 0.21875 0.0765625 0.09453125
0 0.81171875 0.41953125 0.0671875 0.0828125
0 0.60078125 0.321875 0.06875 0.07890625
6 0.03203125 0.9609375 0.0640625 0.078125
6 0.165625 0.79296875 0.33125 0.2671875
8 0.70078125 0.8125 0.04140625 0.03046875
8 0.61171875 0.86328125 0.05546875 0.03984375
8 0.80078125 0.85859375 0.10625 0.090625
8 0.56875 0.8375 0.03828125 0.02421875
8 0.7234375 0.78515625 0.03984375 0.03359375