1 0.26640625 0.05151317429628495 0.1203125 0.09342530452090288
1 0.2765625 0.13456206363895856 0.0859375 0.06762521751493064
1 0.06640625 0.17029562262517367 0.075 0.07049564437666671
1 0.20625 0.3180817720358335 0.0875 0.07078658510611113
1 0.321875 0.1910854737831947 0.075 0.07362064437666671
0 0.109375 0.690045731382639 0.1515625 0.16759015634451407
0 0.034375 0.5914250870059723 0.06875 0.07035017401194459
0 0.0046875 0.8462028527735417 0.009375 0.056468205547083275
0 0.046875 0.9026535277354167 0.071875 0.05792290919430556
0 0.69765625 0.16389437946211866 0.09375 0.05218205547083343
0 0.48203125 0.1737194018792018 0.103125 0.05240026101791675
9 0.97421875 0.3945501931010772 0.05 0.026163762917777868
0 0.425 0.8403607348011114 0.0453125 0.0823046601442364
0 0.45625 0.7770255866247225 0.046875 0.07296602773541672
9 0.6828125 0.46276763734590337 0.06875 0.05941267401194459
9 0.60859375 0.7969776767648269 0.05 0.06991376291777787
9 0.7046875 0.7398392836224311 0.0671875 0.06562630642076392
8 0.5265625 0.6020996282278477 0.08125 0.08470361474138884
8 0.69609375 0.6732330118709381 0.08125 0.07845361474138883
8 0.54140625 0.8094763703440631 0.059375 0.07950696846486097