8 0.14609375 0.415625 0.0390625 0.096875
8 0.20859375 0.425 0.075 0.10859375
8 0.68203125 0.39921875 0.09921875 0.07734375
8 0.496875 0.39375 0.0765625 0.04140625
8 0.890625 0.4734375 0.09609375 0.09296875
1 0.57109375 0.3859375 0.0328125 0.03828125
1 0.6015625 0.3546875 0.04453125 0.0359375
1 0.70390625 0.26484375 0.06328125 0.0484375
1 0.76640625 0.24453125 0.04140625 0.04453125
0 0.4859375 0.43125 0.06640625 0.0484375
0 0.0046875 0.66484375 0.00859375 0.0484375
8 0.26484375 0.97265625 0.0359375 0.0546875
9 0.5515625 0.90234375 0.10078125 0.0640625
4 0.6421875 0.72109375 0.128125 0.0671875
4 0.57421875 0.7078125 0.10078125 0.046875