8 0.9088072140754058 0.5292132284254016 0.06162839067472703 0.061148100158284535
0 0.6618963987507689 0.6004817893250965 0.03490225867281786 0.04631271034569906
0 0.684289566756814 0.644376541832379 0.08499316534054521 0.055580061757624755
0 0.551777606102768 0.7412324729486184 0.05704997867599957 0.07038670783841638
0 0.6142685154359953 0.7386326586837111 0.03820907200827221 0.06202863855894432
9 0.5110567733529537 0.12970995124100596 0.044131808004454244 0.034085494985435096
9 0.5695959793523173 0.1233175472426554 0.05826703333863605 0.04074467194503919
9 0.8763266900063634 0.02139236823798723 0.05025453866963616 0.023329851411925794
9 0.4122380126909534 0.1669719220115462 0.03788180800445442 0.03390363855894436
9 0.568215840030226 0.20619824340258944 0.04731135200509069 0.03886392319868044
8 0.43029022071927037 0.3751110309453194 0.06593408267027243 0.028471992478152595
0 0.5203221380092268 0.05285193454795852 0.06671588001272681 0.09565949247815261
0 0.519388536043907 0.30843434481451526 0.0929329346753633 0.06674488229073816
0 0.6199868780235444 0.15545644583072962 0.10116360534690845 0.10290970282385156
0 0.6374187313414996 0.041629626551257445 0.053652258672817865 0.04685827962517116
0 0.6907715453532719 0.12682532897939763 0.08230451734563574 0.0929891335443794
9 0.5223579000238625 0.1606417024946472 0.04567612667090888 0.032568459092057724
0 0.050858354073814796 0.5424542729612536 0.08995338534372681 0.07915395407749273