9 0.44884087459461053 0.06902427341492991 0.040098894480112966 0.05960225897699045
8 0.8632095174531657 0.27770594446872765 0.06345457386326174 0.0550511143631847
8 0.6924086789827024 0.7970775923039872 0.04750229139585791 0.03621021077238851
8 0.556221762992234 0.7658134358845207 0.06301819724005639 0.030051114363184795
8 0.6665104265470705 0.714106011020094 0.042623876623205346 0.025245439695149585
8 0.7578484926996947 0.7185440470262515 0.031686376623205524 0.02518180718159222
0 0.2575203993513769 0.10775899960721654 0.04448638555165916 0.042442030054229286
0 0.3656601818187809 0.08963623438371017 0.047911394480112966 0.05964771077238853
0 0.30407779951353264 0.08146466520006526 0.03217730032431163 0.05330680718159235
9 0.09767465179030414 0.6709488251355732 0.07641822402541769 0.08168633723582168
9 0.06728594805742592 0.8004726986721401 0.06062958279171564 0.0722204336450254
9 0.02375175385861416 0.9275573734383709 0.04750350771722832 0.04718407220870731
1 0.032667260556602115 0.6799465752337691 0.038590941558013604 0.06271816861791084
8 0.33292240503671505 0.6223123789975159 0.08859094155801354 0.06300906010845857
8 0.40469049067109975 0.8079049662333375 0.025900026785361165 0.05170794574527378
8 0.08364515381889905 0.5794516715447771 0.04448638555165918 0.04244203005422946