8 0.24659935605900696 0.6681830396743004 0.10547979534115867 0.1401083314853265
8 0.4352380529159322 0.5294636319653192 0.08821040818602892 0.13754477360693612
0 0.3623881303692665 0.6645736503105836 0.08122342378986111 0.12311825256024882
4 0.8635843809350934 0.43398817711305304 0.06314180913596842 0.07533319994353035
4 0.6141741169131408 0.9382863531672984 0.0483423247398008 0.06045165258848364
0 0.5809687912688288 0.8579387005082276 0.0719369549975255 0.09453822625188942
0 0.8447093074384879 0.6270780244539822 0.05590916327441171 0.05621917889684287
0 0.9781642404448323 0.5449950245951565 0.04367151911033531 0.06926521046687402
0 0.7716525084792847 0.39937722965918426 0.09185330732694616 0.028715805176967278
0 0.523031302011421 0.5000575820500238 0.03436171189493074 0.06119510523343692
0 0.9651596294089846 0.674030077211875 0.06968074118203091 0.12733531570031092
0 0.7266199694697041 0.43726363750933983 0.04949538896415202 0.052730157850155376
9 0.9092011753717408 0.5418237929404208 0.06248671189493038 0.06283319994353036
8 0.5601351543408417 0.4305039452465557 0.05483798620519007 0.06550317363517096
8 0.6839178923550541 0.5345705479903311 0.05327548620519007 0.06541216837349921
8 0.792945411576931 0.6112856954583172 0.0691395036180447 0.10060621572854593
8 0.9757192107632768 0.906106829842711 0.04856157847344633 0.08258425782192055
0 0.3298114099950512 0.16259392135727094 0.04997342378986112 0.12129814732681177
0 0.42863069029820455 0.10433482934860075 0.08123671189493056 0.06392526308359248
8 0.43806540253181936 0.3890283477644522 0.04259029172311415 0.039866136803468066
8 0.3959288121881864 0.3475989819370844 0.03074538896415202 0.051638094710093264
9 0.9918781804043526 0.34358444303924285 0.01624363919129479 0.052093121018452496
9 0.977887061849502 0.26884975354846913 0.04422587630099599 0.07460515785015547
9 0.8496325870642728 0.12291416922054518 0.03666784034363317 0.04575211575678066
9 0.8188119549975255 0.043211258668966634 0.044064260515449406 0.06799113680346809
9 0.49492407564431196 0.05345559783503939 0.024331614653892684 0.048149073663405886
9 0.6070832389187235 0.10021022951800995 0.03823034034363317 0.04584312101845254
8 0.8197447704650724 0.2853000481315055 0.0385578889641522 0.052093121018452496