8 0.4863627482162102 0.9259008798541911 0.10086382096198285 0.10142040252860873
1 0.5188930691076058 0.7578215083241062 0.0795502630835923 0.0829312183831675
8 0.025026760946866716 0.9421875 0.05005352189373343 0.115625
9 0.140897600748224 0.798684231183094 0.09710178413027984 0.09028264342931003
0 0.007959629263896147 0.7126897671188631 0.015919258527792295 0.09412953423772627
0 0.030274245020676827 0.6563989967607975 0.06054849004135365 0.11504281153562204
0 0.09549263743875261 0.6358046969453677 0.08046031570031094 0.0985562183831675
1 0.8982646528002451 0.23556908312108024 0.19389973137238706 0.22880252775932117
1 0.6249728240163417 0.3905722540051696 0.3263929839326357 0.3120131508305656
1 0.6020413711596269 0.15150045958841057 0.24904225768074628 0.24011956199704748
1 0.7864996711455093 0.1484219316722058 0.1846465577372161 0.17683950956072397
1 0.7348909394907738 0.06512976788483024 0.16918961575678076 0.04508886181247736
1 0.9563501685852607 0.23458637645810515 0.07601501038216937 0.15586807063492075
1 0.8327467976373952 0.337232910234406 0.29790396288594856 0.30396081893687776
0 0.09755056321064935 0.06192710595238121 0.1736488735787013 0.12165136181247738
0 0.07127612503529358 0.18048733883351809 0.14255225007058717 0.21253717766703617
0 0.21402137151256273 0.49911383019564476 0.22378465244730927 0.2073676187523077
0 0.41195834257336755 0.5204240330011085 0.11037459983059072 0.18453329117755662