1 0.59140625 0.54921875 0.09296875 0.109375
1 0.49765625 0.553125 0.0515625 0.08046875
1 0.5765625 0.3609375 0.06796875 0.08046875
1 0.7796875 0.4859375 0.20078125 0.09296875
1 0.30234375 0.06171875 0.06640625 0.05859375
1 0.15390625 0.15 0.0640625 0.065625
1 0.1328125 0.05546875 0.05 0.08203125
1 0.49453125 0.765625 0.0578125 0.0671875
1 0.32734375 0.64765625 0.05390625 0.08046875
1 0.43515625 0.509375 0.0578125 0.08046875
8 0.50859375 0.2265625 0.1390625 0.0875
8 0.29921875 0.446875 0.0890625 0.128125
8 0.80546875 0.5875 0.15703125 0.07265625
8 0.91953125 0.80390625 0.08671875 0.1109375