8 0.24613240715314783 0.3330000287274337 0.05407106989237613 0.02340667889684287
8 0.4551819596771285 0.08728352325400031 0.08547092721213971 0.09535727360693613
9 0.33132504445670075 0.33874106548854943 0.05087329528527027 0.021662168373499213
9 0.3531807737785363 0.32287314178279125 0.04749573821317572 0.04951415258848364
8 0.23826209511865454 0.28111901031158215 0.1077825748547749 0.10600634727034208
8 0.3171661910658786 0.25221203128768244 0.056035984284234355 0.06559417889684287
8 0.16491879445670077 0.3290490051204975 0.05399829528527027 0.02184417889684287
0 0.9203981989237615 0.256181067554688 0.07344611621110389 0.1382882262518895
0 0.9911183826507404 0.18495008063828045 0.01776323469851917 0.07939907366340586
9 0.38795184180888564 0.5508462233387049 0.08118153349844599 0.07017526308359248
9 0.42889582712657726 0.7106153364646497 0.06584763192686935 0.07551521046687384
8 0.5582814584342742 0.5444050494917724 0.07558650496239885 0.08387374203690498
8 0.422958234489122 0.48276335224966527 0.07910961124870504 0.05914675782192056
8 0.13238685421488247 0.7346395814853265 0.10607452564056316 0.10279034200867017
9 0.7249318808889029 0.9608175467197622 0.058578787427387445 0.05327618942018688
0 0.8717362603345731 0.9758080614717084 0.10124147642635144 0.0483838770565832
0 0.706451554586386 0.9153307414722077 0.036344222497410074 0.11119510523343692