1 0.19765625 0.28203125 0.0453125 0.0640625
1 0.33515625 0.165625 0.03828125 0.0671875
1 0.57421875 0.3171875 0.06015625 0.0515625
9 0.03203125 0.97578125 0.0640625 0.0359375
9 0.39765625 0.82890625 0.06484375 0.02578125
4 0.33515625 0.7703125 0.0921875 0.0484375
0 0.32109375 0.84921875 0.128125 0.07109375
1 0.32734375 0.678125 0.05390625 0.01640625
1 0.33828125 0.65078125 0.0296875 0.02109375
1 0.1734375 0.79296875 0.0578125 0.01953125
8 0.42421875 0.965625 0.07109375 0.02734375
8 0.21171875 0.93984375 0.08671875 0.03515625
8 0.0421875 0.8859375 0.07890625 0.046875
0 0.73359375 0.6359375 0.053125 0.1140625
0 0.73359375 0.8015625 0.0671875 0.08203125
0 0.971875 0.90546875 0.05625 0.0984375
8 0.71171875 0.9078125 0.02421875 0.08515625
8 0.8890625 0.63359375 0.0359375 0.1
9 0.81875 0.68515625 0.0578125 0.06875