8 0.33671875 0.3 0.0453125 0.075
8 0.09609375 0.0453125 0.0703125 0.08125
9 0.2625 0.35703125 0.0578125 0.0421875
9 0.25390625 0.3015625 0.04375 0.05078125
9 0.2296875 0.26796875 0.0390625 0.0421875
8 0.3328125 0.21875 0.08984375 0.08671875
8 0.25390625 0.19609375 0.0453125 0.0578125
8 0.4125 0.27890625 0.04609375 0.05234375
9 0.846875 0.22578125 0.0265625 0.05078125
9 0.80625 0.21796875 0.03203125 0.05078125
0 0.8171875 0.11171875 0.05625 0.06953125
0 0.6109375 0.17109375 0.125 0.05625
0 0.61796875 0.05703125 0.06171875 0.05078125
0 0.01171875 0.86640625 0.0234375 0.1078125
0 0.01953125 0.74453125 0.0390625 0.1
0 0.0375 0.51796875 0.075 0.1734375
9 0.53125 0.52890625 0.0171875 0.059375
8 0.35703125 0.38984375 0.05234375 0.021875
8 0.29140625 0.4171875 0.03515625 0.0546875
8 0.271875 0.79296875 0.03671875 0.0625
5 0.3078125 0.815625 0.03671875 0.059375
5 0.165625 0.74921875 0.05625 0.0578125
0 0.9390625 0.56796875 0.05234375 0.12890625
0 0.81875 0.509375 0.09296875 0.06484375
8 0.821875 0.83046875 0.05078125 0.07109375
8 0.86875 0.76875 0.03359375 0.05625