0 0.103125 0.31328125 0.065625 0.05390625
0 0.15625 0.31875 0.06328125 0.05390625
0 0.1296875 0.36171875 0.0828125 0.05390625
8 0.19375 0.4125 0.0515625 0.04140625
8 0.853125 0.03203125 0.065625 0.0640625
9 0.86015625 0.13203125 0.071875 0.1
9 0.925 0.475 0.05703125 0.0859375
9 0.715625 0.50703125 0.06171875 0.04296875
9 0.69765625 0.18828125 0.04609375 0.071875
9 0.75 0.21796875 0.04921875 0.07890625
9 0.8109375 0.07421875 0.0484375 0.07734375
9 0.63515625 0.3234375 0.04296875 0.07890625
9 0.6234375 0.475 0.0421875 0.0625
9 0.8265625 0.4109375 0.03828125 0.071875
9 0.57265625 0.346875 0.0515625 0.0734375
9 0.8984375 0.096875 0.04453125 0.06953125
1 0.840625 0.21171875 0.059375 0.07734375
1 0.3203125 0.9546875 0.1125 0.090625
1 0.4171875 0.92890625 0.15703125 0.14140625
1 0.36015625 0.81953125 0.1140625 0.17890625
1 0.43671875 0.8125 0.1359375 0.1828125
9 0.75703125 0.97734375 0.06796875 0.04453125
9 0.6703125 0.97109375 0.0578125 0.05703125
9 0.578125 0.971875 0.040625 0.05546875
8 0.775 0.6265625 0.03359375 0.05390625
1 0.7265625 0.61484375 0.03984375 0.059375
1 0.67890625 0.54765625 0.0359375 0.0375
8 0.85078125 0.80234375 0.0609375 0.10390625
8 0.8765625 0.67890625 0.04453125 0.0609375
8 0.75546875 0.6609375 0.040625 0.0484375