8 0.8748389779408026 0.6488178751868869 0.07246587334017533 0.10198065651766246
8 0.8873349536421099 0.782479802879984 0.09423178903121965 0.08335792154477702
8 0.5995162701934761 0.5917492219888741 0.08489315046753827 0.08955337939029953
8 0.6671168606507516 0.5288634026088376 0.07371021077238851 0.04730224687674216
8 0.8017645714231401 0.5765201734896847 0.0799602107723885 0.0473386083130606
8 0.5478714360809124 0.4430162853187866 0.04418633723582168 0.07525453005422947
8 0.2527811289975159 0.34520900263227866 0.08009656615858277 0.07077610831306043
8 0.5009924117822198 0.5763327793668582 0.07867951190385672 0.0957670179539809
8 0.245609499312629 0.4553198008368806 0.07228406615858277 0.07073065651766228
0 0.8220083728491957 0.43054914333725947 0.05983860831306061 0.0800329336450254
0 0.3391367855151783 0.4175839723816576 0.08520222267624522 0.14267837939029934
0 0.42801293315404615 0.38607087284919583 0.13842721662612104 0.16017495159900638
0 0.6265640626425414 0.40675659845230727 0.11981357201231528 0.18350336729005096