1 0.3053043349437909 0.3931047122542949 0.06766234387822054 0.0511454886359143
5 0.39263848615983554 0.072525205354436 0.07572951186299806 0.05753185633066597
5 0.29782339327019824 0.11621492978689078 0.05484400889724857 0.043114800324311545
5 0.3121777119395478 0.18604618871534453 0.0927896778706093 0.05470686525911974
5 0.04870546095096461 0.18613809740221227 0.08341467787060931 0.05454322402541765
5 0.38456865958182057 0.04033031412073397 0.07640067391627658 0.03568412986961632
5 0.6005690498862692 0.16918951988220707 0.06842634783255334 0.06989548863591426
9 0.409673499962819 0.40274453936396765 0.051782675893442945 0.04462275324641087
0 0.42356756220637787 0.5030581850618965 0.10427100593149916 0.029925053570722327
9 0.24291449251126412 0.8306086663942102 0.09042868182494201 0.07340231818121908
9 0.048579491065570385 0.9074091254053893 0.09715898213114077 0.06481825081077872
8 0.18322776920300982 0.7029143145277711 0.12155134783255325 0.07082278896022594
8 0.5332317919032418 0.9912734310047068 0.10420733893530461 0.0174531379905865
8 0.12322407502077812 0.8324284906645092 0.09004667984777566 0.06402731818121907
8 0.7958643038406019 0.1538350754815244 0.04897601087441483 0.052380706168510205
8 0.6657165474148113 0.18205375851812136 0.061030341901054184 0.04166139448011297
8 0.7502241985936748 0.2570185766993404 0.043588173916276673 0.03511138555165925
8 0.8329730315974805 0.2600265742637084 0.03408583992388792 0.031822744317957154
0 0.8495743052862956 0.5433299979648145 0.14840300790866542 0.040063712661331866
0 0.8373276787848305 0.7479493141174387 0.11125051779449713 0.08625687418757337
0 0.935266477188225 0.9154016412271115 0.060006352775469195 0.09316934740221257
0 0.9086602148309352 0.9711019372940101 0.10560801285158128 0.05779612541197991