0 0.021875 0.321875 0.04375 0.13515625
0 0.0546875 0.17109375 0.0328125 0.03828125
0 0.09609375 0.20703125 0.0328125 0.07578125
8 0.0046875 0.51484375 0.009375 0.07578125
9 0.059375 0.72265625 0.05390625 0.10078125
8 0.44453125 0.92109375 0.090625 0.07421875
8 0.68828125 0.5875 0.05625 0.0609375
8 0.49296875 0.66171875 0.071875 0.0875
8 0.5890625 0.6171875 0.08125 0.09296875
8 0.35078125 0.5125 0.06796875 0.08203125
9 0.7734375 0.75390625 0.06484375 0.08203125
0 0.56171875 0.7953125 0.090625 0.0703125
0 0.5015625 0.84375 0.0796875 0.06640625