0 0.8722734536767632 0.8110666401051729 0.04080909057054072 0.03840918977951411
0 0.8754669201783173 0.7452961697404507 0.06606595574818712 0.07801720364722228
0 0.8223654989620336 0.8309985868185411 0.038887025640563164 0.09767508700597247
0 0.8653385570675856 0.8972587132434369 0.031982054176610576 0.08346711664125017
0 0.3303748980524107 0.7963060766536456 0.06312073821317572 0.04829333605604162
0 0.2094587764646235 0.7357705797877776 0.07144266046291677 0.05941267401194459
0 0.5563723178209523 0.7621083421368745 0.117662688998964 0.046441201747361306
0 0.06987619974782178 0.8453845819719792 0.06275686517764645 0.04048083605604162
0 0.12849772084027097 0.7102815769379861 0.04564213978475227 0.041643292553055745
0 0.12896644768090718 0.653177591755625 0.07674659057054059 0.03924564437666671
0 0.15486547580266968 0.789441746865868 0.04607878742738745 0.051018292553055566
0 0.272688676588458 0.7835709937317359 0.05174659057054054 0.03866376291777769
0 0.4262910196401979 0.8574234549784023 0.062538541356329 0.035793336056041625
0 0.4126801298554456 0.8170712119122566 0.043351893713693815 0.02598192496187508
8 0.5517105506574446 0.8803134814795481 0.07689213978475244 0.04237064437666689
0 0.8984076906515938 0.36466311236975624 0.06388702564056317 0.09825696846486114
0 0.7490370450758733 0.5495862390789925 0.060141287427387446 0.051345600873680654
0 0.8180095612059238 0.33446842572437435 0.054512025640563164 0.09803876291777787
8 0.9160381846557378 0.18906304711527702 0.04382708271265763 0.06969555737069447
8 0.7932920434232434 0.206779836818541 0.05396406203449331 0.05276263050895835
8 0.7455372859796453 0.08823051178041605 0.04753427956950453 0.0822682925530556
9 0.7109098447043698 0.40265734090260363 0.032200377997927986 0.08815461664124999
9 0.29105757113072117 0.5062811419081248 0.09470468610347993 0.15672408510611113
9 0.2836880651348652 0.3312629581125345 0.06683224317557439 0.1279808360560417
5 0.5763208289886042 0.4683576889264926 0.05861732878371626 0.0856478656913195
9 0.05554175620074381 0.5712021995631597 0.04393409057054058 0.03848192496187508
9 0.11748948448912207 0.45713839314239574 0.04942641935425689 0.12289329255305556
9 0.1630223465663966 0.20893597606430542 0.0549486732831983 0.10741376291777778
0 0.030372512405996817 0.19872778751906248 0.05113877667402046 0.19316942496187503