8 0.49765625 0.178125 0.0828125 0.134375
8 0.32890625 0.2625 0.09609375 0.15
0 0.8765625 0.275 0.0828125 0.13046875
0 0.775 0.19296875 0.1015625 0.11484375
0 0.66875 0.2953125 0.128125 0.10625
0 0.646875 0.13203125 0.0640625 0.09375
0 0.73671875 0.32734375 0.07890625 0.04375
8 0.2546875 0.69375 0.0640625 0.12734375
8 0.28984375 0.50625 0.0375 0.090625
8 0.2078125 0.53828125 0.03984375 0.07734375
8 0.20078125 0.88515625 0.02421875 0.0421875
8 0.13203125 0.62890625 0.046875 0.096875
1 0.11953125 0.5421875 0.025 0.05625
1 0.1875 0.4234375 0.02890625 0.06171875
9 0.378125 0.8328125 0.03984375 0.084375
0 0.303125 0.86171875 0.05859375 0.1390625
8 0.8203125 0.621875 0.02421875 0.0578125
8 0.81796875 0.521875 0.03203125 0.1
8 0.84921875 0.73203125 0.025 0.07578125
1 0.68203125 0.77890625 0.02109375 0.07265625
1 0.74765625 0.8015625 0.0203125 0.053125
1 0.80546875 0.91328125 0.0203125 0.0578125
1 0.83203125 0.890625 0.02421875 0.053125
0 0.7484375 0.4046875 0.03359375 0.07421875
0 0.81640625 0.4203125 0.03828125 0.103125