9 0.9846922148980454 0.722010242137608 0.030615570203909214 0.13038101282028158
9 0.87289117768452 0.8263081362655864 0.12583037727617316 0.141613919354257
9 0.5885519669431096 0.6265991188971909 0.1069439849563052 0.13605312406898662
8 0.19832177203681675 0.5951606044242794 0.2868541084715548 0.3129538800648426
8 0.8027218347188784 0.07717712344530485 0.09289820533113406 0.08234592721213971
0 0.6088892666930474 0.03850195946773146 0.07867056927947225 0.022388730355292874
0 0.8321629453020043 0.20415915446255148 0.06633570533113406 0.08110875889134021
9 0.18511576372354654 0.3558070059958561 0.05825042069139794 0.0713698858558109
9 0.46190192108710937 0.24230754797135745 0.06164820533113406 0.08089043507002262
9 0.3492260763391012 0.28465125165262983 0.07313127461060623 0.10014985731976359
9 0.2639093873053031 0.06066363399378405 0.07102320533113407 0.08132708271265772
9 0.2470605195960413 0.15194145140496082 0.0634834899708702 0.09033820967712844
4 0.26720083801758365 0.33466406017246647 0.10712584138279597 0.14230312406898663
0 0.4035796410662268 0.03440084863331121 0.08372178213245363 0.03510705417661044
8 0.3109017107414104 0.20094618568919512 0.04855717194503919 0.05999573821317572