9 0.4663634564001047 0.6128721676467712 0.04146145459715278 0.036883057370694416
9 0.3257754772016672 0.6447371506449308 0.036883057370694416 0.04146145459715278
9 0.5204554636182993 0.8233927467689586 0.028852351823611143 0.031904616641249814
8 0.35012347340194505 0.7514962969214587 0.031977351823611146 0.031977351823611146
8 0.43773518901701464 0.8925226468452088 0.03568423328249999 0.05705008700597247
8 0.4188721669811811 0.6859453385245837 0.027580792553055566 0.04436824905006951
8 0.4819741918668063 0.8139079907850351 0.022820557370694418 0.04113414627652787
7 0.7922895235544449 0.5931292442035077 0.08350479065319458 0.09876611474138901
7 0.6217412874221533 0.6125844929692367 0.05447060087368065 0.059048998100139014
7 0.9726991496950003 0.7331944658025009 0.05460170060999943 0.07311149810013902
7 0.7034829031134727 0.6691449239150353 0.07009560087368065 0.05941267401194459
0 0.6944358646444797 0.7165647845723617 0.037246733282499986 0.05708645459715278
0 0.8330437697547228 0.7002702501874312 0.04186149810013902 0.05407055737069442
0 0.7585886304120492 0.6883865396063549 0.06228310087368065 0.059230836056041625
0 0.38281903210381973 0.34466572188333366 0.04811149810013902 0.054216027735416714
0 0.4461548334905906 0.3484823593261462 0.028997822188333446 0.03815461664124999
0 0.48930476823611146 0.32371940187920184 0.021258057370694416 0.04109777868534721
0 0.44328310020809053 0.2921959917349657 0.03510235182361114 0.0320500870059723
0 0.27825424620027783 0.11266887984336829 0.033830792553055565 0.04451371941479172
0 0.41172136284152794 0.14388512509371562 0.032268292553055564 0.04447735182361114
0 0.1219126740119445 0.07155030452090287 0.047966027735416715 0.047966027735416715
9 0.1843289403481948 0.4384299864166321 0.028852351823611143 0.031904616641249994
9 0.17672942021222235 0.17901861882545153 0.03513871941479172 0.03361258700597225
9 0.23695709897381953 0.11639263867708353 0.025690984232430568 0.030269381458888932
4 0.11479246466513901 0.16820709897381952 0.03997168977951393 0.03997168977951393
4 0.13138185904180574 0.24355259109003483 0.05152743882958335 0.06678876291777787
0 0.2905250421718059 0.47213479882131965 0.03746493882958344 0.06646145459715277
0 0.2471698599917363 0.21969947663298633 0.026091027735416716 0.04745688145888893
1 0.5916277215989931 0.19101796428388937 0.05854115824437507 0.09974673328250003