8 0.9568267088233856 0.45505195528050885 0.08634658235322874 0.07525794954451293
8 0.7014768067051044 0.24056290246276912 0.09691267401194459 0.07207838584218215
8 0.6159744113785072 0.19507184238863537 0.09840243882958326 0.06900794954451302
8 0.7278925299196182 0.16614325582081374 0.09207970364722229 0.06566469473518963
8 0.7810207959715281 0.33239324919739177 0.07154899810013884 0.05558036660488845
8 0.5054544854667016 0.1832935834029607 0.11758884992375015 0.08841271397248329
1 0.8059539396826046 0.630984516620587 0.10875805737069441 0.04438989546082901
1 0.9164368447928478 0.6075792437550962 0.08888196846486096 0.062430567330527965
1 0.8965958170574311 0.5613590081830665 0.08859102773541672 0.04993056733052796
1 0.972745588999549 0.7673064186200199 0.054508822000902055 0.04437004809323426
1 0.708717876612327 0.7532265935697617 0.06827852773541672 0.04922123920022692
0 0.5694384774860076 0.8159498267795386 0.08895470364722229 0.06555556733052796
8 0.9875883591839759 0.6634448086385534 0.02482328163204812 0.03891865626060227
8 0.9273055288727784 0.8057984889457728 0.06671602773541671 0.049166675497895794
0 0.42857904777447986 0.9115674055428121 0.052362587005972114 0.036175602176918176
0 0.5198768482113202 0.9373089608076224 0.08859102773541672 0.04993056733052796
0 0.4914407640551396 0.8241467618960815 0.0840853656913195 0.0575793762235353
9 0.13788512575930573 0.1797098034507118 0.04335126291777782 0.05147321996293312
9 0.30069229065319447 0.08645333285480652 0.03880923328249999 0.05755952885594053
9 0.3041614763486459 0.03394589174781397 0.04193423328249999 0.05766865626060225
1 0.042809015101979334 0.193194439292894 0.06122974715020839 0.08176092068857255
8 0.29841289019569495 0.5931944061757843 0.06453658510611113 0.08968254809323425
9 0.36238904369041736 0.8223982673383772 0.07965243882958344 0.06835318511654265
8 0.26785648726965344 0.7584573076270631 0.07318423328249998 0.0587599303072194
8 0.19656467514930628 0.8532093016366133 0.1217672036472223 0.06670140507947586
9 0.26185975398715333 0.7023709987340556 0.05076371941479163 0.03455853847458741
9 0.2982518488769103 0.7206472835804459 0.06035692496187508 0.04426092068857255