9 0.5494767988958424 0.841210634070633 0.08672123920022692 0.06816929201145427
9 0.5056747243937384 0.9062992847310426 0.08408731252120454 0.08219542934436319
9 0.6173488343752049 0.9286839094127691 0.10563493030721922 0.07307496801399935
0 0.6472099160488851 0.7103702614178597 0.14467758293962446 0.02823518268618095
0 0.590215871583848 0.7331350520766783 0.09938493030721922 0.07300224267981754
0 0.6504291744864056 0.8025577614178598 0.1269841406515056 0.10299882535008997
8 0.04968011850380506 0.4386812393379998 0.07289684137714506 0.11954997867599956
8 0.1618229321213179 0.11668006468808993 0.10558036660488854 0.07151246801399935
1 0.20590778193598344 0.32804482602640783 0.041989092558271414 0.039535214672181594
1 0.15199160825218602 0.30477041068586275 0.05766865626060227 0.04127952800763594
1 0.20948173755576427 0.676382328691908 0.05109127404661713 0.03183180267345413
1 0.6944693180483181 0.5430196767584048 0.04927580290255769 0.06929544000636341
0 0.38908483656782156 0.11698169871895214 0.07903771397248338 0.11649770401018134
0 0.5262053798517324 0.17480438407063312 0.07325893992586625 0.08519316000954502
0 0.4489583443723699 0.08722202072722449 0.06944445916315996 0.11013861600890866
0 0.687688516875041 0.1923020614258139 0.06857143992586626 0.08513861600890867
0 0.8307986545313216 0.3321923594445858 0.0781646947351895 0.09149770401018138