8 0.22734375 0.0359375 0.059375 0.071875
9 0.0171875 0.36171875 0.03359375 0.0640625
8 0.0546875 0.0453125 0.0578125 0.06953125
8 0.0671875 0.24609375 0.075 0.12265625
8 0.546875 0.471875 0.071875 0.071875
8 0.07578125 0.45546875 0.06796875 0.05234375
8 0.17578125 0.72109375 0.05078125 0.0625
8 0.428125 0.8296875 0.09140625 0.16171875
9 0.49375 0.9375 0.075 0.0828125
1 0.3171875 0.9953125 0.03984375 0.009375
0 0.590625 0.59765625 0.03828125 0.17109375
0 0.47890625 0.54921875 0.11015625 0.09609375
0 0.165625 0.825 0.10703125 0.1578125
8 0.85625 0.9328125 0.0890625 0.0640625
0 0.7875 0.8734375 0.08359375 0.09453125