0 0.6332012528913874 0.792036910047327 0.08303267589344294 0.045641114741388836
0 0.7495703522068154 0.7188923104079172 0.10047484387822045 0.052291158244375066
0 0.658052719773851 0.9497955118709381 0.08456068380210838 0.08314111474138883
0 0.8025162800774247 0.6669492571212854 0.06858817391627667 0.03593880642076393
0 0.89597977859455 0.6761625625921188 0.06622717787060921 0.05461607123840277
0 0.6692899446021612 0.6740142618709382 0.08733817391627667 0.03637521751493065
0 0.66288609429815 0.754410276688577 0.06715300790866544 0.03902743882958344
0 0.519908074032195 0.8472673110735075 0.06428267589344294 0.04520470364722229
0 0.5872547415226809 0.8449248674942712 0.04502333992388792 0.032268292553055744
8 0.46415813973579495 0.9296427467689587 0.07403967787060921 0.054797909194305564
1 0.6001207919404228 0.6059351026766324 0.08121550790866543 0.03935474715020835
1 0.6110237998490883 0.5686533082237158 0.07327567391627668 0.03604790919430556
0 0.05312506962075171 0.46182915919430556 0.028565351786885927 0.08808188145888884
0 0.1837264707996153 0.5383760882402433 0.04119268577927473 0.09149782218833344
9 0.20662804889768607 0.168245426196146 0.027737680836358792 0.06776938145888893
8 0.08001783346091615 0.39676785685760424 0.024803681824942015 0.07238414627652787
8 0.23362163041861694 0.17747560904180576 0.020723676882026164 0.04887391109416672
8 0.1962237425856262 0.03975675028434044 0.0302896778706093 0.05377961664125003
8 0.17978702319452355 0.2896112799196182 0.044699687756441085 0.10094555737069451
0 0.11550298319408603 0.08245143692972232 0.03857702174882984 0.10392508700597225
0 0.14795209136958154 0.3608134794827779 0.03156301779449713 0.08502961664125
0 0.1749364026245573 0.46622833130638897 0.021424013840164412 0.06606141109416655
8 0.20160367338480398 0.3683181613785071 0.0420840237259962 0.11337282218833344
8 0.22433020205371604 0.23278070488149324 0.03086268083635879 0.06784211664124999
8 0.11428806270066949 0.49609636284152786 0.04106535178688593 0.08837282218833345