0 0.26171875 0.1453125 0.075 0.059375
0 0.365625 0.0984375 0.06640625 0.0421875
0 0.1078125 0.14921875 0.06328125 0.0546875
8 0.1640625 0.34609375 0.0734375 0.0515625
8 0.128125 0.284375 0.03984375 0.046875
8 0.22890625 0.309375 0.08671875 0.06796875
8 0.0765625 0.31875 0.0546875 0.046875
4 0.6 0.3859375 0.26875 0.16640625
0 0.06640625 0.825 0.1328125 0.0921875
0 0.8390625 0.7453125 0.1296875 0.13046875
0 0.95234375 0.69609375 0.09453125 0.10625
0 0.87421875 0.51875 0.1546875 0.1
0 0.72890625 0.48515625 0.17578125 0.03203125
0 0.715625 0.69453125 0.09609375 0.0921875
0 0.6109375 0.78984375 0.11484375 0.0515625
0 0.61875 0.72734375 0.078125 0.06328125
0 0.7671875 0.98359375 0.096875 0.0328125