8 0.7520112790803696 0.10886975635142855 0.09863346302712266 0.14119268577927468
8 0.2578197902389977 0.7922724357420936 0.12059946828879457 0.1436465237259963
8 0.4241614819370844 0.3583855725865012 0.09223227360693613 0.08481535178688589
9 0.1714599581183867 0.2276117109509646 0.06356124203690508 0.0742943458553869
9 0.10751085018352664 0.18813005828922624 0.032841863055357565 0.10889483893530469
9 0.16901895562872513 0.37657579296618704 0.08212923151356137 0.07193334980971952
9 0.5354153132812366 0.10756321882244894 0.06283319994353036 0.0617943458553869
9 0.3651519610315713 0.5151104164647218 0.0632882262518895 0.0696068458553869
9 0.9211828821770809 0.5898783813328381 0.06525952090551286 0.15697951186299797
3 0.7437606213713884 0.30405492235903975 0.09207962613895013 0.18924818380210837
3 0.5774593291368392 0.1752162924347144 0.06852175782192056 0.07917284684397004
3 0.3878438213149186 0.2593233314837498 0.10967737884037324 0.11670202174882985