8 0.5433393711988759 0.4607270268823953 0.08139544574527395 0.026891114741388833
8 0.8751332301011114 0.7623375461653465 0.07219316256778682 0.05636040919430556
8 0.8545626966290367 0.5386279424418743 0.10664997579950324 0.07122299620027786
8 0.8750019407753042 0.6506369799609368 0.11297269867214013 0.08386846656499998
9 0.6311014289696434 0.8164483903895133 0.0988011143631848 0.06479115824437506
0 0.6590274828315861 0.5814551413394439 0.07867042154477702 0.09556837955902786
0 0.6204149556060271 0.5050205811189578 0.07547269867214013 0.0829956443766667
8 0.7388665363989411 0.15074869557600631 0.0926420179539809 0.08027068787965286
8 0.9401977531232578 0.05154421010930477 0.11927724082661798 0.09338893692972232
8 0.5672000937769252 0.2531684468102773 0.09881929508134384 0.06791615824437507
8 0.5059171601318997 0.313961782866319 0.07055793969514959 0.04382404160312507
8 0.8251625847017389 0.22138654426548543 0.07531816256778683 0.05643314437666671
8 0.8969330455723231 0.23768238507117978 0.07535452400410492 0.06268314437666671
8 0.6944312560501242 0.009732143807985842 0.10801248789975162 0.019464287615971684
9 0.3442155490883647 0.5833144609623261 0.08633747579950324 0.07075021751493064
9 0.3053252450300303 0.6888929669462497 0.0722295240041051 0.06261040919430556
9 0.24690823615123572 0.7941448178199304 0.06428975897699045 0.040553571238402954
1 0.07840419672723253 0.6215282014630208 0.06592498184962739 0.05308993882958344
1 0.1980718021134268 0.5953085807377081 0.059674981849627384 0.05294446846486114
1 0.27075077801112585 0.5897112377478122 0.04718407220870704 0.054216027735416714
1 0.04561948868531851 0.4832476046734028 0.06433521077238853 0.048366071238402954
8 0.33372802186280576 0.5062252841005901 0.053343168617910844 0.038736498100139016