8 0.5019861075291605 0.4620905422280905 0.08845037799792799 0.08995506175762476
8 0.3531846186968123 0.7589919374509524 0.06584763192686945 0.07369356426490725
8 0.4273925984329326 0.9245738218532615 0.0702440334984459 0.0675799565847754
8 0.6257253604246447 0.5692772534317193 0.07609592721213972 0.09271634890464338
8 0.6937647309789746 0.5992853506870099 0.05134848428423435 0.06390938730530316
8 0.7467997239496613 0.8676883582088575 0.07856595574818712 0.07874477711788899
8 0.6435869867699429 0.8223196854058884 0.09760705417661057 0.08554034639736088
8 0.30575746278200955 0.5879496632360576 0.0526198858558109 0.05770485141192587
8 0.3551239160489972 0.5498442579840658 0.0575642510334573 0.09685827962517113
8 0.16445595079029748 0.9415867917658721 0.0817637303552929 0.08039820533113406
1 0.19619394830909812 0.9804530634734844 0.035539393713693725 0.02600021034569906
8 0.7745781991331585 0.3215264120489233 0.08604881596343468 0.03839256175762475
8 0.873234022954476 0.3139746733316945 0.07391268899896417 0.04584134890464338
8 0.6975320097199097 0.21688202764661407 0.08001713978475226 0.042898205331134066
8 0.6608474929706867 0.2507174700456244 0.04691354135632899 0.03569345909205772
8 0.7124249555432993 0.29914895836714195 0.048548815963434674 0.03730142319868044
8 0.5839061573625448 0.21082590743006985 0.062029119106587774 0.025210600158284534
8 0.47504704177061363 0.10242603721352554 0.06424659057054054 0.03931856426490725
8 0.674351374897556 0.17854695335257703 0.0830693651776464 0.04142663354437941
8 0.5536814640203547 0.0892153318823915 0.06417381596343467 0.037756064264907255
0 0.6091715229544761 0.3216581073509276 0.06849744292790554 0.030079956584775226
0 0.5385080742356023 0.1302267767886843 0.11937073821317572 0.0502848079967011
0 0.5265688463615088 0.1688035434817317 0.14070208271265763 0.07275084138279593
0 0.565862478702663 0.246459530549608 0.1528382096771285 0.06530205423577744
8 0.14540658354122724 0.22826608933773188 0.06315927956950458 0.0829776360516619
9 0.0747259024001461 0.3052210459225072 0.07122433664159913 0.05512542069139794
9 0.05766898904174524 0.2526643472552907 0.05581766046291672 0.05935827962517113
9 0.026838520058991892 0.22781511144105568 0.05076628742738744 0.05140938730530316
8 0.19766678867024173 0.39604697123275867 0.053925520678164404 0.01873327962517113
8 0.22359574193722936 0.3586235275801071 0.04470037799792799 0.08868206677218975
8 0.13033170120007304 0.14990540861720408 0.11417812406898657 0.10630748746358769
8 0.04215961311073183 0.15013038064138556 0.059306533498446015 0.06726170783841652
8 0.023989655914802756 0.377192985814235 0.04797931182960551 0.06748902837152997
8 0.22453331141532074 0.18773436605990917 0.05916098428423435 0.06413670783841656