0 0.7115973090626435 0.6774061017336831 0.09686013103285873 0.09342897642635144
9 0.3154366155933982 0.8133905277074778 0.09604167549789597 0.06999147642635144
9 0.2750422832867458 0.9074465887085138 0.07858135698624161 0.06137845574818712
9 0.21411719617077002 0.9893579065339754 0.06660714664195541 0.02128418693204921
1 0.05297382112836102 0.8245655064101408 0.05018353847458738 0.05225601282028158
1 0.16484633855155617 0.8118365281217624 0.06580853847458741 0.052983758891340216
1 0.23970992929572904 0.8114234592628436 0.051746038474587405 0.05232878742738763
1 0.03319205606741857 0.6824678976426352 0.02104167549789595 0.06649829528527036
8 0.30511418528617884 0.7411516546719484 0.057450401451278846 0.0369948858558109
0 0.28456600607526783 0.26440721815418383 0.04771330290255769 0.07086046360606986
0 0.3266939970895931 0.3763464460282774 0.034414694735189676 0.09208049214211708
0 0.2741865228654908 0.12352750702931332 0.04102679328391083 0.05806936517764645
0 0.35522576877395756 0.5679902905277594 0.050257949544513104 0.09905823821317572
8 0.1268775024470707 0.17126503205070395 0.04146330290255769 0.0705693651776464
8 0.17174356914462646 0.13825563296032675 0.03880952885594056 0.039246590570540585
8 0.15863842313564325 0.23202274958571523 0.05439981252120454 0.08365156203449331
0 0.398829435834333 0.5435018668302762 0.0395188569862416 0.05955909057054054
8 0.1443526899258662 0.09096110194308009 0.036121038474587405 0.051601041356328856