8 0.6490025271860373 0.09141208219119819 0.1044911818249421 0.07779034200867022
8 0.7821187747145795 0.07191238231825509 0.0850700197716634 0.09848227360693615
8 0.6047391685162502 0.3696427689805488 0.09250051779449713 0.08956229991529537
8 0.5386884041817941 0.3053597320782587 0.049867348821136304 0.07616765785015547
8 0.5800880425090765 0.16825457422810325 0.05012201680591381 0.08241765785015547
8 0.45837084589256794 0.42906951883937444 0.07678267589344294 0.04811825256024882
8 0.3742783246752107 0.7291975924321932 0.073559516805914 0.08378273677523325
8 0.5931251892764969 0.4689903215972674 0.10005834980971962 0.0837673262236546
8 0.4847529096561827 0.730594221484328 0.07330484882113648 0.07753273677523324
0 0.4331347880604522 0.15566981619442113 0.0821068458553869 0.0640162683452643
0 0.4434328898845192 0.6390283477644522 0.14406301779449712 0.09256547355046649
0 0.40699137110143885 0.5518769582595611 0.16497769566510634 0.1467825366905286
0 0.4176556625847511 0.35234739511949886 0.18915002471457942 0.12792612087727823