9 0.14375 0.23984375 0.13828125 0.153125
8 0.02265625 0.171875 0.0453125 0.1125
0 0.1671875 0.590625 0.115625 0.0375
8 0.29765625 0.44921875 0.09453125 0.10625
0 0.24453125 0.58203125 0.10078125 0.05390625
8 0.58515625 0.42734375 0.13515625 0.1828125
0 0.684375 0.44453125 0.0703125 0.0953125
1 0.46171875 0.03515625 0.0703125 0.0703125
8 0.68359375 0.26328125 0.084375 0.0859375
8 0.8875 0.40625 0.0796875 0.0875
8 0.79296875 0.33984375 0.1078125 0.1328125
8 0.7828125 0.23203125 0.0796875 0.084375
0 0.0828125 0.86328125 0.09765625 0.11796875
8 0.2609375 0.978125 0.1078125 0.04296875
0 0.1265625 0.92734375 0.06328125 0.06328125
8 0.23046875 0.92421875 0.1171875 0.12734375
8 0.35390625 0.95390625 0.0703125 0.0875
0 0.775 0.890625 0.0765625 0.04140625
0 0.72578125 0.875 0.071875 0.0390625
0 0.6984375 0.9078125 0.09609375 0.04140625
8 0.59296875 0.91015625 0.06015625 0.0296875