9 0.7200721913950346 0.16949230858426204 0.07383884992375016 0.08856124203690507
9 0.40646689912631934 0.04689186859937811 0.0683162017473613 0.09378373719875623
9 0.23922484773954852 0.054005689561360905 0.1152275693385418 0.10801137912272181
9 0.07991605081808995 0.3877814500847046 0.09346167211208342 0.12715330517696719
9 0.5955734991469785 0.5574766979479788 0.07503767401194458 0.0730272472985769
9 0.5246037696642007 0.7238899241998684 0.07870818787965277 0.09664675782192056
1 0.30940026301468704 0.5507386634647632 0.044695557370694416 0.043173147326811726
0 0.010384147607707976 0.900379431598266 0.02076829521541595 0.09924113680346806
0 0.1227483693036104 0.8604230185570259 0.06573540919430561 0.07560621572854558
0 0.043023195291665886 0.9337232816406182 0.061593423062013965 0.09877069994353035
0 0.2851938179168395 0.8533022213431535 0.06257404160312507 0.0738617052052021
0 0.4111952330950688 0.7359565556710774 0.02674564437666671 0.07645608418674961