8 0.6487028840280837 0.07493312276497432 0.09297123920022692 0.07035219473518964
8 0.806406256623422 0.07731905670039076 0.08888393992586643 0.08737600362819709
8 0.927093334290387 0.6285219473518964 0.050019847367595106 0.04700397477225664
8 0.9388765385594056 0.4073289936310321 0.06813493030721958 0.07416667549789598
8 0.7359598696849314 0.3838567441791862 0.07948909255827133 0.041790685116542825
8 0.6731126732204613 0.5728349094254632 0.07076885698624161 0.060213302902557685
8 0.5837649418247828 0.4721776557972661 0.05432540145127884 0.03623016587924912
9 0.8851886096029485 0.9032838451749783 0.10234623920022656 0.07067957694917482
9 0.7326439298438832 0.6240725164117048 0.04829365626060209 0.042261911069925696
9 0.7305779436388813 0.5202208301140356 0.051309528855940555 0.03924603847458741
9 0.8779242027093741 0.7399480314726473 0.06290179328391048 0.05837798439090349
9 0.9645660855563314 0.8748438758450172 0.05777778366526363 0.045714293283910835
9 0.7853101167745246 0.7468577411839613 0.06202877404661713 0.03337798439090349
9 0.7361757015282476 0.8145883890070431 0.0605208377489479 0.03488592068857237
9 0.6227977370076101 0.8972421431833943 0.06123016587924912 0.055198420688572725
9 0.9946404105217714 0.54614844617077 0.010719178956457043 0.02754464664195542
9 0.9599926251272268 0.5204291943566715 0.04091766587924894 0.05448909255827132
9 0.7510045825611064 0.9040601167745246 0.04037202885594056 0.03886409255827132
9 0.7609772940865189 0.8544693445420058 0.04166171034428636 0.03110615626060209
0 0.7757143396478645 0.42738105488629224 0.10432540145127885 0.03797620435383653
0 0.8218825007177901 0.4758111204027216 0.12630952885594054 0.04186509618646852
8 0.2651885234984629 0.24256947903342577 0.10805060217691817 0.055272831758498245
8 0.03293652948891272 0.16111111479079 0.05670635698624167 0.05972222958157998
8 0.2677976244094368 0.04914686124741092 0.06380952885594056 0.039682548093234224
9 0.36069694173996475 0.13978427413143513 0.07383929328391084 0.058759930307219356
8 0.17888895806685157 0.5196825613400782 0.1571627139724833 0.12097224282842375
8 0.5141295428205745 0.6008358799365505 0.0984771947351895 0.09395338584218216
0 0.4679489688666248 0.46267119182478283 0.09346231252120454 0.0844146947351895