9 0.8194636344055898 0.6401887405340977 0.05501611474138883 0.08341467787060922
9 0.7130681640408675 0.6507680962753163 0.06911498233256949 0.08555018083635879
9 0.624092010546145 0.8854242805717163 0.05665134992375016 0.08660334486680377
4 0.4173115205172221 0.1453417445256115 0.09665940729444458 0.1288200197716635
8 0.32466485315479127 0.40356276281440023 0.08401393692972228 0.12206068380210837
0 0.3130026141727081 0.30101076578014974 0.06751611474138892 0.08392401384016442
8 0.7762325788378471 0.11666766889899864 0.052726262917777864 0.05210101087441492
8 0.8170023959921874 0.14232424349984726 0.06715243882958326 0.06829901384016446
8 0.8439454492788194 0.1919594875683482 0.05428876291777769 0.0521646778706093
8 0.5871460161488191 0.4272098739556453 0.0355023953265972 0.04983817391627667
8 0.9264696213909026 0.06683747076243426 0.045131968464860964 0.06115767589344297
8 0.8105127405976038 0.32054474399413885 0.14811411094166688 0.19335736364988404
8 0.7071662689986107 0.5019313482524828 0.05614220364722229 0.06472834486680376
8 0.7202338859242012 0.27583176327151077 0.04186149810013902 0.054780341901054186
8 0.6143085814032982 0.40034628502034064 0.045059233282499986 0.058032675893442943
8 0.9523573613229164 0.19534713133283801 0.0625740416031249 0.07279551285158128
8 0.6592593651226386 0.31343919262499487 0.03535692496187508 0.043588173916276673
8 0.8509442509499305 0.009881746997069429 0.06686149810013901 0.019763493994138858