8 0.22649461056569603 0.04273798760516399 0.05629477360693613 0.08154998184962739
8 0.3701242422486666 0.1529856620768073 0.052228899887060545 0.1190136204133089
8 0.13993215315318097 0.5494374394987579 0.03605786831702944 0.1095477168225127
8 0.2530354527861277 0.1640271803253758 0.045630289391951705 0.08617384933607006
8 0.37533757408692886 0.4257646319243822 0.05462585779368574 0.10653180113146803
1 0.33666221096098414 0.4591447584860111 0.03285727360693613 0.08141362646343317
8 0.7936556636059375 0.47587073369633914 0.1175052893919517 0.08659200585373235
8 0.8598028503247009 0.3465241221618248 0.08222023677523324 0.07076701795398091
0 0.03156737435516015 0.7058914516972022 0.06080026308359245 0.07845225292686617
0 0.09066165329435531 0.6976385901626878 0.05629477360693613 0.08154998184962743
0 0.07590963757992694 0.7764857528286704 0.08405575256024875 0.07546360831306043
8 0.1615594402672326 0.8355976532962085 0.047208199943530274 0.05962953005422946
9 0.7889549401260583 0.6907599354917372 0.1468889525037788 0.135184041958086