0 0.11127087364826357 0.7741888517635938 0.13162573620994644 0.12702724672063964
0 0.06498000191371535 0.5592765027135334 0.1299600038274307 0.11690861827193721
0 0.19789164990822244 0.5400838466752111 0.12976170783841656 0.06296474672063965
0 0.11716918415224711 0.6790401260738532 0.10764266693047428 0.10704893939369349
0 0.1855936090667872 0.9557796884891822 0.10750627461060622 0.08844062302163565
0 0.1072473002121563 0.9124701017635937 0.07258570533113406 0.08180992198083885
8 0.18514291198241634 0.3328512008136541 0.09371655925034235 0.11099945499752559
9 0.26576007765924936 0.22440461499257683 0.10116534639736088 0.09890889077317437
9 0.01695886480626794 0.47466580732694635 0.03391772961253588 0.05870661465389269
9 0.02797057264468446 0.3837508802577248 0.05594114528936892 0.10187676051544958
0 0.8320416778840409 0.6617341123905851 0.08211381802583091 0.033945632066746965
0 0.743896820203909 0.652419988125754 0.08215928213245363 0.03550813206674715
0 0.44070465789228824 0.9346405093837958 0.07282974623907634 0.03657930913596843
0 0.6439566561764286 0.6182320166198851 0.09157974623907635 0.0375619549975255
0 0.33084392458533574 0.9187112149471484 0.019932066772189748 0.041607645861557074
0 0.3725540514657975 0.9373284181356517 0.06037521034569897 0.03748671189493038
1 0.5870678101747792 0.5565674983025193 0.08537521034569906 0.03879690637700648
8 0.9412993544479337 0.8059521811374919 0.07439224623907634 0.03666119629109836
0 0.6701998735817566 0.3347987189038772 0.11609166442319178 0.1293333751693421
0 0.454458864806268 0.24681296076327683 0.12560305674305994 0.13451219810012063