9 0.7874513331075438 0.1083194380389563 0.10977114767057934 0.07275582654882311
1 0.5666132106517352 0.15962738975712157 0.1178293091359686 0.07785276232447189
1 0.47723977216255287 0.24455898971169301 0.08172803482570909 0.07284435775648763
0 0.526935561965103 0.9018558333346863 0.25868668249628846 0.14912133197588986
0 0.4223653279076195 0.6969779828142881 0.18533106965141818 0.14683513568479184
5 0.26413890660414924 0.3266256184990798 0.08361143939369331 0.10878185775648763
5 0.21809050147033804 0.1646479189286211 0.0736632293077851 0.09735303482570909
5 0.16950915931768268 0.2591282592722542 0.05952548620519007 0.06544793758467105
5 0.02894611431520829 0.17611876469932106 0.045053550429541324 0.056898453188503326
9 0.2568199722988385 0.5108777877663851 0.06914614767057933 0.07062676051544958
5 0.2802286533247889 0.19800929556830127 0.09791960085908258 0.11420634215265535
5 0.3307786092268256 0.08083176164710335 0.07432497060135787 0.08024742198083885
0 0.17994761307201287 0.4167393634106971 0.12842597241038015 0.13138719810012062
8 0.023266002374849194 0.35226850689740496 0.04653200474969839 0.10171298620519006
5 0.12584769052534714 0.2894642124607575 0.0631418091359686 0.07498671189493056
1 0.20262495873117117 0.8760014987568046 0.05327548620519007 0.0651203889641522
1 0.15270684588630093 0.8770593877209567 0.04653416327441153 0.05541784034363317
1 0.13591109226825632 0.9745485413844298 0.051637743102595036 0.0338703889641522
1 0.060985171869297174 0.5756783514249095 0.05385534034363304 0.04645227611928178
1 0.32092565864031414 0.699956897897722 0.02876680913596861 0.0731851944820761
0 0.29795514812486457 0.7666054873368439 0.07070200361804461 0.10031426051544959
0 0.1672883242895749 0.8069549276350484 0.07161605042954129 0.058290534825708916
0 0.1027411454113311 0.8492929138402385 0.06890048620519007 0.0659392605154494
0 0.043658770636444064 0.879008069312734 0.08731754127288813 0.09521068068726635
0 0.09897433627536252 0.9211679138402384 0.0749048247398008 0.06157930913596843
0 0.03857018204606249 0.7357903358210772 0.0698831320667471 0.08468926051544959
0 0.09236356739216993 0.7797173982364062 0.06971935775648759 0.08156426051544959
0 0.02188002515899983 0.6223796110358479 0.04376005031799966 0.0604328889641522
0 0.12797792006027486 0.6204718730216355 0.05968926051544958 0.06857293758467105
0 0.1929544668717716 0.6591382253510563 0.0530298247398008 0.06043288896415202