8 0.766364961250822 0.6483466417892272 0.08404883068109044 0.1105900192218769
0 0.6710229998806874 0.9146090496365717 0.11982269867918127 0.09841092378986112
0 0.7564514225414148 0.9614121706798429 0.09774770401018137 0.07717565864031428
8 0.09613427725177648 0.6061858022385636 0.09509541868236293 0.12053822930778502
8 0.254261666534097 0.981844221505869 0.12867044000636332 0.03631155698826198
0 0.1453599285487327 0.8768977719354103 0.1269817653564535 0.17686347241038014
0 0.20038433056177754 0.7836291287873868 0.10741360534690844 0.10556832654882306
0 0.25741612790423163 0.7193895663720579 0.07638178134945388 0.12268058344622812
0 0.3195803205760951 0.6843428589996831 0.06849655601527208 0.11602114767057933
0 0.7517244899745466 0.22701055235010528 0.16409995735199914 0.1460162641334942
0 0.4941472526257291 0.32764355890882596 0.16428177068745348 0.1616412641334942
0 0.707327410606321 0.48187179273916686 0.13208634134309047 0.07875352103089917
8 0.3214835539863188 0.11769094753429377 0.07710903469127164 0.18518058344622812