0 0.0203125 0.25234375 0.040625 0.1421875
0 0.1390625 0.30625 0.0984375 0.07421875
8 0.07109375 0.02890625 0.03671875 0.0578125
9 0.52421875 0.54921875 0.03046875 0.059375
9 0.61328125 0.62578125 0.0453125 0.0515625
9 0.6609375 0.590625 0.0453125 0.06484375
9 0.59921875 0.75234375 0.03984375 0.0578125
9 0.625 0.7921875 0.0484375 0.078125
9 0.60625 0.528125 0.0421875 0.01640625
9 0.57421875 0.54609375 0.0484375 0.05390625
8 0.78515625 0.79140625 0.04140625 0.06640625
8 0.52421875 0.678125 0.03046875 0.0609375
8 0.6546875 0.96484375 0.03984375 0.06484375
9 0.72265625 0.53828125 0.04375 0.03671875
8 0.6046875 0.68828125 0.0453125 0.059375
8 0.6640625 0.65703125 0.0515625 0.06875
8 0.753125 0.56640625 0.06015625 0.0703125