1 0.4555356687221338 0.4269616784020819 0.11046588001272664 0.09820668973360754
1 0.45272029873486047 0.5205525109115959 0.08184998400699968 0.05487318380210837
1 0.6439896413908155 0.44947730144350617 0.08204997867599957 0.07206068380210837
1 0.5166260680299077 0.24125894174795479 0.09607721069381689 0.20382001977166347
1 0.9463992154280412 0.7358882812147322 0.060138616008908484 0.06804434585538673
1 0.8598451921148584 0.880728595929749 0.0663704346753633 0.06673651384016459
1 0.9546218901177219 0.9056741991995096 0.0818318026734545 0.05331068380210837
1 0.24025666140195137 0.5150187994291586 0.06786020934118149 0.06055018083635879
1 0.36017081409131396 0.6870131576418352 0.08186816534054513 0.05643568380210837
1 0.4971975520766783 0.5848351868050389 0.08192270934118148 0.06112318380210837
8 0.7791555294000424 0.5229214131162238 0.0891181386855445 0.1426278517868859
8 0.561279328095132 0.7233193666528146 0.12916133601209037 0.09428319368794007
8 0.41476357602640784 0.21133933699531937 0.07369313335454457 0.15917868182494202
8 0.19703008867759042 0.08845895802239613 0.11195565467854492 0.0920203567298018