0 0.9520502190284759 0.5630276967413244 0.09589956194304819 0.19274077792830405
0 0.85589020472627 0.48365005596814986 0.15230902936027135 0.20629866689245624
8 0.5821201814528582 0.9104394487774892 0.0836488413430903 0.0762150192218769
0 0.45559185475013253 0.6383453635222388 0.06299089600572697 0.04546298620519007
0 0.40746343742040503 0.6623693617132165 0.07923406134627217 0.09940685775648746
0 0.27069813940163323 0.5170048727944929 0.09138861600890866 0.07037445499752551
0 0.28242652741086005 0.5855468328804012 0.0786340773392725 0.04784435775648745
9 0.5582761240054088 0.06907746438132142 0.08215906667727228 0.0823831320667471
9 0.4509561620384982 0.3070544199446739 0.06008407200827239 0.06404921189493056
9 0.6979926046705908 0.0654688647654342 0.038172709341181485 0.05977779172311406
8 0.38816361867440874 0.07733926447217847 0.0806329293443632 0.08542624491161735
8 0.47418348201781735 0.15602086442674992 0.06980451734563572 0.0942280348257091
8 0.19007101666931805 0.029480539348264855 0.11920453333863609 0.04528592378986114