8 0.1203125 0.0125 0.08125 0.025
8 0.15625 0.3390625 0.078125 0.1
0 0.21640625 0.1546875 0.06875 0.0953125
8 0.4921875 0.334375 0.04453125 0.09140625
8 0.56796875 0.37109375 0.0484375 0.0359375
8 0.875 0.02890625 0.05546875 0.05703125
8 0.84453125 0.2796875 0.07265625 0.09296875
9 0.815625 0.2015625 0.0515625 0.06484375
9 0.9125 0.25390625 0.05 0.06640625
9 0.7546875 0.028125 0.06875 0.05546875
9 0.71953125 0.09375 0.04609375 0.071875
9 0.640625 0.1046875 0.046875 0.071875
9 0.52578125 0.1671875 0.06640625 0.0828125
9 0.978125 0.0453125 0.04296875 0.0625
9 0.5609375 0.04765625 0.04453125 0.05546875
9 0.6109375 0.06328125 0.0390625 0.05390625
0 0.990625 0.2578125 0.01875 0.11484375
0 0.9734375 0.19296875 0.05234375 0.134375
8 0.3984375 0.546875 0.0703125 0.0828125
8 0.45390625 0.57890625 0.03125 0.09296875
8 0.30390625 0.73515625 0.0671875 0.08984375
8 0.2859375 0.665625 0.0421875 0.06796875
8 0.34296875 0.5796875 0.04296875 0.0734375
8 0.21328125 0.728125 0.05 0.05546875
8 0.0921875 0.91953125 0.05703125 0.08046875
8 0.27265625 0.80390625 0.06875 0.0859375
8 0.14921875 0.9578125 0.05390625 0.075
0 0.27109375 0.5203125 0.05703125 0.06796875
0 0.15078125 0.8765625 0.09453125 0.10546875
0 0.15546875 0.80078125 0.1171875 0.15078125
0 0.2125 0.659375 0.12421875 0.14140625