9 0.10078125 0.115625 0.05234375 0.05625
0 0.39921875 0.08046875 0.05859375 0.06484375
0 0.58828125 0.12890625 0.03984375 0.0546875
0 0.24453125 0.1546875 0.0921875 0.0765625
8 0.2359375 0.24296875 0.06796875 0.084375
5 0.45546875 0.296875 0.05703125 0.0484375
5 0.56796875 0.2 0.065625 0.04453125
8 0.9015625 0.36796875 0.11640625 0.084375
8 0.6375 0.10390625 0.05859375 0.08125
8 0.74140625 0.41171875 0.10390625 0.075
8 0.96796875 0.2109375 0.0640625 0.06953125
0 0.59375 0.84921875 0.0296875 0.09296875
0 0.44296875 0.7265625 0.33125 0.33515625
0 0.24921875 0.8015625 0.20625 0.15625
1 0.59609375 0.95546875 0.02421875 0.05625
1 0.35546875 0.51328125 0.07265625 0.075
1 0.18984375 0.70390625 0.0828125 0.0765625
0 0.61875 0.65859375 0.02109375 0.0765625
0 0.8484375 0.6890625 0.0765625 0.0859375
0 0.8546875 0.79921875 0.06796875 0.08828125
8 0.928125 0.64375 0.065625 0.075