9 0.07798590328613854 0.7569881344023093 0.15597180657227708 0.13289873119538154
9 0.1476394965388695 0.9367916431777978 0.10087270401018134 0.07790970282385175
9 0.04741551392427621 0.5562439883215176 0.08528406667727224 0.08058006175762475
9 0.045755205959592773 0.6415366306413854 0.09151041191918555 0.09817673871722903
9 0.11777346725813982 0.5502918535234969 0.09329656134627214 0.09799488229073816
9 0.28024619525782163 0.547907336434738 0.24233404535327185 0.15387647241989288
9 0.15992569927595718 0.4178597867513072 0.13268632535009015 0.1272564849563052
9 0.29166385856941357 0.7076771415284452 0.1513454186823629 0.11998955423577744
9 0.04658081460854813 0.9266246844814514 0.09316162921709625 0.14675063103709718
9 0.26698038987909645 0.8825551210744742 0.14198860001590835 0.12127926959604132
9 0.41037585387496034 0.9088411732651874 0.17839881468808994 0.16294994404836274
9 0.27843496320023337 0.9720351582214928 0.19576703333863615 0.04474551332783534
9 0.4535644219048681 0.6873466064929977 0.09613066000954511 0.07308581050398359
0 0.2825755953214551 0.07924826464798337 0.11344542934436311 0.08452341567683304
0 0.3227636959739103 0.18273096582248233 0.07271134134309047 0.07396634890464338
0 0.15748468865372786 0.09069789317779786 0.13524770401018138 0.07890991316955058
9 0.8163007792409587 0.6564864337565357 0.05992044000636341 0.04860263605166182
8 0.5542831319223673 0.5555533857224575 0.04104317067154532 0.03711956677218957
8 0.8614854625636866 0.7332702426111666 0.05370680267345449 0.05154577962517113