8 0.8734375 0.7671875 0.12265625 0.1046875
8 0.34296875 0.74765625 0.08125 0.134375
8 0.04765625 0.7890625 0.0953125 0.13125
9 0.72109375 0.48984375 0.06640625 0.09765625
9 0.2734375 0.1890625 0.07421875 0.109375
9 0.4703125 0.35390625 0.0671875 0.0796875
0 0.503125 0.52578125 0.0625 0.07890625
0 0.5640625 0.52265625 0.07109375 0.11171875
0 0.5671875 0.34140625 0.11796875 0.12265625
0 0.58203125 0.953125 0.1609375 0.0890625
0 0.43671875 0.91953125 0.08203125 0.08984375
0 0.65703125 0.6203125 0.15703125 0.1328125
0 0.27265625 0.628125 0.11328125 0.17421875
0 0.36015625 0.409375 0.16953125 0.1421875