0 0.8243814450479029 0.15152614911679962 0.05442190637700648 0.08582985141192578
0 0.565689282000634 0.6372292830568904 0.07553998982323477 0.1613299565847754
0 0.39970243385508486 0.6787217642522719 0.11683337516934209 0.1157279515702104
0 0.6508432892367232 0.4412970059390018 0.08007700361804453 0.09905727711788863
0 0.5546267085040286 0.44643679849629664 0.054913229307785014 0.0952048514119257
0 0.3407656043655856 0.43393811315691533 0.1267616530976463 0.2158643438900784
0 0.21248903889803894 0.6787087070469937 0.06214587516934209 0.11413670783841656
0 0.8058926373822723 0.400122773489979 0.08007700361804453 0.09905727711788863
0 0.4334101277713339 0.45230401675955445 0.08632700361804453 0.0992391335443795
0 0.5457850542747286 0.2579198677757688 0.11939180913596843 0.07523934389007839
0 0.6999469318189199 0.2932172071135007 0.08245173111680745 0.14436977711788862