7 0.18671875 0.2421875 0.04453125 0.04765625
7 0.15 0.3078125 0.04765625 0.04609375
7 0.15546875 0.26640625 0.040625 0.04140625
7 0.2390625 0.20859375 0.05078125 0.04609375
7 0.2859375 0.23828125 0.040625 0.04453125
7 0.115625 0.21328125 0.03359375 0.034375
7 0.121875 0.34609375 0.0546875 0.0515625
7 0.271875 0.22109375 0.0375 0.03515625
7 0.3640625 0.21875 0.0546875 0.0484375
7 0.36640625 0.24921875 0.0546875 0.0515625
7 0.2984375 0.28515625 0.08359375 0.07265625
7 0.24375 0.2515625 0.06875 0.0609375
7 0.21015625 0.21796875 0.053125 0.0484375
7 0.18046875 0.378125 0.03359375 0.03359375
9 0.94296875 0.15078125 0.0609375 0.0671875
9 0.65 0.01640625 0.075 0.0328125
9 0.67734375 0.45 0.0796875 0.01953125
0 0.9265625 0.38671875 0.08828125 0.0734375
8 0.853125 0.42265625 0.1234375 0.0734375
0 0.98046875 0.04921875 0.0390625 0.0984375
1 0.45078125 0.615625 0.06015625 0.084375
0 0.21953125 0.85390625 0.04921875 0.06171875
0 0.14609375 0.7421875 0.0609375 0.05703125
9 0.215625 0.7265625 0.05078125 0.04921875
0 0.90234375 0.53125 0.084375 0.1078125
0 0.88203125 0.640625 0.05703125 0.0890625
0 0.80390625 0.484375 0.04765625 0.04921875
0 0.721875 0.65234375 0.0625 0.06640625
0 0.9109375 0.809375 0.0671875 0.08203125
0 0.72421875 0.86640625 0.03203125 0.04765625
8 0.8125 0.753125 0.071875 0.08203125
8 0.75234375 0.8 0.06640625 0.07734375
8 0.83828125 0.703125 0.0625 0.07734375
8 0.7625 0.6796875 0.034375 0.04765625