8 0.8204812870434643 0.16321294552890447 0.09368835779368574 0.11134629465362353
8 0.9229832027155407 0.03422412456692166 0.08149219468185862 0.062362763083592454
8 0.956045602673188 0.00824144386055064 0.07184417889684269 0.01648288772110128
8 0.8773312555440207 0.2432119876928664 0.10767526308359265 0.08413134727034208
0 0.6913728267883521 0.4549215743692776 0.049498742036904984 0.07451415258848364
0 0.684607616321478 0.5176035848926213 0.049407736775233246 0.07295165258848364
0 0.6486092031390636 0.49400646117274566 0.05086382096198285 0.09795165258848364
8 0.6040786821629633 0.5767958453453778 0.037742194681858444 0.05981461575678075
8 0.39117176059393083 0.04806941879702219 0.10353379465362353 0.09323333148532649
8 0.49896114476656306 0.017826723903402262 0.08332771046687384 0.035653447806804524
8 0.18298128704346445 0.20034309229101885 0.18576944198043535 0.1416245998305908
0 0.2734004316688531 0.07828681079157494 0.07551521046687401 0.06668624203690506
0 0.1076620396037132 0.12998436063628316 0.08572466837349917 0.05482327886860796
8 0.3505680033367076 0.718472924058694 0.07090330517696727 0.09444722099021767