8 0.9948229452081663 0.9256810516909019 0.010354109583667536 0.08241439371369381
8 0.6756652110331836 0.8745336588057777 0.10136367694751698 0.08278257485477489
0 0.8589901797835955 0.8229648124442688 0.09651253571381488 0.07318925103345748
8 0.6744889001588605 0.5388144826270953 0.09138865909060953 0.04797092721213971
8 0.636447383519769 0.46132302936010755 0.036782979707460584 0.050111315963434676
8 0.9723298547074606 0.17022941831629038 0.05534029058507883 0.0588698858558109
8 0.7230262171255588 0.18901784387580026 0.09500458279171564 0.07624147642635144
9 0.80165577759614 0.22156282423109314 0.06652502678536117 0.05461903349844599
9 0.7476210681812191 0.12224987489304691 0.06649775324641087 0.05305653349844599
9 0.9737159638791478 0.2905783056198433 0.0525680722417043 0.0713698858558109
9 0.911145600241586 0.3226780221213973 0.07269320616851012 0.050222631926869356
9 0.9015854139585782 0.40107484987165626 0.07269320616851012 0.050222631926869356
9 0.8410900190714281 0.513007615587422 0.0839579886359143 0.0694820541766104
9 0.9550693295453048 0.06634028494167887 0.06326365909060953 0.046660984284234285
9 0.9600076144450455 0.4834186230310201 0.057013659090609535 0.0463698858558109
9 0.9435098611986346 0.43269087695996156 0.053806838473758486 0.041536836641599
0 0.742351141233702 0.043942938375282264 0.11595228246740401 0.024135320925833446
0 0.8074949001621559 0.06415058457017535 0.13530230032431162 0.05938361621110373
8 0.46362531249588096 0.6226671360606987 0.08403980925276536 0.07416955417661039
8 0.4306258518631438 0.5657065066150285 0.09429547077900687 0.03561647642635144
8 0.27699411160237647 0.7084290459044429 0.0917977621748646 0.07140842721213972
8 0.34683900730030537 0.7296362659206534 0.06948638555165916 0.045389582712657625
8 0.43178102312861794 0.6766076193114756 0.07420115909060954 0.0471704065339754
8 0.28560722686149614 0.7993815316364192 0.057122753246410876 0.0526198858558109
8 0.09631467613014752 0.9115603922659516 0.08225912094116258 0.06159677956950453
8 0.2087895823813833 0.7364769631917851 0.08713753571381488 0.07275260339082212
8 0.05703794195846011 0.8527461643918581 0.07592730032431157 0.05661818114108108
0 0.4924106059203336 0.7512480543814982 0.06973184740221221 0.05945208271265763
0 0.13826066841950976 0.8549679439613627 0.10788641233702041 0.098698673283198
0 0.21396009780265873 0.853810012405997 0.15204551542127548 0.12417386228216216
0 0.35437086363097137 0.803364864349077 0.14280688311602718 0.13154971463952697