0 0.18163430264810362 0.8938277817817927 0.13194445916315986 0.11683743145709187
0 0.26969235255543633 0.7834447476515127 0.1198809687818068 0.12860938936371688
0 0.3700197347694215 0.7682454109045145 0.10305556733052797 0.09332433674699843
1 0.0910986489193901 0.45001613957547837 0.08230655771188107 0.07964126834526439
5 0.3118154645206375 0.06838118977312242 0.09200893992586626 0.0895622999152954
5 0.20455603602751665 0.10347579756680816 0.06624504809323425 0.0662312157285458
5 0.1881919368458233 0.19253059229101888 0.10607143992586625 0.09038134727034204
5 0.3179761844835706 0.028987155395787466 0.08332342068857254 0.05797431079157493
5 0.45966514356191246 0.23285467149844527 0.08312501324684404 0.1030787683452643
9 0.48056795372086436 0.006289984426745959 0.05448909255827132 0.012579968853491918
9 0.18429308821228413 0.4827915712443314 0.06473711179556507 0.06770271046687384
0 0.14933275645378594 0.5908616764777685 0.113263891832632 0.028427378840373052
0 0.641227557457427 0.860822234850269 0.11681053248413775 0.12998987884037305
0 0.4934001818668639 0.8296694873399305 0.03523315027015243 0.11588260523343692
0 0.6911779721555498 0.7253705822617853 0.11363096878180663 0.12824536831702957
0 0.6285266939325814 0.6440365532520029 0.10683533175849824 0.11225634727034191
0 0.8176263994675443 0.6096329192205452 0.14082838584218216 0.10332096302712265
0 0.8902379763319012 0.829946148244445 0.16430558057737202 0.19512903142885668
0 0.5648015660645835 0.1245955794897751 0.05672620435383653 0.10621917889684288
0 0.6344345089856747 0.07298060060704965 0.0533829495445131 0.09978716837349917
0 0.6186110684268362 0.28051237954624486 0.04971231252120454 0.08398015785015547
8 0.6129712259533828 0.014277518698200148 0.06468254809323426 0.028555037396400296
8 0.8403099975529293 0.11634565080469375 0.04313493030721958 0.07424113680346807
8 0.6702206976455966 0.23150646117274568 0.04771330290255769 0.07138915258848363
9 0.8647990768643566 0.1741735613562723 0.05930556733052796 0.09077618942018657