0 0.8440833736482636 0.7369319270575405 0.13162573620994636 0.12478672359113005
0 0.9111812600956368 0.5230851926666371 0.1469324874635877 0.11439486061443879
0 0.7713291499082224 0.501433425876414 0.1297617078384164 0.060724223591130055
0 0.8437316841522471 0.6417285544622022 0.10764266693047446 0.10521826805616748
0 0.7590311090667872 0.9240896758764141 0.10750627461060631 0.10053076805616712
0 0.8400598002121562 0.8752131770575404 0.07258570533113406 0.08058036660488846
8 0.7960804119824164 0.2945286614484438 0.09371655925034225 0.10941469473518968
9 0.7220100776592494 0.18472956471382118 0.10116534639736088 0.09718751324684397
9 0.9627868756933277 0.43933518604321514 0.048511707838416386 0.057886911069925696
9 0.9560715259307544 0.34825631825720027 0.06848923871722903 0.10072917549789598
0 0.13204167788404095 0.6119493845762378 0.08211381802583095 0.03252481252120454
0 0.220459320203909 0.6041790353945444 0.08215928213245363 0.03408731252120454
0 0.5063296578922882 0.891550027505178 0.07282974623907634 0.03532243030721958
0 0.3220816561764286 0.5717534265942043 0.09157974623907635 0.0359771947351895
0 0.6167814245853357 0.8775470364908529 0.019977530878812287 0.042842264427970275
0 0.5741165514657975 0.8954265064537861 0.06042067445232178 0.03801092068857272
1 0.38238031017477914 0.5111135377567972 0.08537521034569906 0.037321439925866076
8 0.025966488783735912 0.7541865029952248 0.051932977567471825 0.03537699400955034
0 0.31238737358175656 0.2880059091710091 0.11609166442319178 0.12736608656782167
0 0.532583864806268 0.20383177269585478 0.12560305674305994 0.1323809687818068