0 0.16133558387184022 0.07789184310642557 0.09447865824437507 0.10165675843752049
8 0.6848750013311802 0.4241566524627691 0.04960126291777769 0.05169147477225664
0 0.7681804234432636 0.29947162179273007 0.045059233282499986 0.05777778366526398
9 0.8269001535916317 0.3590896692529921 0.06373649810013901 0.05530754809323426
9 0.4869363023367014 0.015711774278285195 0.046403527735416714 0.03142354855657039
9 0.543020688545243 0.11296123603536587 0.04818423328249999 0.057886911069925696
1 0.6851900047496526 0.108777189123258 0.03401263050895835 0.05270833774894799
8 0.7493979751143749 0.1002900773276929 0.04705814437666689 0.07658234736759484
8 0.48660180870187464 0.3904885245099533 0.04662173328249999 0.05783234736759475
8 0.7441259808139581 0.25971964103002376 0.04647626291777769 0.05158234736759475
8 0.379812173727604 0.11553814292894034 0.06871493882958343 0.06797123920022682
8 0.5613719514630208 0.062361035309726476 0.06388196846486113 0.061557548093234216
8 0.5987374795796871 0.43575140609096624 0.042116071238402775 0.06548115626060227
8 0.48198573746347184 0.454660151914615 0.06021145459715278 0.03801092068857255
8 0.8203968868741317 0.3031124877646464 0.04186149810013902 0.05454365626060227
8 0.8331560324850693 0.05677320110415757 0.047966027735416715 0.048511911069925674
8 0.6649489335112498 0.17349445355122825 0.04200696846486114 0.06079365626060227
8 0.2717158122172564 0.7016517469199571 0.0625376740119445 0.07087798439090331
8 0.24768281943545095 0.4932861754130779 0.04436824905006951 0.028090283665263983
8 0.27760540235736064 0.5492261513664608 0.04182513050895835 0.05298115626060227
8 0.7503889389264925 0.527251881411377 0.06806032218833344 0.03984623920022692
8 0.838052593086805 0.5171650640808491 0.05428876291777769 0.051855165879248946
8 0.7143033557202425 0.6690227191603249 0.06039329255305557 0.04582342068857255
8 0.6728977589306245 0.636902189123258 0.03212282218833344 0.03859127404661713
8 0.7034223667381593 0.5663615106301372 0.033758057370694414 0.041770837748947895
8 0.6183362390789925 0.700476105002507 0.05054551386770836 0.02518353847458741
8 0.556251200325659 0.852522243839914 0.047893292553055744 0.04538691106992587
8 0.7053089090068744 0.7200767876719791 0.06344555737069442 0.04280754809323426
8 0.6272540313477076 0.8539458453838602 0.04774782218833344 0.039136911069925874
0 0.6091093222852425 0.560287614621154 0.053852351823611144 0.03310516587924894
0 0.6026001766743049 0.8064086464723192 0.09476829255305556 0.04702382213985139
0 0.5817616530229508 0.7626412883049513 0.10792290919430556 0.07558533175849824
0 0.595063046449687 0.6606968423886354 0.12020470364722229 0.06664684137714509