8 0.0734375 0.6442358434660247 0.0875 0.10095037799792798
8 0.29140625 0.9036150357747577 0.109375 0.09571922249741008
8 0.13359375 0.9578402710924493 0.065625 0.0561815334984459
1 0.33671875 0.7108795721686878 0.025 0.04803939371369381
1 0.1921875 0.7699549733259795 0.025 0.03241439371369381
1 0.1515625 0.7835658631107318 0.0375 0.03299659057054072
1 0.315625 0.5134245293646168 0.040625 0.017517139784752268
8 0.6859375 0.5508644474805285 0.115625 0.12413532092583353
0 0.6453125 0.8636940872652807 0.1640625 0.22014133374611475
0 0.5 0.7188996257261256 0.0890625 0.14633565260503384
0 0.04296875 0.31518619830458894 0.084375 0.12892982878371625
0 0.1421875 0.33869001075336697 0.075 0.09099318114108117
0 0.21015625 0.2230243153442622 0.0921875 0.05116870181924558
0 0.21484375 0.2860872415229446 0.0609375 0.06221320967712849
0 0.04375 0.04204195078578828 0.075 0.08408390157157657
0 0.57578125 0.24974505728149152 0.08125 0.11628427956950453
0 0.8046875 0.23908357734048344 0.0828125 0.0882320541766104
0 0.9609375 0.3349311166298977 0.078125 0.0755137303552929