0 0.16611607332097772 0.021776608353220886 0.1447321466419554 0.03482026385373888
0 0.3185788744094368 0.05461699524248905 0.13008929328391083 0.062217517782680296
0 0.045379476586355064 0.09337116439185815 0.08617560217691825 0.05549232878371631
0 0.2674057879264332 0.2643879474760194 0.08699405771188111 0.07892982878371627
8 0.45413940689357446 0.18416756223938108 0.10919643992586625 0.08932367328319835
8 0.4972024153310949 0.27821081472058046 0.10272818511654283 0.08278257485477489
8 0.39153771397248327 0.13367310256225262 0.1056349303072194 0.07667812406898662
8 0.325171158707673 0.22105963254604197 0.0668799651536097 0.03899403349844599
8 0.3252183541606528 0.7584675872607717 0.10708830290255769 0.0736258986760923
0 0.16062014082114165 0.7578211162111037 0.08935516587924908 0.05720037799792799
7 0.9570324946001133 0.20309542224523183 0.08593501079977343 0.186887877997928
0 0.8809821598887992 0.167389054586386 0.14584824645662095 0.24546666542531542
9 0.5769395668671917 0.6407151228261323 0.03408731252120454 0.08270549214211727