0 0.061360247157402556 0.22159319886853185 0.10424642619541977 0.12712610226293633
1 0.2810537229857691 0.7329887202403583 0.050060184158514695 0.05496021077238851
5 0.2580389701431717 0.9550727984991895 0.06577618942018652 0.05661361436318444
5 0.07754783333970354 0.915484099434266 0.05171368942018657 0.05653180113146803
5 0.4537910858999522 0.988320593973317 0.04796706314006229 0.019022710772388506
9 0.35559099140162054 0.7380256781840765 0.03710515785015547 0.04707498789975162
0 0.6319890785015547 0.465232031036188 0.05520271046687384 0.06279998184962743
0 0.6408488680346808 0.402659308163551 0.05640118942018653 0.05655907220870695
0 0.5891498601421731 0.40061554001317834 0.05353379465362344 0.08778180113146802
8 0.5555267470868154 0.2929621212970717 0.04197466837349921 0.05022725897699045
9 0.5870230019249643 0.7398053050402931 0.08680132096198286 0.09578519867214012
9 0.6636743201149368 0.9824104406771085 0.06726309471009326 0.028506795081344193
9 0.7802801782615584 0.7167985553348807 0.06319722099021767 0.06597043364502539
9 0.6308192335796999 0.6598360039088249 0.07810958944842135 0.027007927594901206