8 0.34375 0.48046875 0.1 0.103125
8 0.2875 0.515625 0.08828125 0.10078125
1 0.453125 0.14140625 0.05234375 0.06640625
9 0.41171875 0.19375 0.025 0.07265625
9 0.3765625 0.64453125 0.0453125 0.0515625
8 0.27109375 0.7921875 0.0734375 0.0765625
1 0.7671875 0.8375 0.06875 0.04140625
1 0.6359375 0.76171875 0.04609375 0.028125
1 0.75390625 0.75234375 0.028125 0.021875
1 0.703125 0.78671875 0.10546875 0.04609375
1 0.71015625 0.75390625 0.05078125 0.03828125
1 0.50859375 0.765625 0.053125 0.0328125
1 0.6046875 0.6390625 0.04375 0.025
1 0.684375 0.84765625 0.0453125 0.0296875
1 0.79921875 0.7078125 0.04609375 0.0296875
1 0.6109375 0.79609375 0.04609375 0.04609375
1 0.56015625 0.7609375 0.03828125 0.025
8 0.51953125 0.90390625 0.06015625 0.04609375
8 0.6515625 0.959375 0.04375 0.03125
8 0.49140625 0.84609375 0.06328125 0.028125
8 0.81640625 0.7640625 0.0578125 0.03515625
0 0.665625 0.88828125 0.071875 0.03515625