0 0.1911544480426344 0.3129716569104459 0.09169769867918123 0.09271474082661779
8 0.31959762137967973 0.33956999746591726 0.09418635200509069 0.03804542154477701
0 0.7616418600811327 0.5932656065645446 0.05545111600890866 0.06594316256778665
0 0.8219253794159507 0.6038531277399793 0.05076361600890848 0.06591589149054773
0 0.8156657414067239 0.535916193996758 0.07881589067472702 0.05982951795398091
8 0.909669732733906 0.4900537272724412 0.042769302673454135 0.05024543969514959
0 0.3024833940563156 0.4131120365953328 0.12939769334818116 0.11012040944452864
0 0.4138577934038604 0.5171586662802198 0.156651084022908 0.1696499455488821
0 0.35027074478831255 0.8941165969001832 0.17273061736154416 0.2088033491396782
0 0.11873948146081233 0.9384352652235064 0.1139181440165447 0.12252950585373235
0 0.5457066827259518 0.4335734857584523 0.16429995202099903 0.15563289734428026