0 0.43046875 0.14140625 0.0265625 0.0640625
0 0.421875 0.2171875 0.03125 0.0625
0 0.00390625 0.3078125 0.00703125 0.05390625
0 0.4421875 0.315625 0.03125 0.0703125
8 0.7515625 0.2296875 0.05625 0.10234375
0 0.4265625 0.8078125 0.07890625 0.15625
9 0.25625 0.8078125 0.0421875 0.071875
9 0.3609375 0.9375 0.04375 0.08203125
9 0.36328125 0.77265625 0.04375 0.08046875
8 0.0765625 0.9859375 0.0546875 0.028125
8 0.0140625 0.9578125 0.028125 0.06796875
5 0.01328125 0.4859375 0.0265625 0.07421875
8 0.65546875 0.8109375 0.07890625 0.0921875
8 0.8078125 0.7578125 0.0703125 0.06015625
9 0.53984375 0.56484375 0.05078125 0.08203125