8 0.2655008005649592 0.7556012622521877 0.12478291868236298 0.11849803970326409
8 0.43506841323205003 0.7564221458952781 0.09473179201145392 0.08655705547083344
8 0.43212413188259635 0.8751357783040976 0.11211928668045382 0.10414459897381931
8 0.32738263522441413 0.8101809658994099 0.10248974801081764 0.08205139342673604
9 0.16983212253346064 0.9829410929898958 0.07231135200509069 0.03411781402020821
8 0.4491838152053241 0.9536790056026738 0.06940452800763594 0.057850174011944235
8 0.5573519458943685 0.791308251802952 0.06806020401018138 0.07656380642076392
0 0.8749212538988228 0.7658783728126048 0.19031701201463563 0.11221297853284735
8 0.7888730238701878 0.973790177430417 0.06311816534054504 0.05241964513916599
8 0.42808644796309264 0.28191245516583374 0.18946358402290803 0.17311411094166687
8 0.26141875799650016 0.031872821522743275 0.13966248400699968 0.05479921561506956
0 0.07971838924254963 0.6707865851061111 0.13175907733927245 0.046804877659166876
0 0.4512806893300456 0.034728983851180936 0.12868862133990877 0.05141964247680567
0 0.2217609859166402 0.6193903521079516 0.09800224267981754 0.09912979065319441
9 0.7799847552912291 0.32839459697704926 0.09949201734563573 0.09291615824437507
9 0.6808750932925018 0.31671025493708393 0.06627952800763595 0.05777743882958344
9 0.6903313619510023 0.3771028942797575 0.05354317067154533 0.037173998100138925
9 0.7226893286123661 0.41692911369454927 0.03797271467218159 0.04149782218833344
9 0.7672387599459116 0.4164030900431951 0.06308180267345431 0.05145470364722229
9 0.8397495592775481 0.43059418303309105 0.05061816534054486 0.05428876291777769
9 0.967436565245095 0.6726933768966675 0.05098179201145392 0.08553876291777787
9 0.8237320185789587 0.6654413085080563 0.058467028007635945 0.05759560087368065
9 0.7276019059118678 0.666329701650452 0.05530566534054522 0.054397865691319325
9 0.8464915499681833 0.2541407858066327 0.07269316000954511 0.07198540919430556
9 0.7988267566438647 0.1866071404800354 0.08530224801081765 0.08165134992375007