8 0.28660114575158735 0.6413276359242012 0.07652905925034226 0.10795927678548622
0 0.3828480084462842 0.6874921614754163 0.10169419530200426 0.16787979065319442
0 0.7760918915949523 0.7493849109067354 0.09458037727617316 0.1380468202884723
0 0.5964391470052286 0.6450461690748606 0.08907452335696497 0.10981271751493064
0 0.5158293076674967 0.49077820279420087 0.06284699247815269 0.06704333605604162
9 0.16682848416488238 0.16943706497013875 0.0813074874635877 0.11119337955902786
9 0.3371396695042638 0.3801712771667358 0.07616534639736088 0.09545927678548613
0 0.3542315442731545 0.22206783643729136 0.07294941818411545 0.09226154160312508
0 0.3033055417658721 0.20139296694624975 0.08792120031656907 0.12383884992375008
0 0.254364273423472 0.3539919432948956 0.13092705423577744 0.15294577488562505
0 0.2520960459225072 0.08625375679168396 0.16602947994174028 0.1725075135833679
0 0.4209380079840658 0.37119436103857606 0.14112040815498564 0.18128898043270852
8 0.7085613430986556 0.1724425108304855 0.13151808762187223 0.17325827488562512
8 0.5608094678675464 0.025358450228749784 0.11275606426490725 0.05071690045749957
0 0.5998599445105814 0.12500642600871475 0.10422816191590947 0.14764002583555563