8 0.01943600128689473 0.5348309183207995 0.03887200257378946 0.08997433664159918
0 0.029497659904098795 0.8003296397847522 0.05899531980819759 0.07097177956950454
1 0.1429060038939377 0.9718247271502225 0.07994356426490726 0.056350545699555
0 0.9021375660472739 0.7750410427995618 0.07704588479802084 0.07380568114108108
0 0.6735495647936327 0.7534420628585536 0.06436402837152996 0.06697348428423418
0 0.5871921791376822 0.6563251602535198 0.06569920783841639 0.059233758891340214
7 0.5027824237274059 0.7611346306840152 0.055489133544379496 0.08372433664159917
7 0.821562201307513 0.9994629224546288 0.06970474623907634 0.001074155090742579
7 0.4482780948145152 0.5372026710068868 0.029170674452321778 0.037247442927905536
0 0.10709211982083286 0.2717551836222805 0.034767456584775314 0.06871576674922295
0 0.23788513024567415 0.21291533870851378 0.04579588479802066 0.07235018899896399
0 0.06616324294037103 0.2534204065339753 0.02627299498543507 0.044914393713693726
0 0.22622386770926184 0.1028489799410081 0.048329851411925875 0.05218323821317572
0 0.14768602758010713 0.24782968610347988 0.043625631037096956 0.10501713978475227
1 0.29237039027480394 0.3030716118678775 0.03325042069139794 0.07020549214211709
1 0.23839228094531945 0.43746157444049005 0.02663670783841656 0.05741439371369381
1 0.2012332617449895 0.42399623386994956 0.03141513605166191 0.060757717535011226
9 0.170025343494367 0.04468756947809138 0.026363923198680438 0.04803939371369372
9 0.0946482926238019 0.3767872859796454 0.029307066772189704 0.04193494292790545
0 0.15453307264468447 0.17382925992479745 0.06092077962517113 0.05589043507002258
1 0.6088879520324287 0.23332430789615488 0.32753659593514256 0.42407547063538314
1 0.8068768226446845 0.20421265839149294 0.10967183135366625 0.22980312406898662
1 0.910183679071175 0.20276578246047952 0.11388796991261074 0.26744867328319827