8 0.00859375 0.0828125 0.0171875 0.075
8 0.384375 0.54375 0.05234375 0.0515625
8 0.7796875 0.16640625 0.04375 0.0765625
8 0.9125 0.19296875 0.05625 0.0515625
8 0.96484375 0.259375 0.046875 0.06015625
8 0.91875 0.30234375 0.06328125 0.08671875
8 0.97890625 0.34609375 0.0421875 0.0765625
8 0.84375 0.228125 0.0546875 0.05859375
8 0.87890625 0.27578125 0.03046875 0.053125
8 0.8078125 0.31328125 0.07265625 0.05859375
0 0.7171875 0.43203125 0.0546875 0.06640625
8 0.10703125 0.71953125 0.1625 0.19375
4 0.22265625 0.92734375 0.0859375 0.1234375
4 0.046875 0.80390625 0.0671875 0.11328125
0 0.05 0.59375 0.078125 0.0484375
9 0.834375 0.78828125 0.04375 0.075