8 0.4359375 0.43828125 0.1421875 0.1234375
9 0.3578125 0.13984375 0.08671875 0.1140625
0 0.14140625 0.08828125 0.078125 0.0953125
0 0.2 0.109375 0.09296875 0.12734375
0 0.115625 0.46640625 0.17421875 0.0671875
0 0.0171875 0.41875 0.03359375 0.11171875
0 0.265625 0.23359375 0.18125 0.18046875
8 0.39765625 0.8171875 0.2 0.29765625
0 0.8109375 0.7859375 0.0671875 0.075
0 0.70703125 0.81328125 0.0828125 0.06328125
0 0.93359375 0.8109375 0.05703125 0.06875
8 0.92265625 0.5859375 0.06484375 0.0671875
8 0.94140625 0.66015625 0.0390625 0.05703125
8 0.86484375 0.61484375 0.078125 0.08828125
8 0.98125 0.6328125 0.0375 0.05859375