0 0.7047519211519087 0.43017782790761955 0.1675198606144388 0.15226626413349428
9 0.42532731597976553 0.45963843509828023 0.08721231252120454 0.08567190637700647
8 0.9516021285009699 0.35095623812981336 0.055198420688572725 0.06215916327441153
8 0.5155877282308176 0.48766053652318975 0.09226191106992551 0.05162445499752551
8 0.5071849843060854 0.236998795229617 0.08748513103285874 0.09348440637700665
9 0.45039422633190107 0.8583725062200365 0.09696925843752044 0.09710072930778538
9 0.44197658032291776 0.7644554098835096 0.061502984390903494 0.06404921189493056
9 0.5049850118112635 0.7689514801007545 0.03924603847458741 0.05196529172311415
9 0.5445187377646464 0.798072414067381 0.04495040145127884 0.03666784034363317
9 0.5422369859505479 0.8410821076449458 0.05363592068857255 0.06207727611928178
9 0.5538986830479902 0.9090951232487783 0.056324411069925695 0.049741050429541286
8 0.38633424864923765 0.5490218396662645 0.07405754809323425 0.06626680913596861
9 0.8005653519224643 0.8797916463158423 0.059667665879248946 0.0561548247398008
9 0.8045658603599847 0.7875632027382775 0.05654266587924894 0.05599105042954129
9 0.9196972978387802 0.8626307225259812 0.05665179328391083 0.05911605042954129
9 0.3715946145363359 0.9264474768213944 0.07109623920022674 0.07079053482570927
0 0.07163440862285494 0.11477847297620705 0.0919742235911302 0.13271068068726607
5 0.041190434715238686 0.7191317803031534 0.08238086943047737 0.21634205223856373
5 0.17784962605389934 0.5568287748760865 0.16133929328391078 0.06460248982323477
5 0.1700618855877282 0.8691650005658268 0.20983633538669527 0.20283283016686796
5 0.21867303349562794 0.593680321687583 0.11697422359113015 0.13402087516934208