9 0.28780923062013974 0.9453961018741441 0.029979747150208347 0.0805058539192082
9 0.10775870791871608 0.9686159561890639 0.04978310087368061 0.05922188730530316
9 0.1374416354460423 0.7324367637900535 0.0437876740119445 0.06997753087881246
9 0.11220393968260471 0.6557749753893937 0.03612064437666671 0.07600021034569907
8 0.23253984916125078 0.921987345605938 0.0453501740119445 0.070022994985435
8 0.1591744311332299 0.8936326765638928 0.0547251740119445 0.07029577962517095
8 0.06662390843180632 0.9143065409079423 0.040626306420763945 0.06832410266556721
0 0.23822353865642426 0.7631208109662019 0.05196384992375007 0.08582985141192587
8 0.07018913269315989 0.1941842575218474 0.024347996200277854 0.1068864974927175
0 0.12155683662472261 0.4530220484297896 0.03775587955902786 0.07917067445232177
0 0.09962859165871571 0.5185477600291298 0.029652438829583395 0.06644335391920819
8 0.6568552909375349 0.27561818164496465 0.07205814437666672 0.07704588479802066
0 0.5485700122521877 0.2584427050019297 0.09030030452090294 0.1228584899708701