8 0.16184640855602717 0.6906028969421178 0.07864021046687393 0.06424564437666672
8 0.15397372439751245 0.7453994997156596 0.08801521046687397 0.06446384992375016
8 0.013906521399623242 0.7655879791984375 0.027813042799246485 0.07507404160312507
8 0.0023119923545473187 0.5597380227014236 0.004623984709094637 0.07267508700597229
8 0.09493890059293222 0.6203826223408332 0.10015118942018657 0.05850479065319458
9 0.035986855268730564 0.03898911160725692 0.07197371053746113 0.057922909194305615
4 0.4721901872834608 0.45244305461781203 0.26477367349399666 0.20589154977125013
4 0.8091371794615402 0.5210592359448605 0.2249075366905288 0.16439372758291687
9 0.655981358358383 0.47157099506291617 0.09637374203690499 0.07402068787965277
8 0.9040295344126286 0.19117040777260338 0.07057010523343692 0.0328501740119445
8 0.9766402817817926 0.1902605647827075 0.023331084186749607 0.025509146276527783
8 0.39532312137138836 0.3255006545415622 0.09924113680346806 0.04287979065319458
8 0.5157020527578928 0.12062935695451345 0.08141659997176517 0.03154224715020839
8 0.7148004344408634 0.22522201871427022 0.19408319994353035 0.06381184612402793
9 0.6119161710749224 0.012885072711753232 0.08619510523343692 0.025770145423506464
9 0.8479923660391293 0.24240690587274233 0.1103606473268119 0.04625936379145843
1 0.8626911738469325 0.150782450325659 0.06377407366340578 0.02332970364722229
0 0.5471663424321932 0.33054856440145786 0.20512711575678075 0.03910278685347244
0 0.4500330081748564 0.2836573402370135 0.1379242052052021 0.06406511284152785
0 0.6166121053746113 0.10267683111895783 0.19444722099021766 0.07006184612402792