8 0.15261027722321835 0.5173402289691008 0.08188135277546911 0.09628185775648763
8 0.26071064281308765 0.2689702487568046 0.05586268083635879 0.06997166327441154
8 0.35562123619701663 0.31175421302658435 0.0430443458553869 0.06150406603337348
8 0.4518648834215474 0.21432593509828024 0.0498036818249421 0.07433161465389251
8 0.3891659066532521 0.3280033327688595 0.06606535178688588 0.09077548620519008
4 0.8409393122807399 0.2518713642036666 0.09871602570316255 0.1267882293077851
4 0.7079544214448187 0.004803189168580413 0.08303267589344294 0.009606378337160826
4 0.6100792900376186 0.15827625169748066 0.13764587452429886 0.2021091338757694
8 0.6961308310638203 0.34871314394099306 0.12110036167271758 0.1404346494796016
9 0.33783810037837325 0.8552485854823931 0.0767136917107738 0.12251680913596844
9 0.8646340692380032 0.6796688155831476 0.09559102570316255 0.12662445499752567
9 0.6836227856633563 0.9255965485089774 0.09081068380210837 0.08583568068726635
0 0.6552537520515285 0.7673679686807939 0.08538835475263547 0.10582063206674715
0 0.7119202461200294 0.736213143940993 0.10404019566510633 0.14265889077317445
0 0.7743459447508854 0.884827706356322 0.1515518656270503 0.1607405054270668
0 0.7641446379073529 0.6152555127787571 0.19118736859280006 0.1768501843053107
0 0.595885363724246 0.9051412856186787 0.14284802768032884 0.13845606965141818