8 0.2078125 0.265625 0.14375 0.16640625
8 0.7671875 0.021875 0.078125 0.04375
8 0.9734375 0.22421875 0.053125 0.07109375
8 0.953125 0.4140625 0.06484375 0.06484375
8 0.6984375 0.15625 0.03984375 0.08828125
8 0.73203125 0.40546875 0.08828125 0.0796875
8 0.9765625 0.0421875 0.046875 0.0546875
8 0.92265625 0.03671875 0.05 0.07265625
8 0.228125 0.84609375 0.08203125 0.06484375
8 0.44453125 0.88203125 0.121875 0.0421875
8 0.45859375 0.8109375 0.071875 0.0359375
8 0.37421875 0.975 0.1171875 0.04921875
8 0.23984375 0.69453125 0.05703125 0.0390625
8 0.4640625 0.55078125 0.08515625 0.04453125
9 0.32578125 0.71640625 0.0671875 0.02578125
9 0.32734375 0.6875 0.0515625 0.02734375
9 0.35078125 0.6703125 0.046875 0.0234375
8 0.24140625 0.79375 0.053125 0.02890625
8 0.18046875 0.77578125 0.08515625 0.040625
8 0.2328125 0.6546875 0.10703125 0.05078125
8 0.30546875 0.78984375 0.05390625 0.03203125
8 0.50625 0.840625 0.06875 0.03359375
8 0.54609375 0.78046875 0.096875 0.04453125
8 0.490625 0.925 0.08828125 0.040625
8 0.315625 0.63671875 0.05390625 0.03203125
8 0.4109375 0.74453125 0.071875 0.04921875
8 0.07734375 0.7640625 0.071875 0.05078125
8 0.31953125 0.85859375 0.0671875 0.03046875
8 0.15546875 0.68984375 0.05703125 0.02890625
0 0.7609375 0.5328125 0.10234375 0.04765625
8 0.79765625 0.83515625 0.06015625 0.078125
8 0.7421875 0.7828125 0.04140625 0.059375