8 0.14885322055215347 0.8166408661242306 0.10766833605604172 0.06650582654882306
9 0.283517201650452 0.7211944900503774 0.08234102773541671 0.05113313206674697
0 0.30684821171843824 0.8498174570336905 0.16057513050895836 0.059914989823234774
0 0.3856810733256951 0.8089224621220733 0.08553876291777787 0.05442190637700648
0 0.4379878025241326 0.7709820488476616 0.11627961664125 0.034184649479601606
0 0.4605161127446187 0.7306912415207153 0.1070500870059723 0.039943326548823065
0 0.1859746268966675 0.9664427922889409 0.10087282218833335 0.04274077792830404
9 0.17257382275701424 0.4242962358665058 0.04811149810013893 0.05558161465389251
9 0.17366027801975714 0.23572838082355166 0.07027743882958344 0.06922803482570909
9 0.20027536977538207 0.13577596845365125 0.050945557370694505 0.04324538896415202
9 0.2645008707253126 0.10581515151576655 0.04160692496187508 0.04431656603337357
9 0.2025321200597225 0.3335550491863459 0.04476829255305557 0.046042840343633
4 0.23643238174322936 0.2105369510407967 0.06431837955902786 0.08140048620519007
1 0.3457177691860419 0.2681679873368438 0.0738024823325695 0.0865793091359686
1 0.2721900034184725 0.30174512720550706 0.048802482332569494 0.0852691146538925
1 0.0859245418874655 0.26379250508838264 0.044986498100138925 0.05541784034363308
9 0.23395938554295145 0.10428695104079673 0.04476829255305557 0.04604284034363304
9 0.4239018930454865 0.5018602346233104 0.05316267401194459 0.07145227611928177
9 0.8698540919430562 0.6740396132991554 0.17729115824437508 0.10760886137453234
9 0.6997591442797575 0.6587056196307335 0.1422251740119446 0.0761198439616777
5 0.7040706634657994 0.944765950363428 0.09778418977951375 0.04413950361804453
0 0.6695182918874656 0.23320765264742035 0.02630923328249999 0.057560194482076096
0 0.6342529391139238 0.23036261363783977 0.052254790653194584 0.09949538896415203
0 0.6906652868534724 0.16717653889803893 0.057631968464861315 0.06232293758467104
0 0.7172290932742363 0.23305384441596289 0.049528527735416716 0.049413501809022264
8 0.9582379126127781 0.3377535532586758 0.056251306420763925 0.07005355042954128
8 0.7615798117390975 0.2901769476498947 0.024710365691319503 0.05591580732694625
8 0.8191754126127782 0.34504151006522366 0.049528527735416716 0.049413501809022264
9 0.9008962316669795 0.26019179726578195 0.04160692496187508 0.044316566033373486
9 0.8335814450978475 0.2582441949363613 0.048438806420763925 0.0696441146538925