8 0.13828125 0.03125 0.10234375 0.0625
0 0.25546875 0.02421875 0.0890625 0.0484375
9 0.66015625 0.146875 0.071875 0.0671875
9 0.63203125 0.20625 0.06015625 0.065625
9 0.7375 0.1890625 0.10859375 0.0765625
8 0.75234375 0.3 0.19453125 0.11953125
0 0.41953125 0.59609375 0.1375 0.15625
0 0.721875 0.76328125 0.1140625 0.06875
0 0.775 0.8171875 0.09375 0.078125
0 0.88046875 0.8078125 0.06328125 0.05234375
9 0.88203125 0.87578125 0.07890625 0.0640625
9 0.81015625 0.72890625 0.04375 0.03984375
9 0.759375 0.69765625 0.05546875 0.04453125
1 0.65859375 0.9359375 0.06015625 0.0640625
1 0.6484375 0.8609375 0.0515625 0.04921875
1 0.70703125 0.90078125 0.065625 0.0546875
1 0.76484375 0.909375 0.0453125 0.03828125
1 0.70703125 0.9859375 0.03671875 0.02734375
1 0.6546875 0.99453125 0.04375 0.0109375
1 0.659375 0.73046875 0.05546875 0.04921875
6 0.96953125 0.846875 0.06015625 0.0640625
8 0.559375 0.621875 0.075 0.0609375
1 0.76484375 0.99296875 0.03203125 0.0140625
1 0.7859375 0.92890625 0.03046875 0.02890625
1 0.81171875 0.97265625 0.03515625 0.03359375
1 0.8265625 0.89609375 0.03359375 0.03046875
1 0.653125 0.81953125 0.03984375 0.03359375
1 0.69296875 0.82578125 0.0671875 0.05390625
1 0.68203125 0.865625 0.03359375 0.03203125
1 0.80390625 0.8578125 0.03671875 0.03046875