7 0.28046875 0.19765625 0.05625 0.03203125
7 0.1875 0.16875 0.06328125 0.03046875
7 0.22421875 0.19453125 0.0515625 0.02734375
7 0.3703125 0.19921875 0.0671875 0.02734375
7 0.409375 0.15859375 0.0515625 0.03046875
7 0.21015625 0.24609375 0.04375 0.02265625
7 0.12421875 0.1546875 0.0734375 0.03203125
7 0.40390625 0.1765625 0.0515625 0.02265625
7 0.5234375 0.13984375 0.0734375 0.03046875
7 0.50546875 0.11875 0.0734375 0.03203125
7 0.39296875 0.12265625 0.11484375 0.04375
7 0.34765625 0.16796875 0.09296875 0.0375
7 0.3265625 0.20390625 0.06953125 0.03046875
7 0.17734375 0.1078125 0.04375 0.02265625
9 0.78046875 0.09375 0.08046875 0.10390625
8 0.86328125 0.11171875 0.1078125 0.14453125
8 0.96796875 0.01484375 0.06328125 0.02890625
8 0.9421875 0.065625 0.115625 0.13125
4 0.046875 0.47890625 0.09375 0.16015625
1 0.3671875 0.7703125 0.04140625 0.06484375
1 0.0125 0.60234375 0.02421875 0.07265625
0 0.0734375 0.63125 0.05 0.10390625
1 0.8265625 0.596875 0.0453125 0.10390625
1 0.83203125 0.6859375 0.04765625 0.096875
1 0.86640625 0.7671875 0.04609375 0.09921875
1 0.871875 0.6421875 0.0453125 0.10546875
1 0.85625 0.56015625 0.0375 0.08125
1 0.90234375 0.62890625 0.0390625 0.096875