8 0.27421875 0.25078125 0.1234375 0.115625
8 0.44375 0.25390625 0.09453125 0.08359375
8 0.4421875 0.13515625 0.1109375 0.1015625
8 0.33671875 0.19765625 0.1015625 0.0796875
9 0.18125 0.01875 0.07109375 0.0375
8 0.46015625 0.05703125 0.06875 0.05546875
8 0.56640625 0.221875 0.0671875 0.075
0 0.88359375 0.2546875 0.1890625 0.1078125
8 0.8 0.04375 0.06328125 0.05234375
8 0.43125 0.728125 0.1875 0.16796875
8 0.26171875 0.97421875 0.1390625 0.0515625
0 0.0875 0.33125 0.13125 0.04375
0 0.4515625 0.97578125 0.128125 0.0484375
0 0.22890625 0.3859375 0.09609375 0.09765625
9 0.78359375 0.68984375 0.0984375 0.09140625
9 0.684375 0.69921875 0.065625 0.05703125
9 0.69453125 0.6390625 0.05234375 0.0359375
9 0.72734375 0.6 0.03671875 0.040625
9 0.771875 0.6015625 0.06171875 0.05078125
9 0.84453125 0.5890625 0.04921875 0.05234375
9 0.975 0.35 0.05 0.084375
9 0.83125 0.35390625 0.0578125 0.05546875
9 0.73515625 0.35078125 0.0546875 0.05234375
9 0.84921875 0.765625 0.07109375 0.0703125
9 0.80078125 0.83203125 0.08515625 0.0796875