1 0.265625 0.0296875 0.08046875 0.059375
8 0.7515625 0.40859375 0.0671875 0.04140625
8 0.76484375 0.02109375 0.10625 0.04140625
9 0.9578125 0.1078125 0.084375 0.07265625
0 0.71171875 0.16875 0.07890625 0.15859375
0 0.79375 0.23984375 0.0890625 0.078125
0 0.8703125 0.284375 0.0375 0.11640625
0 0.94921875 0.296875 0.053125 0.1046875
8 0.7734375 0.74296875 0.1 0.1234375
8 0.74921875 0.8984375 0.121875 0.08671875
8 0.70546875 0.5328125 0.07890625 0.08203125
8 0.62734375 0.81484375 0.0890625 0.08515625
8 0.74140625 0.9921875 0.09453125 0.015625
9 0.62109375 0.91640625 0.0484375 0.09375