8 0.2568863267505548 0.9011672746773982 0.0748922036472223 0.06549234882113666
8 0.10449455746760368 0.5740993917873235 0.052871733282500076 0.05835101087441501
8 0.28778767467753463 0.143594855209746 0.08731946846486113 0.0628766847906915
8 0.025415614457048513 0.25979149406850094 0.050831228914097026 0.05854201186299814
0 0.1701436201566317 0.2685868794300338 0.06373649810013893 0.05567167984777566
0 0.39877907285392344 0.17029266498184698 0.05414329255305557 0.0459146778706093
0 0.9373550767505548 0.8734402978347408 0.08357752583555537 0.10331068380210837
0 0.7065239572595132 0.831332346769608 0.08717530452090294 0.12375051779449713
0 0.8471697538966314 0.6905734011045015 0.1241297906531944 0.10184102570316256
9 0.9321792271111452 0.7604773828157129 0.1005468202884721 0.09463602076024671
8 0.6702442311952078 0.6798308551725649 0.08245013050895836 0.05487318380210837
8 0.9565454071070132 0.6525547948689914 0.05545252583555538 0.1021646778706092
8 0.7541620234639229 0.830171753385679 0.1908094507974308 0.14982753954332714
0 0.6061486296559371 0.516194119507021 0.22300500816812524 0.1917258794672147
0 0.7744258509705898 0.5296305839180266 0.2061097553183336 0.27064937551288215
9 0.9404969541253811 0.9396555468461576 0.07441942496187508 0.045179848821136306
9 0.7169134366453818 0.04961943175057991 0.056831881458888844 0.0272920118629981
9 0.6493752188461108 0.33569619460216116 0.04738414627652787 0.023785009885831786
0 0.6094067951185067 0.20854078699750694 0.05370688145888884 0.027164677870609298
0 0.6449643950422568 0.12279694657932753 0.04731141109416672 0.02066000988583174
0 0.6789912900845136 0.27048768867066214 0.06184668977951393 0.04154551285158128
8 0.7554992386977428 0.26971175585713697 0.07252961664124999 0.031053681824942014
5 0.7944909631465276 0.17055933144656876 0.03964438145888884 0.026591674904859808
5 0.707282557086354 0.12806276673155187 0.03659211664124999 0.029589340912470962