8 0.7380600062200364 0.4679268762227589 0.10763543758467105 0.0580773271096728
8 0.9315820341483405 0.3646404147792429 0.09478795680654777 0.14058981818121907
0 0.8536031190649066 0.4674711343404338 0.08403416327441135 0.05454322402541756
8 0.17185290931768268 0.26550444886490954 0.03666784034363309 0.04435001785690744
8 0.19601634837269177 0.3852851148553779 0.031236711894930557 0.059865923701106105
8 0.2451709006112554 0.2813964557647684 0.024004066033373572 0.04100682954530477
8 0.24391933910043764 0.20102316315109459 0.023512743102595036 0.03163182954530477
9 0.7545703182966811 0.7486314054437522 0.08162621551297526 0.15753185633066594
9 0.2572792384684976 0.7354566643689106 0.09866322930778511 0.09538641233702042
9 0.3620320154922906 0.6579162711066135 0.0723530348257091 0.06995003571381489
9 0.2427707604039079 0.5803833806836906 0.05467421189493056 0.06027502678536116
9 0.06747086725588437 0.5295863141240293 0.05245661465389255 0.047747753246410875
9 0.4640991265281385 0.7060889439969408 0.02268058344622812 0.0753272824674042
0 0.019263497852293424 0.6173823689125677 0.03852699570458685 0.14336026217486458