4 0.1075457270387464 0.04514939441741401 0.045568564264907255 0.06275453005422929
4 0.1621710425572949 0.097020966626121 0.0550344924781526 0.06593407220870699
6 0.016631222024181484 0.08836306323171655 0.030352741224511377 0.0767261264634331
9 0.628368007059629 0.2536134177341481 0.10906877461060631 0.09749314441741408
8 0.5103611192921075 0.5200691438282388 0.04647784639736088 0.09400453005422929
8 0.5677022578510519 0.557896396755105 0.03519335391920819 0.02832498789975162
8 0.8025402591046931 0.5483269957965875 0.07176735141192588 0.05040906615858276
8 0.7208356180384662 0.5322292971244474 0.03922763605166182 0.05959316861791084
8 0.786949733702664 0.14674176989888849 0.06803459765100203 0.08319429508134393
0 0.9843499194377567 0.21508829068153973 0.031300161124486435 0.10020907825883114
0 0.6443292908414352 0.4263333002477053 0.05429034639736088 0.09404998184962743
0 0.6059461231195382 0.019928764143351867 0.06657974623907634 0.03319429508134395
0 0.834138285431159 0.31886220959403816 0.0692621285298145 0.12538179508134392
9 0.14244882290738187 0.9225476865718918 0.02976170783841652 0.056413626463433175
8 0.20746606914645813 0.9548874878997516 0.22451191818411545 0.09022502420049676
4 0.2582747482176334 0.7958993490414825 0.05512542069139794 0.06905907220870695
0 0.7255411530739138 0.6939480471244475 0.17246133636823108 0.18222266842151918