0 0.33828125 0.3875 0.12890625 0.08125
8 0.1390625 0.1625 0.1 0.04453125
8 0.1828125 0.13828125 0.090625 0.04453125
8 0.03203125 0.0671875 0.0640625 0.04140625
8 0.9125 0.2921875 0.06953125 0.084375
8 0.7796875 0.0265625 0.0625 0.053125
9 0.15859375 0.5921875 0.05 0.103125
9 0.46953125 0.78515625 0.05625 0.11640625
9 0.33046875 0.6703125 0.04921875 0.0859375
0 0.29609375 0.515625 0.046875 0.084375
0 0.25703125 0.53046875 0.0546875 0.11796875
0 0.26875 0.7 0.08515625 0.1359375
0 0.18984375 0.4875 0.11171875 0.09609375
0 0.396875 0.596875 0.1203125 0.1640625
9 0.69765625 0.95546875 0.0953125 0.0890625
9 0.68828125 0.8234375 0.0671875 0.1359375
9 0.86640625 0.9109375 0.04921875 0.1296875
9 0.7953125 0.6765625 0.05546875 0.1140625
5 0.61953125 0.475 0.0609375 0.07109375
0 0.94609375 0.63203125 0.0890625 0.20390625