8 0.31427885201104233 0.8484375 0.06751611474138901 0.08125
8 0.2446937038346535 0.8796875 0.06446384992375007 0.084375
8 0.03520698821958395 0.740625 0.037828614741388954 0.08125
8 0.2610434428167368 0.7765625 0.05806837955902786 0.078125
8 0.4088828371934035 0.8515625 0.023293336056041624 0.0609375
8 0.19484048062013967 0.953125 0.08030705547083343 0.09375
0 0.5227829894538549 0.91171875 0.05636040919430556 0.071875
0 0.5172739526003826 0.70859375 0.0482933360560418 0.0609375
0 0.6307234292333689 0.95078125 0.05599673328249999 0.05625
0 0.5805409380670841 0.909375 0.05650587955902786 0.078125
9 0.651938586909063 0.65390625 0.04832970364722229 0.0625
5 0.474594836909063 0.65390625 0.037246733282499986 0.05625
5 0.9168206641313894 0.75625 0.038736498100139016 0.053125
1 0.8146769358828825 0.76484375 0.046985409194305564 0.071875
8 0.8828976461796186 0.64140625 0.06097517401194459 0.06875
7 0.6798265443560074 0.61015625 0.038663762917777865 0.05
0 0.825253372812605 0.88359375 0.06119337955902786 0.078125
8 0.3910822077312848 0.15390625 0.027472996200277856 0.10625
4 0.15950685904180575 0.240625 0.09222778685347244 0.203125
8 0.689994446047778 0.275 0.060611498100139015 0.053125
8 0.6723322077312849 0.15390625 0.041643292553055745 0.04375
8 0.7627006749618751 0.0421875 0.041570557370694414 0.040625
8 0.7967314892664237 0.09453125 0.04967399810013884 0.053125
8 0.689035277354167 0.46875 0.0670797036472223 0.0625
8 0.7177044848011114 0.425 0.05741376291777769 0.05
4 0.6764976033422225 0.4 0.05130923328249999 0.05625
1 0.7688117367009726 0.371875 0.025581881458888844 0.025
1 0.7595088186729517 0.34140625 0.044550087005972294 0.034375
8 0.7527886528291323 0.45546875 0.04298758700597229 0.034375
8 0.8200670718070837 0.459375 0.04298758700597212 0.034375
8 0.7632864756830557 0.26875 0.047966027735416715 0.046875
8 0.7303129343642711 0.39609375 0.08241376291777787 0.05