0 0.253125 0.9328777763105208 0.159375 0.1342444473789584
8 0.390625 0.9575293977951393 0.096875 0.08350479065319476
8 0.2046875 0.752420404444653 0.053125 0.013736498100139017
8 0.3890625 0.8645242802039587 0.0703125 0.0641365416031249
0 0.67109375 0.684369880412049 0.084375 0.07383884992375016
0 0.76328125 0.638078068291702 0.078125 0.07369337955902786
0 0.62578125 0.520815220267813 0.06875 0.0719126740119446
8 0.8078125 0.721927044640348 0.0875 0.07859908510611113
8 0.91640625 0.3713295922273966 0.059375 0.05763196846486114
8 0.7 0.4928551808488894 0.05625 0.06693423328249999
9 0.903125 0.30539546770236187 0.0703125 0.08288654160312507
0 0.0453125 0.46355466014423613 0.090625 0.13960932028847228
0 0.01796875 0.6527619772985764 0.034375 0.1226750870059723