8 0.6598959350586012 0.9529119349269084 0.053362553570722324 0.09417613014618312
8 0.6137436838407853 0.980941220035531 0.0855477621748646 0.03811755992893815
8 0.33748119276923905 0.9914975214831546 0.06773297077900678 0.017004957033690715
8 0.27316395372958296 0.6246945420617983 0.10325345941492117 0.10219766508343398
9 0.4650435365212986 0.706559774987628 0.08250458279171564 0.07613313206674714
0 0.2549884723972693 0.7907765654675467 0.08386825973923262 0.15425813206674696
0 0.34182599918263057 0.8468428589996829 0.0872739034085667 0.08106629353213606
0 0.4165083993447863 0.8772949988683463 0.044096647726523844 0.11158595318850324
0 0.489137375805836 0.8795402515818797 0.05643300649282175 0.10286605042954129
0 0.03699640299823428 0.7333005009045112 0.05007391233702041 0.09628850180902226
9 0.7256867560824893 0.7928092927391669 0.05407957386326192 0.057471663274411354
9 0.7566816116023765 0.7351129794193267 0.06518071509696384 0.06741987336031982
8 0.8239817544576363 0.9911765747955716 0.08225912094116268 0.017646850408856808
8 0.7779856416341486 0.8376990688584487 0.05254434740221221 0.05895227611928178
8 0.4984485515388323 0.5186403731331772 0.0803420649348082 0.04167624491161739
8 0.4044864971573309 0.27799436171321645 0.05753185633066593 0.07638543758467105
8 0.1064778709411626 0.06333988297125825 0.0858750446422687 0.09035940637700661
9 0.3329893725627204 0.34059285899968306 0.0695682061685102 0.050478034825709096
9 0.31568309577735915 0.2881705438708206 0.05246252678536116 0.05426477611928178
9 0.2839694456152034 0.2599703007682256 0.047638659090609534 0.04620661465389251
8 0.457704774753471 0.46498975067736853 0.05248980032431163 0.055827276119281774
8 0.5075859979681099 0.41608858321908543 0.08571140340856669 0.08098440637700666
8 0.3891148672877146 0.2022573773170487 0.10944891233702041 0.09940021370395291
8 0.39148943952612336 0.4724470465843541 0.055723894480112966 0.06224105042954129
8 0.14992923092198124 0.4956920375392425 0.09769320616851021 0.05195200361804453
8 0.29913474959296293 0.18973636589708798 0.055723894480112966 0.06224105042954133
8 0.26480816274076224 0.4142926305964091 0.07194891233702042 0.09743492198083885
8 0.6020121079522237 0.3703024496820003 0.07200345941492117 0.10055992198083885
8 0.48519102637832406 0.2510024937799636 0.05723184740221221 0.05919793758467105
9 0.9188916907439394 0.4587186550182102 0.06200116801906326 0.06413109905006031
9 0.78648256533855 0.3854338839873111 0.06030230032431163 0.056236711894930555