8 0.29453125 0.1515625 0.065625 0.08125
8 0.22421875 0.1203125 0.0625 0.084375
8 0.01796875 0.259375 0.0359375 0.08125
8 0.24296875 0.2234375 0.05703125 0.078125
8 0.3890625 0.1484375 0.021875 0.0609375
8 0.17265625 0.046875 0.078125 0.09375
0 0.5015625 0.08828125 0.0546875 0.071875
0 0.50078125 0.29140625 0.046875 0.0609375
0 0.60859375 0.04921875 0.0546875 0.05546875
0 0.559375 0.090625 0.0546875 0.078125
9 0.63671875 0.34609375 0.04765625 0.0625
5 0.459375 0.34609375 0.0359375 0.05546875
5 0.89921875 0.24375 0.03828125 0.05390625
1 0.796875 0.23515625 0.0453125 0.071875
8 0.86796875 0.35859375 0.05859375 0.06875
7 0.665625 0.38984375 0.03828125 0.04921875
0 0.8046875 0.11640625 0.06015625 0.078125
8 0.3875 0.84609375 0.02421875 0.10703125
4 0.15390625 0.759375 0.0875 0.20234375
8 0.68359375 0.725 0.05859375 0.05234375
8 0.66875 0.84609375 0.040625 0.04453125
8 0.76171875 0.9578125 0.040625 0.04140625
8 0.79453125 0.90546875 0.04765625 0.05234375
8 0.678125 0.53125 0.06484375 0.0625
8 0.7078125 0.575 0.05703125 0.04921875
4 0.6671875 0.6 0.04921875 0.05703125
1 0.76015625 0.628125 0.025 0.02578125
1 0.7515625 0.65859375 0.04296875 0.03359375
8 0.7421875 0.54453125 0.0421875 0.03515625
8 0.809375 0.540625 0.0421875 0.03515625
8 0.75703125 0.73125 0.04765625 0.04609375
8 0.72109375 0.60390625 0.08046875 0.05078125