8 0.1056990865690954 0.7260594571244005 0.08472044533736342 0.035094495681063265
8 0.20853263788991416 0.8249055721760803 0.07877952800763603 0.06125647748246621
8 0.3098791512571853 0.5812137338039876 0.09404090133672707 0.03100777297895938
8 0.29778823126195786 0.5452564474067929 0.1051965773392725 0.050458679826504496
1 0.47100646057450424 0.709595956967517 0.06591590133672724 0.02920544108527139
0 0.5093053445655956 0.77772419570875 0.08357611600890884 0.07093186613141408
0 0.42328602856464104 0.7792483204780373 0.08819089067472703 0.06498225478036197
8 0.4798665766231839 0.35130259561646493 0.06622498400699968 0.05576794108527148
8 0.1807398279758193 0.18984015730897058 0.055051126670908876 0.03475453423772627
8 0.24350236262731997 0.3056642188445927 0.0785977146721816 0.04563147748246603
8 0.20507620930141054 0.24847348010335973 0.08490225867281787 0.050719495681063355
8 0.10272227394972959 0.3771713741509785 0.07231135200509069 0.0421059592838688
9 0.3352096993157281 0.1512654179494287 0.07231135200509069 0.0421059592838688
0 0.3673853052991834 0.2752932032668891 0.06308180267345423 0.05400518198597286
0 0.4107171346276382 0.3140343306570701 0.059902258672817864 0.04911742288667416
8 0.9398944626034573 0.5262033775378393 0.10083634134309065 0.07828329117755643
0 0.9663836899268216 0.6013931446567025 0.05552384134309065 0.07537953423772628
8 0.7850818826384559 0.2582777930232579 0.041024989337999786 0.03697836829088237
8 0.7649431999920459 0.10765722932816738 0.05690452800763594 0.05985466378737554
8 0.6235187686585004 0.1001580050849038 0.0630090773392725 0.04775518198597286
8 0.6070568799729558 0.23826927436323525 0.056759077339272504 0.04735466378737563
9 0.7922660319462297 0.44715982032115376 0.07874316534054522 0.05813147748246603
9 0.6528324566359105 0.26856684607789016 0.03786362667090888 0.03365310919158375
9 0.63878868531191 0.19886561535622166 0.040952264003817976 0.03072836829088237
9 0.7661767939608655 0.33759505320229066 0.05049089600572696 0.045391645588778305
9 0.8418120459500477 0.4221889011351074 0.04571248933799978 0.037278756939830335
9 0.7042944119589565 0.3477024359911424 0.04562158267027261 0.029466256939830338
9 0.6794847686187294 0.396931677971578 0.04562158267027243 0.029466256939830338
9 0.6139137652769117 0.4552763016611312 0.048764764003817976 0.031229016039128865
9 0.8405239079805918 0.1969385772609841 0.05181703866963616 0.02517927513842757
9 0.9338091892902748 0.37726522978959265 0.055087489337999784 0.037879534237726276
9 0.7937670866486373 0.18377844077150446 0.03481135200509069 0.039702850092285046
9 0.7014592186107753 0.45697730644149315 0.031577264003817974 0.03012759099298634
9 0.7018592079487751 0.42260230644149316 0.0315227200031817 0.02544009099298634
0 0.6575392326543643 0.13282960517718884 0.07694430800445425 0.03771884793281677
0 0.6947210593173189 0.16257646436877254 0.09106135200509069 0.043307513879660586