8 0.5349858316372058 0.01229742523293766 0.09028416327441154 0.02459485046587532
0 0.8005665660333736 0.01835146220581494 0.07144563206674732 0.03670292441162988
1 0.972209732304232 0.1146704877634536 0.05558053539153605 0.08176521046687393
0 0.7804265586816833 0.8808015349067387 0.07424308344622813 0.07909523677523325
0 0.7574925904551747 0.6525323217384417 0.06733798620519008 0.06623121572854576
0 0.6598562726127788 0.5688846348079167 0.05960737336031983 0.06733868942018653
7 0.7641918905460316 0.4813097691217232 0.08403416327441171 0.057857273606936134
7 0.5399045414959713 0.4332495136482898 0.03741146879233561 0.030218121018452494
0 0.27242495590203675 0.09932735288494973 0.0689071302577248 0.0367257262518895
0 0.21433689620024127 0.2320103212443315 0.072605340343633 0.047845236775233245
0 0.25384869629109835 0.05887665813250416 0.0450601944820761 0.027548147326811767
0 0.10418396822650866 0.2235369395613609 0.05245661465389255 0.04978716837349921
0 0.2487318283578454 0.14067268970253524 0.10525406603337358 0.04663134727034204
1 0.30482577736247723 0.2839452765907079 0.07038774310259503 0.03525423151356133
1 0.4389241383983252 0.22598231619442108 0.057560194482076096 0.028276189420186525
1 0.4252400966752111 0.18916485565695998 0.06093085594746519 0.03314569994353027
9 0.045685393486707825 0.16895512635071155 0.04818519448207603 0.02773015785015547
9 0.3774023829712583 0.08380949772209992 0.042098968792335614 0.030491136803468065
0 0.1747587398232347 0.14968293963194806 0.056236711894930555 0.06246917889684287
1 0.23691009554355738 0.6029220607209878 0.4259162053362099 0.3394683785580245
1 0.20894662708990608 0.802026689631948 0.2304864393936934 0.11779225768074611
1 0.20810117932846972 0.9055157106786356 0.2680683265488232 0.12153888396087069