8 0.25859375 0.696603925826026 0.1015625 0.1053226650834338
8 0.346875 0.7513523015611951 0.078125 0.11659435775648763
8 0.653125 0.7282711691557637 0.0625 0.10327548620519007
8 0.6640625 0.28238545906985546 0.1015625 0.0975101650834338
9 0.46484375 0.3967323213488988 0.08125 0.07300813206674706
9 0.84140625 0.8582475169626285 0.04375 0.11791784034363317
0 0.70859375 0.4573954251486575 0.0703125 0.15837242198083884
0 0.621875 0.5291276622583588 0.0859375 0.07637879353213642
0 0.54375 0.5730657700148463 0.0328125 0.11734463025772471
0 0.4640625 0.5850545149264637 0.0484375 0.10566350180902226
0 0.94609375 0.3652610775689353 0.053125 0.09809666327441154