0 0.0609375 0.09921875 0.121875 0.1984375
8 0.56953125 0.11796875 0.08046875 0.053125
8 0.45625 0.09375 0.065625 0.02890625
8 0.49140625 0.0515625 0.07578125 0.03671875
8 0.54609375 0.0859375 0.06953125 0.02734375
8 0.90859375 0.3 0.078125 0.02578125
9 0.7046875 0.03828125 0.04921875 0.01796875
8 0.79375 0.32265625 0.059375 0.02109375
8 0.94609375 0.23984375 0.046875 0.02265625
8 0.8890625 0.25625 0.0546875 0.02421875
8 0.85078125 0.278125 0.053125 0.02421875
8 0.8328125 0.23203125 0.06328125 0.02734375
8 0.5 0.021875 0.0484375 0.01953125
8 0.48671875 0.1671875 0.07578125 0.03046875
8 0.34921875 0.00625 0.0734375 0.0125
8 0.3703125 0.06640625 0.06640625 0.02578125
8 0.4265625 0.2609375 0.05703125 0.02734375
8 0.4578125 0.23203125 0.03671875 0.01953125
8 0.3859375 0.19140625 0.04609375 0.02109375
1 0.1609375 0.84921875 0.01640625 0.05625
0 0.04375 0.521875 0.0234375 0.0953125
0 0.09296875 0.54921875 0.021875 0.06953125
0 0.0640625 0.48359375 0.02109375 0.09375
0 0.15 0.5359375 0.02109375 0.06953125
0 0.20390625 0.6359375 0.025 0.07109375
8 0.4265625 0.95625 0.0640625 0.08515625
8 0.484375 0.39296875 0.08125 0.02734375
8 0.93125 0.4921875 0.1375 0.1546875
8 0.7375 0.5734375 0.059375 0.06796875
9 0.76171875 0.66875 0.06328125 0.07578125
9 0.88203125 0.94765625 0.0484375 0.06796875
9 0.91875 0.48671875 0.046875 0.0578125
9 0.703125 0.5203125 0.03671875 0.06796875
9 0.675 0.53671875 0.03359375 0.06640625
9 0.6421875 0.515625 0.03828125 0.07109375
9 0.6140625 0.76953125 0.03828125 0.0578125
9 0.66875 0.77890625 0.040625 0.06328125
9 0.70390625 0.63359375 0.03984375 0.0609375
9 0.57578125 0.90703125 0.03359375 0.06640625
9 0.98203125 0.42578125 0.0359375 0.0578125
9 0.91875 0.38359375 0.040625 0.009375
9 0.77578125 0.9234375 0.0296875 0.059375
9 0.28125 0.959375 0.0234375 0.0515625
9 0.51875 0.94765625 0.04609375 0.05625
9 0.79375 0.6265625 0.03671875 0.05625
1 0.75625 0.7453125 0.053125 0.0578125
9 0.55078125 0.38828125 0.0578125 0.01796875