0 0.024717176540479908 0.2525801073360908 0.04310689204448094 0.1426602146721816
0 0.14440811363426664 0.3078681386855446 0.09974662986961631 0.076145424013363
8 0.0715983104705813 0.029733500676317737 0.038509120941162586 0.05824885200509067
9 0.5338053989410445 0.5553185874044967 0.03228639448011279 0.05973862667090888
9 0.6242043023496111 0.6329174234165871 0.04621252678536116 0.052089758672817864
9 0.6712468977232285 0.5983157040897231 0.046457988635914306 0.06615225867281786
9 0.6123509590045886 0.759316291414678 0.04163412094116268 0.0582852146721816
9 0.6388276842478223 0.799460033418178 0.04980117694751698 0.07868862133990859
9 0.615468456165215 0.5351793574156326 0.04246023538950343 0.016115896005726958
9 0.5837508518631438 0.552775390077951 0.04936480032431163 0.053688621339908774
8 0.7989702974783471 0.800542370106586 0.0417704886359143 0.06609771467218159
8 0.5360554659044475 0.6842248374044967 0.032313668019063255 0.06130112667090888
8 0.6715289103018349 0.9697064357097254 0.0417704886359143 0.060587128580549175
9 0.7320519841683921 0.5466901167647682 0.04440456493480802 0.03800907733927232
8 0.6167014939076247 0.6953174260820871 0.04634889448011279 0.059902258672817864
8 0.6755310231286179 0.6647583167568141 0.05276253571381488 0.06934998400699968
8 0.7630116578694983 0.5751696527689043 0.06060230925276535 0.07100339067472702