1 0.29494099315427985 0.7470527776431478 0.03290534190105419 0.04189833992388792
1 0.27710489433314345 0.6742201141069946 0.028536176882026164 0.04951983893530461
1 0.20518879056909123 0.5801146284414506 0.02965300790866543 0.03864600593149916
1 0.18509646646253416 0.624755966388172 0.029143671939110227 0.026146005931499162
1 0.16877774117711353 0.7428029708367964 0.04642401384016446 0.06740767589344294
1 0.1449290642950874 0.6952568087835178 0.021678681824942016 0.07263900395433272
1 0.14966427973185734 0.9266978097721011 0.02059634288963732 0.046076503954332534
1 0.22577449908577893 0.7780427924718955 0.02372134288963732 0.04620383794672147
1 0.23834348326844812 0.7024061225099516 0.023021005931499073 0.029016337946721472
1 0.11904167942784616 0.8473432322055029 0.019514003954332716 0.01951400395433254
1 0.09976775600586114 0.8160441526617384 0.01964133794672147 0.022639003954332538
1 0.1638886058155807 0.891686139810157 0.02764483893530465 0.027644838935304606
1 0.16014820459953608 0.5694291378329908 0.020214340912471006 0.03670150395433271
1 0.15882844372512114 0.5178348043348936 0.02295733893530465 0.02745383794672147
1 0.06196537258431364 0.5796901585932374 0.020532675893442966 0.04451400395433271
8 0.09408946448536781 0.6190736521674468 0.03303267589344294 0.04502333992388792
8 0.0975434338392894 0.4733791501902804 0.045087006920082204 0.034595175893442943
0 0.17564989330737926 0.2776899653995889 0.23254719764227277 0.15610671444818677
0 0.08599319121648216 0.11309556619789166 0.11750051779449713 0.08902269072219057
9 0.43207760132977535 0.4636606630046806 0.07665534190105419 0.04368101581733086
8 0.824993249085779 0.7536264994313463 0.09160917984777547 0.06612901878308045
8 0.6278277945234239 0.5816745394689649 0.07671900889724874 0.04524351581733086
4 0.7518900356261753 0.5343618462753164 0.07729201186299797 0.05930601581733086
0 0.9199224526223698 0.5290801441844193 0.07442167984777584 0.0654286818249421
0 0.79933272140545 0.6232041703818734 0.09782468775644108 0.1038200197716634
0 0.6841467787060931 0.504255193613578 0.07767401384016441 0.06868101581733085
0 0.6194940296946763 0.5115848739556452 0.04591467787060921 0.05490767589344294
0 0.6595353923559772 0.6492467000393687 0.06533583992388792 0.03386034684397003
7 0.8594265988954983 0.8304781595074584 0.04945617193911005 0.0269736768820259
8 0.7136008794672148 0.19003618471632944 0.06995967292769337 0.03248884783255326
0 0.4188083498097196 0.06118957901229186 0.07633700692008212 0.03586851581733079
0 0.6276315459691176 0.19275661950702097 0.12027800790866543 0.04233869171077376
0 0.7175124466536896 0.11318718323345467 0.09008117193911022 0.028629018783080308
0 0.5949397682887887 0.06262079194042282 0.09221667490485981 0.04275518577927471
9 0.47881470258518866 0.15108506714929376 0.07971667490485963 0.04224584980971957
9 0.38108817391627664 0.01890391992476287 0.07927100593149908 0.03130834980971957
9 0.3941452253226017 0.2625265859323741 0.07365767589344294 0.04667868182494202
0 0.5342277613687065 0.0322276377958097 0.11141234387822045 0.054456689733607413