8 0.13662466645877275 0.23647236058312582 0.11076202564056317 0.09996655925034234
9 0.2640818864749834 0.30961800705962894 0.08459763192686935 0.07423913354437942
9 0.21665246071058575 0.16234219028743926 0.055599336641599176 0.054670779625171126
1 0.08152840570540577 0.37686402837152994 0.06170378742738743 0.051727636051661904
1 0.35530619995721874 0.3083714072970558 0.05916098428423435 0.06413670783841656
0 0.4326328333318303 0.3270053985215672 0.10382282092583353 0.11848923871722894
0 0.4009204528527029 0.19891149076229298 0.05171666542531543 0.13881845909205776
0 0.624283024192821 0.17030207211595902 0.16221751778268043 0.13267141066226812
0 0.7549615975998539 0.3293624865391508 0.23496150496239868 0.08641618778015676
9 0.7874808451186546 0.2905189468848498 0.08877570967712849 0.06343802586424747
1 0.974506675247669 0.25008547815937365 0.05098664950466194 0.051727636051661904
0 0.6890690779551468 0.4054643337944416 0.10876287799792798 0.09054609514371954
0 0.4357984129441161 0.11020434342785998 0.05745293507002262 0.060966243731793844
0 0.554653266749223 0.04890679374442912 0.1077440334984459 0.06867109514371963
9 0.6152614743549276 0.864409773290458 0.0619948858558109 0.05797763605166182
9 0.6042382754311661 0.6612393091838353 0.08913958271265762 0.07125052586424747
9 0.6320293275408619 0.5543815554229117 0.06439213978475244 0.04244356426490725
9 0.7141675853987449 0.5255638851272251 0.050547963606069855 0.046721887305303154
9 0.6474681987143645 0.7686031797960909 0.05843323821317572 0.048511707838416386
4 0.6835062444139195 0.6377994606749035 0.08190927956950453 0.08352320533113407
1 0.8294223660017067 0.7052406764308786 0.09313787799792798 0.09009145407749272
1 0.7357472946615886 0.7376236159268952 0.06345037799792799 0.08922763605166181
1 0.4930846056626246 0.6868721435070022 0.05730738585581072 0.05784124373179385
9 0.6750323107916391 0.522864782461658 0.05523546360606986 0.046858279625171306
9 0.9442640777457498 0.9598038074679757 0.06897263192686935 0.07378449247815269