8 0.49828043610754047 0.7694090479758666 0.05868520401018138 0.07769266046291676
8 0.21814749343567713 0.7441544526478151 0.0442227146721816 0.04266268899896399
8 0.18338104742199593 0.644937856700591 0.05047271467218155 0.042953787427387445
8 0.14470889875076884 0.6131270845746846 0.0533977200031817 0.025911836641599174
0 0.2285850067631774 0.7006762803980741 0.048982940006363405 0.04913101282028158
9 0.19424746411517652 0.8398500963615089 0.05352498933799978 0.03684933664159899
8 0.5225457341263123 0.9066350661728318 0.03492044000636341 0.04847604135632864
8 0.6074463507717679 0.7463460754784565 0.04487724267981754 0.098912688998964
6 0.07352895401018135 0.07161598076957763 0.07945223734881746 0.11770123035529287
6 0.22617379069858945 0.22474948118386234 0.19240896005727012 0.43060795285270287
0 0.8645048727720861 0.736718402609543 0.028470445337363516 0.03099744292790536
0 0.9340441187539505 0.5998134079862266 0.025327264003817972 0.029289393713693813
0 0.8939196527689045 0.7118981850745317 0.028415901336727244 0.02630994292790554
0 0.8103708087603139 0.6524739892511422 0.039353401336727246 0.026819365177646402
0 0.8626509240929048 0.644567289913096 0.03951703333863606 0.0408818651776464
4 0.8565394734643121 0.9254726875557312 0.028379538669636162 0.023184942927905537
8 0.7392770587603138 0.6557852338744588 0.04749316534054522 0.05530823821317572
8 0.7249107353596351 0.16009174421354094 0.0536340773392725 0.046224336641599174
8 0.8474220820337257 0.20910282485928405 0.052089758672817864 0.04771406203449331
8 0.9141646867043164 0.23491615405728514 0.06905908267027243 0.029764582712657715
8 0.7672987773710892 0.2425382171252357 0.0612102200031817 0.02627570967712849
8 0.8135999706794994 0.05668845430495415 0.05981135200509051 0.04026543507002258
0 0.7601482540181356 0.09826167825010623 0.1286340773392725 0.0497175177826803
0 0.7614920306731361 0.014720528847888154 0.06911362667090888 0.029441057695776308