9 0.3969648943649321 0.31652198986580554 0.09427884890464337 0.07616870181924558
9 0.41313677830502293 0.5505523875084407 0.08558581050398359 0.0991695541766104
9 0.13612067108710937 0.22713404238978616 0.12652905925034236 0.11199919396136275
0 0.343555086368231 0.19700570243841814 0.1828078029821362 0.16923380521006776
0 0.41804295783841655 0.075644432793711 0.048585915676833125 0.11461046360606986
0 0.42494645651826823 0.5542231970617346 0.06228470282385157 0.10276543507002245
8 0.14661555337784757 0.3196854154253154 0.16765416442319178 0.131078833746115
8 0.2962638638818311 0.42183872849326604 0.09009145407749282 0.09313787799792798
8 0.3409662616119755 0.5370485055815712 0.08981866943775678 0.08376287799792799
8 0.3019325053437693 0.589843865796819 0.0925344924781526 0.06984592721213971
8 0.22435279381093612 0.09549024420903175 0.10630748746358769 0.1141781240689866
8 0.10536946159934021 0.02831339867609245 0.12636392319868045 0.052696968568468595
8 0.3742932386507219 0.5830716350272412 0.16495506175762475 0.09194355913900906
8 0.23242398739708067 0.5873866457806083 0.14869356426490726 0.06934081306795062
8 0.2214768125490476 0.3988506846557378 0.1681088054894186 0.14670383374611512
8 0.4191270508705651 0.35422319706173466 0.06155727711788863 0.07776543507002262
1 0.35494046271996743 0.9636837801886771 0.07332985141192579 0.05334763192686935
0 0.40145278371529924 0.658454778740935 0.11119356426490726 0.06759422249741007
0 0.5729076172470433 0.2498182950758733 0.1932284774344577 0.2056079528527029
0 0.7010266055685609 0.2019523374656595 0.15839883636823088 0.18838191149637407
0 0.741829798825501 0.07590141376817641 0.19928459765100204 0.09198210049533802
0 0.9855493639150847 0.4433223159589256 0.028901272169830607 0.0986943651776464
4 0.7482977253228867 0.4054433645539647 0.13855769780928676 0.1500086162111037
0 0.7554763571514066 0.813037540732647 0.39272837226160817 0.19773560256225267
1 0.6217569235278848 0.6952421110393081 0.1039433539192082 0.03292812406898662