8 0.1546875 0.63203125 0.05078125 0.0828125
0 0.17109375 0.29921875 0.0390625 0.04921875
0 0.2109375 0.32265625 0.04609375 0.11015625
0 0.2671875 0.1375 0.05859375 0.07265625
0 0.2765625 0.21953125 0.05234375 0.04765625
1 0.315625 0.81015625 0.04921875 0.04375
1 0.41875 0.91953125 0.034375 0.03203125
1 0.21875 0.9203125 0.040625 0.059375
1 0.00625 0.828125 0.0125 0.05234375
0 0.4203125 0.79296875 0.05546875 0.06640625
0 0.2546875 0.9765625 0.05625 0.046875
8 0.40078125 0.9578125 0.0375 0.0421875