8 0.4748274699225753 0.6711578635222388 0.0791038626613009 0.14291119629109836
8 0.6008315544092556 0.6832185295101838 0.10908052273741298 0.11329893939369332
8 0.07364833600673618 0.4108013811622359 0.08509919467652327 0.1369887449116174
8 0.35437175399151377 0.43175012550802644 0.08794035178688589 0.09192190637700648
8 0.4839637534972222 0.43620300938379586 0.10493685079830276 0.08813516508343397
8 0.513689698668037 0.572628510288307 0.05962435079830275 0.08576043758467104
9 0.5393661082870386 0.9349204703742153 0.08724001482874755 0.07473440637700648
9 0.7381299190477228 0.8385345505410828 0.06561968281352507 0.07983798620519025
9 0.6134137619373602 0.8772141909755732 0.08953202669174569 0.13098440637700648
9 0.5819807367284893 0.7562908593383673 0.07056185079830275 0.08633364767057934
9 0.6801463226980443 0.7739088065339768 0.10158635771838505 0.12070200361804453
9 0.6942419506823845 0.9685778785044732 0.0756950197716634 0.06284424299105354