0 0.35628337889932005 0.4230143246380297 0.2921339996072166 0.27121706129215684
0 0.19261630951928338 0.48429804003761856 0.1866647287263694 0.1325763725471326
1 0.3240425297596417 0.2514284847141418 0.06922269867214012 0.08405134783255316
1 0.15779133674484233 0.40555361612134194 0.07861587939029935 0.08755834980971962
8 0.8031164305217675 0.16550550254582003 0.0738829275949012 0.07955484882113639
0 0.37314012255460827 0.6353697445999735 0.08829995159900639 0.1410653517868859
0 0.4778048966569092 0.6357291833449977 0.05210792154477702 0.09585101087441501
8 0.40762979380479775 0.9249880015200558 0.06923178903121965 0.08561384783255335
8 0.37984970656897604 0.848873829086654 0.048801114363184794 0.06447367688202625
9 0.6236997005188518 0.875993380492979 0.13208631303532492 0.14909802768032882
8 0.7975002940011894 0.8112172505686537 0.10228972872636959 0.12913835475263546