9 0.35757415102618045 0.13401736119416854 0.06315461664125 0.03213018198597286
0 0.4320111065732638 0.12939851480251127 0.07707164627652788 0.02678134793281677
0 0.42962902935093733 0.23174226480251128 0.07914329255305556 0.04875647748246603
0 0.43090189504225684 0.17705476480251128 0.05399782218833345 0.04090440468807692
9 0.753174325703715 0.3150692111295701 0.03815461664124999 0.030528109191583754
1 0.2123622620647565 0.5573874051495022 0.04244337955902786 0.08072836829088229
1 0.251261107904444 0.5669218938907352 0.03292290919430556 0.07387759099298634
0 0.7416880457840967 0.506024878156148 0.03928331838861112 0.1460529796419344
0 0.803656143239305 0.7681930135658936 0.03706489532659703 0.0507404796419344
0 0.8106679030229508 0.8367124760889648 0.02961607123840295 0.06586483189368764
0 0.8435888525861104 0.8677715114064253 0.019768292553055743 0.04495155459579188
9 0.8335403989388881 0.929720798883354 0.024637630508958352 0.05306444324473993
9 0.835687393239305 0.7702456693337046 0.013300087005972471 0.035176036397194466
9 0.8258045533835411 0.7242322624861595 0.017987587005972472 0.035476425046142526
1 0.7575415966021868 0.9005957009505373 0.01849673328249999 0.057351425046142525
1 0.7662457557964923 0.8291712839239592 0.016570557370694416 0.041626295496493174
1 0.777418338718402 0.8870035703211538 0.019841027735416718 0.048076554595791875
1 0.7931881558727423 0.9153986805924716 0.013227351823611145 0.032051036397194824
1 0.762954488794652 0.9705775339239592 0.01021145459715278 0.03653827729789576
1 0.7450948415681937 0.964738544102992 0.01319098423243048 0.030488536397194465
1 0.7915932075438536 0.7149981623938744 0.016570557370694416 0.041626295496493174
6 0.9054153989388881 0.9343267581672228 0.03277743882958326 0.06762759099298635
6 0.871494340618263 0.9462364728497624 0.03695579255305574 0.0460529796419344
8 0.7790776365897912 0.5804031168973811 0.023038762917777865 0.05140181369509058
1 0.7779612397445825 0.9934517203857522 0.009884146276527872 0.013096559228495508
1 0.7957130906182631 0.9413801896917704 0.008394381458888845 0.025500647748246764
1 0.7969112614960756 0.9881931226836482 0.010029616641249994 0.023613754632703633
1 0.8132642665300687 0.9268566147379129 0.0099568814588892 0.025600777297896116
1 0.774876526598055 0.7945156816722058 0.013154616641249995 0.028926036397194467
1 0.7853776155038883 0.8139665885197511 0.019768292553055743 0.04495155459579188
1 0.7760201460890965 0.8462283759966798 0.010029616641249994 0.028725777297896115
1 0.8134649414919437 0.8846190499630883 0.011519381458888844 0.025700906847545467