4 0.5893840355222922 0.644880859922049 0.1962256090418057 0.24284312269254435
4 0.8322592537028128 0.5037360498886414 0.2570877610179167 0.10608855736790765
4 0.7681538540078126 0.16689057789627748 0.14171864057694455 0.18284995735199913
0 0.6794368461240279 0.18277066390836785 0.04287979065319458 0.09734771467218159
8 0.5960054438635766 0.12356893391950372 0.06682513050895836 0.052326116008908664
8 0.21708950180295186 0.5640335859723195 0.07474673328250007 0.057104522676635835
8 0.13397506259211883 0.9213471939847281 0.22860039152687514 0.15730561203054377
8 0.36467693588288264 0.7608074939529113 0.09109908510611113 0.08853633601209018
8 0.03368216223152846 0.8092022773313182 0.029652438829583384 0.06595226400381797
8 0.17995383092513942 0.6136977786441828 0.0874649388295834 0.06662497334499946
8 0.05224836464447975 0.7003630793284548 0.06686149810013893 0.053888616008908666
0 0.08763251225218774 0.2732733206556369 0.13415940729444453 0.12652723201781732
0 0.222025696047778 0.27249097597072863 0.04811149810013893 0.05367044000636332
0 0.2456106260436462 0.3792767779678651 0.04963763050895835 0.05212612133990877
0 0.13983275151861144 0.3672227679821827 0.07776263050895835 0.05245338534372675
0 0.2198618243725349 0.17952222597072862 0.032268292553055564 0.04411362667090888
0 0.18417759109003481 0.1236722153087284 0.0634455573706945 0.0413522533418178
8 0.3045849293302781 0.32779554662636545 0.060684233282499986 0.05694089067472685
8 0.3782204914506252 0.2347262519494114 0.03939111474138901 0.0816863520050907