8 0.40497842209238044 0.6997075135071155 0.11832063206674696 0.08789338410204497
8 0.3903437912688288 0.8690413424321932 0.06906426051544959 0.06944722099021768
1 0.41026014359824947 0.8004887635071155 0.0700601944820761 0.02900423151356115
1 0.4723540298488681 0.7741468004094056 0.06602779172311415 0.041231215728545934
1 0.6501680913596859 0.6830759374246351 0.09028416327441172 0.05822129465362345
1 0.6966026780852743 0.6270842716819719 0.07836401741285463 0.038834257821920556
0 0.7730214201718165 0.0016718319088495082 0.158542840343633 0.0033436638176990163
0 0.8501748196514182 0.08840266132803742 0.08303822930778501 0.09830026308359248
8 0.45860479534115867 0.1080744793768356 0.09012038896415202 0.055096294653623534
8 0.5303669306872661 0.056876729447422794 0.07055151741285463 0.03837923151356135
1 0.07034115049565445 0.7889414026590708 0.05517217887824379 0.04215667889684287
1 0.07339198665541599 0.9368706684440863 0.05146732473980083 0.060633663111827475
1 0.12651366462914865 0.9486657421780794 0.042174211894930556 0.06165013154179633