0 0.8585240945655954 0.6940233297721237 0.1683885626989074 0.2471465577372161
9 0.5706246525700498 0.6780013005505798 0.0696954293443632 0.08525423151356151
8 0.2789842346037756 0.44671829237572347 0.14295111600890867 0.07390647881213823
9 0.19601500389882281 0.7333908107209878 0.08889996268299924 0.12540879465362345
9 0.014154120603934704 0.9605811842291019 0.028308241207869407 0.07727513154179633
0 0.00969897994909325 0.7991809526449534 0.0193979598981865 0.10163809471009326
0 0.04313846228518403 0.7737868395190086 0.08627692457036806 0.1398353157003111
0 0.08289574387336945 0.927352184299689 0.14375109468490826 0.14265647881213822
0 0.10498201857895857 0.6395413711596268 0.18346812269254423 0.20118161035393456
1 0.0974347899427299 0.415914155360494 0.05959317600254532 0.02220819994353036
8 0.18366373862191115 0.31876686859937814 0.09338746801399936 0.10849431043863902
8 0.45472167329727436 0.2389604583301482 0.02579997867599957 0.0702060841867496