8 0.27049020802239615 0.20220350531833353 0.0256021778706093 0.05367051386770836
8 0.24171660920125976 0.12816594006385434 0.03369852076024671 0.09912848423243056
8 0.32020104794628396 0.2345809006449308 0.02649351581733077 0.07554551386770836
1 0.21392712060714728 0.576311846124028 0.023241181824942014 0.07234777868534721
1 0.26597509885831744 0.474496079406528 0.022477177870609388 0.05359777868534721
1 0.3378355114058875 0.4566559223964239 0.021042011862998145 0.05668641109416672
1 0.3500370810638203 0.3921576645126391 0.025474843878220542 0.05054551386770836
0 0.16199461710992513 0.1637748253224654 0.03567751482874763 0.07107621941479172
0 0.21284750988583173 0.05178462480937518 0.04132001977166348 0.09462282218833336
0 0.794377330075237 0.3978167442035076 0.06599636760421675 0.16388196846486114
0 0.6151845785923624 0.3866214050133338 0.14948002965749527 0.1439708183886112
0 0.6460737757403436 0.5317345364722227 0.06204901384016441 0.06700696846486132
7 0.5449211581361268 0.36703429720579905 0.030162343878220456 0.05065461664125
7 0.5313494535737717 0.18720132684107682 0.04036501482874755 0.07118532218833336
8 0.7416780944096931 0.4644944447165978 0.035486513840164415 0.06638871941479181
0 0.6821903478697343 0.4795005424561464 0.059433349809719614 0.07943423328249999
0 0.8150187994291589 0.25312249325357705 0.04942167984777583 0.06359102773541672
0 0.8363181378701718 0.27781402193892435 0.07869268577927464 0.09237064437666671
0 0.8800071294672147 0.23902493208316047 0.0803825197716634 0.09553201196784729
0 0.8288133384781939 0.4384242136182993 0.07056185079830257 0.08437630642076392
0 0.6138966512160446 0.33585833880892413 0.07193334980971962 0.0797251740119445
6 0.07118645265955077 0.9609375 0.06724584980971957 0.078125
6 0.19793600056865368 0.796823714665139 0.34213705634924096 0.274897429330278
8 0.7338880880210835 0.8288108646444797 0.04189833992388792 0.03219555737069442
8 0.6468947653974013 0.8775191619471879 0.05790534190105419 0.041934233282500344
8 0.8357662644088182 0.8772321404800355 0.10994268577927464 0.09309799620027803
8 0.6028755099601939 0.8507378031897227 0.038518671939110224 0.025872822188333443
8 0.7554301655876816 0.8019944447165978 0.04202567391627667 0.035320557370694415