8 0.0445796631477993 0.22750805737069452 0.07718188311602721 0.12674564437666672
8 0.032858733357613225 0.4060688152544792 0.05262616801906326 0.062137630508958354
8 0.028412741068250973 0.4645352786853472 0.04149775324641088 0.050945557370694415
1 0.3125189598186629 0.4110161140757989 0.060520488635914305 0.06700696846486114
8 0.04933276176453224 0.7235108883927431 0.07496481818121903 0.08920927678548622
8 0.13165829220334144 0.652800304520903 0.0699227621748646 0.06878767401194459
8 0.7812011814117439 0.10486617799909788 0.11720686525911965 0.09331620174736122
0 0.8064893279204517 0.256174758071216 0.19258869480442442 0.11693684612402792
0 0.5974838896055537 0.7198696628971185 0.07636367694751697 0.07987064437666672
0 0.5395367962605312 0.8450320106366671 0.054925053570722505 0.10436149810013902
0 0.5993485783241935 0.5582600156706603 0.0698954886359143 0.06722517401194458
8 0.8535099728043065 0.6235265654419104 0.06696140340856686 0.07808993882958326
8 0.773154271100023 0.583390568291702 0.06011138555165907 0.043569468464861136
8 0.8070401217486463 0.6903861039109035 0.08908186525912001 0.09266158510611114
0 0.4353010840029411 0.9974601475107988 0.06430796185055314 0.005079704978402333
8 0.8160042443146619 0.5328463608447576 0.0602477532464107 0.051381968464861136