8 0.5625 0.7101954216158347 0.071875 0.1114663489046432
8 0.56953125 0.5138970831360327 0.0578125 0.0798071719450391
1 0.56640625 0.5928942613492781 0.0640625 0.03780152837152997
1 0.51171875 0.628079255081072 0.071875 0.052091348904643196
1 0.34765625 0.7461342362764535 0.0953125 0.0715233105039836
1 0.3109375 0.8143901427820864 0.0828125 0.05084709765100222
9 0.33984375 0.01514396371091127 0.0765625 0.03028792742182254
9 0.24921875 0.039725252309426765 0.10625 0.07945050461885353
9 0.0859375 0.23812447413575252 0.065625 0.0550344924781526
9 0.01640625 0.28936637688046185 0.0328125 0.06657974623907634
8 0.30234375 0.2583901953685112 0.075 0.05999477711788863
1 0.40078125 0.01333845665128229 0.046875 0.024801423198680433
0 0.8015625 0.7782394133025645 0.11875 0.08783027210332364
8 0.7203125 0.8962285468469439 0.0828125 0.06959709765100186
9 0.65625 0.23012382521847394 0.1 0.08728470282385156
0 0.715625 0.313552439166812 0.078125 0.10227320533113407