0 0.2572739740320083 0.8987226064138065 0.0412795649348082 0.04010336829088246
0 0.22074613880466068 0.8854320619970475 0.0381545649348082 0.039903109191583755
0 0.21389612094775315 0.9194065437984502 0.05687729139585782 0.03954216378737563
8 0.1488069090972001 0.9293136674880035 0.03174092370110611 0.03012759099298634
9 0.6527708494341024 0.37579835517718885 0.07288412094116267 0.06241845928386871
9 0.5415412487854793 0.47503928670173645 0.06715231818121907 0.09170544108527139
8 0.755517974028713 0.4488632202288687 0.07164890340856651 0.08106832973421944
8 0.5424993713481997 0.15130139805278842 0.06682503571381489 0.07295544108527148
8 0.6273520637202875 0.44299634715762437 0.06348184740221222 0.060255181985972864
1 0.1462402057647684 0.26981875154115953 0.04489548863591426 0.06842862739018099
1 0.2300912800350674 0.3948571267718722 0.03206820616851021 0.04887759099298643
1 0.1539827475676633 0.40875084361388003 0.019350017856907487 0.03557655459579188
1 0.1870231185088259 0.35299099938169115 0.07005912986961631 0.07940570018457009
1 0.182943544645564 0.40747824028239255 0.033848894480112926 0.06147772054263569
1 0.3138077609603439 0.3931828076781108 0.035302300324311545 0.055327850092285046
1 0.24931106412732457 0.5931840052417873 0.02883411201270878 0.04242733189368782
1 0.2004191911542718 0.2576482210040611 0.028943206168510205 0.048677331893687815
1 0.123849188314898 0.47721094694536764 0.03204093262955983 0.04731509099298634
1 0.24745210389832928 0.34122098704319004 0.03255912986961631 0.07700259099298642
1 0.279282756496117 0.3995737075858258 0.0256545649348082 0.03910207279438911
8 0.3075243534912922 0.17065696560539026 0.03875458279171564 0.0742781091915837
8 0.22230564813356088 0.07916227559985292 0.028997753246410872 0.05180233189368777
8 0.32543282792374695 0.26487733497600674 0.041388659090609535 0.04635336829088228
8 0.11367139326559221 0.3881787253229977 0.03845457386326192 0.057090609191583666
0 0.21251581655966123 0.19194287785160632 0.04780230032431154 0.05612888648947965