0 0.6173978669172001 0.7218164512679393 0.34652303369405535 0.4871812539567289
8 0.8675063302824688 0.8255744578266601 0.06403592378986112 0.1217798247398008
8 0.13389588591193433 0.23995885741780332 0.04693695499752559 0.09283595318850332
8 0.1083370431934521 0.13300285052039834 0.05319359905006031 0.06355788896415202
8 0.20577860922682562 0.0873827340574835 0.03608798620519007 0.06421963025772479
8 0.8335860266851087 0.10512251696262861 0.07786605042954128 0.05861808344622808
8 0.4645560656946893 0.15952224841812032 0.06002345318850324 0.0452173247398008
8 0.39179135232942064 0.046470049752172775 0.040611711894930555 0.061340291723114046
9 0.4800914552246683 0.30907519109117404 0.06191350180902226 0.05154921189493056
9 0.7580493588881414 0.28282147105564304 0.04538774310259512 0.033542840343632994
0 0.48837866802410995 0.22527672320334963 0.06150406603337366 0.04373671189493056
0 0.6906991638402384 0.11105269165700091 0.09028416327441172 0.057710680687266126
0 0.7764452340574834 0.16966637381460506 0.06134029172311415 0.040611711894930555
0 0.501759494572933 0.1186172874277009 0.08715916327441171 0.05754690637700657