8 0.40407857121516966 0.7306353590004315 0.1008276709505271 0.02089428298109546
0 0.18207092003630604 0.8053818707078964 0.06259284190105419 0.040979524004104914
0 0.09986591509339013 0.7824170693800366 0.05133700692008221 0.03310339149054773
0 0.9812287312541006 0.300613977370637 0.03050985376405251 0.09702953610435347
0 0.9375331279843401 0.20631453152716728 0.030191518783080084 0.08921703610435347
0 0.9173174229648744 0.41976395317014015 0.031053681824941747 0.07203862646343318
8 0.969092192699357 0.11782874844787586 0.03832235376405215 0.09707498789975162
8 0.7795031106841345 0.12518322707604942 0.024549013840164592 0.06575226502711465
8 0.8867266561589606 0.3402355344540335 0.02885451186299832 0.056404536104353475
9 0.7530334525851886 0.16597185353948254 0.037303681824942106 0.07207498789975157
8 0.9790560776037793 0.7764224984478758 0.04188784479244134 0.09260565651766228
8 0.8103524289335546 0.8439241367169699 0.07512201680591382 0.08010565651766229
9 0.9559793108350462 0.678194076706707 0.06766234387822082 0.05038179508134384