4 0.2054895466371182 0.1434011260071737 0.006431837955902786 0.008067167984777556
4 0.31724401101791677 0.1159538997331699 0.0469126740119445 0.07059634288963731
4 0.3554720160519099 0.1822938241437381 0.05636040919430556 0.07410334486680367
6 0.18288719481350704 0.11125978806045222 0.12412979065319449 0.10184102570316256
6 0.20332567496187504 0.05043237600717369 0.11758884992375007 0.08908635771838495
0 0.9562390015186114 0.4073640331918984 0.06399237765916688 0.1337330128515813
0 0.7415595588893058 0.43920298771707245 0.07845361474138883 0.08436968281352505
0 0.9478218637914584 0.14633103269760683 0.08386846656499998 0.11581068380210838
0 0.6881195554708335 0.12169981132933787 0.03753767401194459 0.070214340912471
8 0.8342341021079516 0.2626815914811247 0.09008209897381932 0.11450285178688588
8 0.7425180743725349 0.21211390570184996 0.08368662860909737 0.10799818380210838
8 0.8810376733463545 0.3285904343707621 0.07747299620027803 0.10930601581733076
8 0.7887787445847572 0.3888329145990985 0.039100174011944586 0.07027800790866542
1 0.2736836874984032 0.5247267218625605 0.12173214247680564 0.1329636917107738
5 0.7059364090973965 0.7195152288198239 0.10959581838861113 0.14807935574121878