9 0.750765887609415 0.8314888960890965 0.10977114767057934 0.06966049620027803
1 0.5341040100652237 0.7967366088543745 0.1178293091359686 0.07452983415618064
1 0.4531649485544059 0.7182498925737149 0.08172803482570909 0.07056837955902787
0 0.5722191587518558 0.06273181686999982 0.25868668249628846 0.12546363373999964
0 0.4455393928093393 0.268195994397326 0.18533106965141818 0.1416459053945835
5 0.2475158141128096 0.6520293997919094 0.0836114393936934 0.10650587955902786
5 0.18418921924662074 0.8181460154832291 0.0736632293077851 0.09535017401194423
5 0.14527056139927613 0.7269768080362846 0.05952548620519007 0.06380923328249999
5 0.008867690808260588 0.8209839940160764 0.017735381616521176 0.05566942496187508
9 0.2595222484181203 0.46759984840513863 0.06914614767057933 0.06871493882958343
5 0.2501760673921699 0.7799361942448262 0.09791960085908266 0.11152068787965294
5 0.28868861149013314 0.8937434678961804 0.07432497060135787 0.0781990416031249
0 0.17233210764494594 0.5679466469421179 0.12842597241038015 0.12783667211208344
8 0.015609553370217393 0.6453663981763889 0.031219106740434786 0.09989220364722229
5 0.10455703019161167 0.6998337329981597 0.0631418091359686 0.07325696846486114
1 0.24340476198578762 0.10513686920670118 0.05327548620519007 0.06366376291777782
1 0.19332287483065785 0.107863132124479 0.04653416327441153 0.05414329255305561
1 0.1866811284487025 0.013733885258611042 0.051637743102595036 0.027467770517222084
1 0.06941954884766162 0.4174037459159375 0.05385534034363304 0.04495013050895835
1 0.3438540620766447 0.2729036378240622 0.02876680913596861 0.07245688145888884
0 0.3277620725920942 0.20773323271381913 0.07070200361804461 0.09840243882958344
0 0.20061639642738394 0.17713980898621512 0.07161605042954129 0.0562876740119445
0 0.1401635753056277 0.13953201263343737 0.06890048620519007 0.0640274388295834
0 0.08139940694283349 0.11436966489388882 0.09224945499752561 0.09266158510611118
0 0.14393038444159628 0.06765701263343737 0.0749048247398008 0.05948540919430563
0 0.06370953867089632 0.2583560542365625 0.0698831320667471 0.08277743882958344
0 0.12241615332478888 0.2101718209540624 0.06971935775648759 0.07965243882958335
0 0.030347082768859557 0.3738362370822222 0.05294793758467107 0.05741376291777778
0 0.14148930065668391 0.36734788810840263 0.05968926051544958 0.06693423328249999
0 0.21088775384518726 0.3235965816876387 0.0530298247398008 0.05897626291777787