1 0.6979673341561806 0.11001729020957011 0.12383884992375016 0.08508404800821019
1 0.7065415939398264 0.0419894528755526 0.08862739532659739 0.04894656010845859
1 0.8850679438635766 0.12533724229955578 0.09048083605604162 0.06145565046753818
1 0.7342704696991321 0.22622809748935832 0.12416615824437507 0.09914654800821018
1 0.497329594889757 0.018194967215296197 0.07590918977951393 0.036389934430592394
1 0.7597568597073958 0.01432455777076754 0.08826371941479164 0.02864911554153508
8 0.9864466462765279 0.09426398342076121 0.027106707446944257 0.11266362646343313
8 0.6305824252462154 0.2362076063681529 0.09869337955902786 0.07868860226293632
8 0.5494461004924309 0.4765558712970718 0.09571384992375016 0.08492042154477701
8 0.7897301808488895 0.6955002722555892 0.07957970364722229 0.06295451795398091
8 0.9793758156809899 0.6724707966524777 0.04124836863802024 0.06751475292686634
8 0.7146515667730906 0.39042695287555257 0.09542290919430556 0.07242042154477701
8 0.7758968848773614 0.33615708851236786 0.06827852773541672 0.04726588544042354
8 0.9702800516711113 0.44125715808879623 0.05943989665777742 0.09414997579950324
8 0.4780601033422226 0.3972728922761147 0.07641833605604162 0.06137383723582168
8 0.4306214056789239 0.37332685304850316 0.042152438829583264 0.06586134933607006
8 0.5927824456665284 0.6935206574996211 0.0605023953265972 0.048782933645025395
8 0.5758482123840283 0.6373615610904173 0.10436149810013902 0.053724963699254856
0 0.3242018726251737 0.06452909085005895 0.0633000870059723 0.034738614363184706
0 0.25474335780753476 0.06805861182910193 0.060247822188333355 0.03784543364502548
0 0.16811487357510418 0.038871081578480904 0.06813305737069446 0.04101588544042356
0 0.1982167877064937 0.7950483587058439 0.04905705547083343 0.09402271077238851
0 0.1913283952296881 0.666946084603543 0.040118466565000066 0.11271816861791084
0 0.15953222815159773 0.6100920966055956 0.039172909194305605 0.07209316861791085
0 0.07951676662059075 0.5628949097391163 0.05879573138263896 0.10970225292686635
9 0.08234690662885447 0.34878695794371817 0.03484908510611118 0.08769089754067191
8 0.3133527848567021 0.8740768076725717 0.04429682028847228 0.09087043969514959