8 0.12265625 0.25234375 0.1921875 0.10390625
8 0.0890625 0.146875 0.1234375 0.0953125
8 0.225 0.146875 0.090625 0.08515625
8 0.2328125 0.29609375 0.06328125 0.05625
8 0.125 0.3140625 0.08671875 0.04921875
8 0.2421875 0.22109375 0.05625 0.06171875
8 0.5546875 0.2234375 0.06875 0.0578125
8 0.8734375 0.109375 0.125 0.1515625
9 0.3015625 0.0859375 0.06328125 0.06328125
9 0.95078125 0.02421875 0.09765625 0.04765625
0 0.9390625 0.359375 0.12109375 0.0921875
0 0.5375 0.13046875 0.1453125 0.1484375
8 0.23984375 0.56484375 0.06015625 0.08671875
8 0.225 0.85078125 0.090625 0.090625
9 0.24296875 0.95078125 0.0546875 0.0953125
8 0.89765625 0.88046875 0.078125 0.0359375
8 0.76015625 0.8484375 0.1015625 0.040625
1 0.80078125 0.8796875 0.04140625 0.02890625
1 0.86484375 0.8234375 0.034375 0.02578125
1 0.36171875 0.690625 0.07578125 0.04453125
8 0.9265625 0.78671875 0.0453125 0.02421875