8 0.7617161455957644 0.6585109659143334 0.08793633723582168 0.07652731818121908
8 0.7771997241491831 0.8168183437553548 0.14450449980360816 0.1321966655834313
8 0.564631546456086 0.832246295052601 0.08007838544042353 0.06857845048646709
0 0.5164889622453265 0.9166718879905865 0.08001475292686636 0.05764095048646709
0 0.5012366669675907 0.8528821233800897 0.07540906615858275 0.07162162986961604
0 0.6184696187629889 0.8430241079588143 0.09127041549465283 0.11251936525912001
0 0.6830815646064586 0.8817360060923752 0.047193162567786474 0.05550570616851012
0 0.8507548779363712 0.9295853506552139 0.06470791549465282 0.11205571509696384
0 0.9027224197962612 0.7247927106393276 0.07217498184962742 0.05281708279171564
9 0.13784491276417835 0.07258629180289491 0.07223861436318471 0.06375458279171564
8 0.050862542350869434 0.11941247321463877 0.07225679508134394 0.06687958279171564