8 0.8421529382879136 0.5503243931155429 0.13774935079830258 0.09142364126984148
8 0.7509019026989194 0.3761673974344796 0.15394735376405233 0.10648743676633483
0 0.7607171848650537 0.923022611037285 0.13462435079830276 0.09122338217054278
0 0.8386100801124181 0.8267169123938742 0.11976335475263547 0.10897208667404996
0 0.7319369743711995 0.7139084268918439 0.11147069368794008 0.13493380937615385
0 0.894326886424478 0.7024969648301979 0.09636034684397003 0.07007027297895921
0 0.7026752387056556 0.7798245211240327 0.04693334980971962 0.08092862739018099
8 0.3166277203796858 0.27431289173126694 0.13073534684397004 0.07227312307124434
8 0.5055602277940596 0.3214846876891855 0.09215300790866543 0.043307513879660677
8 0.47018646049385404 0.23740078192137437 0.07978034190105418 0.04563147748246603
8 0.12302495901097932 0.2081407718992251 0.04320617193911023 0.02770349784053163
8 0.3764736111784261 0.15581201804171377 0.09878500988583169 0.05308303207825791
1 0.4626830252088709 0.14886920804725107 0.05726867193911041 0.02860466378737554
1 0.584202539543327 0.22444780382059948 0.06364600593149898 0.03213018198597286
9 0.18259491307904274 0.38883886181247734 0.08603034190105419 0.04603199568106327
0 0.15063264726171194 0.31198646514396494 0.14148184585538687 0.06828652991878954
8 0.41155017300205554 0.8445438510151357 0.05883117193911023 0.02870479333702498
8 0.511454672507764 0.8486083921926924 0.10127333992388791 0.03765829117755644
8 0.3025717624316518 0.8663909677648587 0.07601867193911023 0.029806218383167504
1 0.24888439383885191 0.696199581275379 0.07276633794672147 0.0264809592838688
1 0.2289021576790163 0.7603727028054638 0.053952670950527096 0.023716904688076922
1 0.11953908653820881 0.8110259400055373 0.05864017095052709 0.02401729333702498
1 0.14327767547351347 0.8390403184754526 0.05414367193911027 0.028404404688076923
0 0.6258089911771135 0.7865868584163913 0.07640067391627667 0.0391812183831675
0 0.6129535055115696 0.8535543129198981 0.10465300790866543 0.04410855027685514