4 0.7143511793284697 0.8721384970745646 0.06937852103089917 0.1352551819859727
9 0.7683526045886688 0.8106712685123643 0.05220430913596861 0.07497901603912886
8 0.8678048914505428 0.49466793183831453 0.05910276232447202 0.11746690468807693
8 0.7286815157153739 0.5921611004060521 0.07250352103089916 0.13545544108527138
0 0.9616744843961678 0.08608678285345026 0.0766510312076644 0.1721735657069005
0 0.7026137449116174 0.05958124691768102 0.19881371551297528 0.11916249383536204
8 0.27347395804974334 0.37206026295681 0.17274918249628843 0.1465512322628281
8 0.13975289178922717 0.767079273597268 0.11740658525525038 0.1305466980251019
8 0.35010721562451685 0.7873057287190838 0.05680327792830413 0.10330427513842758
8 0.20323778041469498 0.5874232495385747 0.1029346494796016 0.12183303207825791
8 0.42453292627625194 0.5920549830380204 0.08303822930778501 0.09875647748246603
5 0.25986175316375937 0.9349700755721664 0.05319359905006031 0.06414164558877822
5 0.3702326871303859 0.8871357479974151 0.06289614767057934 0.07099242288667398
5 0.296436661011104 0.8401291425064594 0.06963747060135787 0.08076794108527138
9 0.28159075248639087 0.482066318632336 0.06100609905006031 0.0646422933370248
5 0.2865094623451565 0.919936558453303 0.04661605042954129 0.05749112739018116
9 0.06130374943417312 0.19752703963639706 0.0761331320667471 0.0858559592838688
9 0.11770423563936319 0.25662263494832016 0.08296298620519008 0.06760660703211538
9 0.238360894391219 0.18069358575119912 0.06684666327441154 0.05723031153562217
9 0.34297315128862393 0.14263477637504526 0.06741987336031982 0.06816781153562217
9 0.37707151232447195 0.09028173195828623 0.06857293758467105 0.060455441085271476
9 0.387247694482076 0.013460069402915742 0.05418288896415202 0.026920138805831485
9 0.4345354522839921 0.0051021028700622365 0.06594590456798421 0.010204205740124473