0 0.2234375 0.33515625 0.04453125 0.08125
0 0.29921875 0.221875 0.05078125 0.0984375
0 0.06640625 0.30390625 0.08125 0.08125
0 0.35234375 0.17109375 0.03359375 0.0671875
0 0.3453125 0.07734375 0.053125 0.0640625
0 0.3421875 0.30390625 0.034375 0.0859375
0 0.26171875 0.30703125 0.03828125 0.065625
0 0.165625 0.44609375 0.04375 0.0625
0 0.16953125 0.37890625 0.03046875 0.04296875
8 0.08203125 0.4984375 0.053125 0.07265625
1 0.40859375 0.37578125 0.03828125 0.0796875
1 0.44609375 0.36640625 0.03359375 0.07265625
0 0.53984375 0.928125 0.08671875 0.02578125
0 0.46640625 0.79453125 0.090625 0.03828125
9 0.83671875 0.78671875 0.0671875 0.02421875
8 0.60546875 0.90390625 0.07265625 0.02109375
8 0.828125 0.759375 0.0484375 0.01875
8 0.96484375 0.80234375 0.05234375 0.02734375
8 0.71484375 0.80859375 0.09921875 0.04140625
0 0.9203125 0.88125 0.103125 0.034375
0 0.64296875 0.8375 0.08515625 0.02734375
0 0.53828125 0.80625 0.06484375 0.01875
8 0.63671875 0.78359375 0.11171875 0.03828125
8 0.77265625 0.76640625 0.0671875 0.02890625
8 0.50703125 0.865625 0.08828125 0.03828125