9 0.27421875 0.6640625 0.0453125 0.0953125
9 0.10234375 0.6953125 0.03203125 0.08515625
9 0.3828125 0.75703125 0.03203125 0.0609375
9 0.37109375 0.70859375 0.03203125 0.05546875
9 0.090625 0.80234375 0.02890625 0.0796875
0 0.14765625 0.453125 0.05234375 0.11484375
0 0.04296875 0.76015625 0.06171875 0.171875
0 0.18359375 0.7515625 0.046875 0.13359375
0 0.184375 0.5203125 0.0453125 0.09765625
0 0.2390625 0.7046875 0.0421875 0.090625
0 0.44765625 0.81796875 0.05859375 0.10234375
0 0.284375 0.50546875 0.0453125 0.075
0 0.384375 0.9109375 0.03359375 0.0890625
0 0.1921875 0.91484375 0.025 0.06640625
0 0.13203125 0.67265625 0.03203125 0.08359375
9 0.7921875 0.64140625 0.05234375 0.1109375