0 0.20243141395608277 0.7962826519532864 0.06791169467652329 0.13463106426490726
0 0.5988315700778623 0.8346893047645029 0.10534802768032883 0.13415970282385176
9 0.5977531146012861 0.22918946252377706 0.06644735376405216 0.09869356426490725
8 0.2666451056668565 0.6758050159016247 0.057581689733607354 0.11092077962517113
8 0.6767230315974805 0.22533102513933162 0.052928681824942106 0.07332985141192579
8 0.5426530736122654 0.034386225620502975 0.07336851581733086 0.06877245124100595
8 0.5423149036131405 0.44070963572245747 0.11835736364988403 0.14702341567683314
0 0.31381846638817207 0.15005485814235037 0.09373936562705039 0.15567098997087014
0 0.4596549594309088 0.5734288590002802 0.07084569368794007 0.13003449247815269
0 0.5604150103057612 0.7242208176966265 0.050822353764052156 0.09823892319868044
8 0.6213564633852415 0.549996056018144 0.10687603558899425 0.17165970282385157
8 0.6619018448296228 0.3209617738856904 0.07888368676785795 0.09749477711788863
8 0.3890719095074585 0.8119207091585647 0.10678319368794006 0.13108016693047447