8 0.6918899550716266 0.5390399914818786 0.13579365626060227 0.042970524349729186
9 0.696344331295162 0.6218252179429283 0.1227877139724832 0.11769778896022594
0 0.7623091595102812 0.9661967808491415 0.10147321996293321 0.043933006492821745
0 0.9713740692294444 0.9364472309318671 0.05725186154111128 0.08592959172016919
0 0.5987674707655414 0.8048889082831259 0.0838690577118811 0.07641822402541756
0 0.854692577751783 0.8582694582036957 0.09324405771188111 0.07658186525912
0 0.7729465260303516 0.7111683616122623 0.10020338584218216 0.09700345941492117
0 0.6545561684959559 0.8578542211893392 0.0868849303072194 0.07334777110331814
0 0.5575298571558778 0.6985122232179342 0.08921132213985139 0.0952500446422686
4 0.07410972194666768 0.7343107702925394 0.10435022721932725 0.21575345941492116
8 0.8339583377489479 0.026007752031890173 0.1085416754978958 0.052015504063780346
8 0.8954762573412122 0.48154727110990886 0.06490080290255769 0.06984094155801372
1 0.729910733209777 0.12797007792704224 0.04516865626060227 0.041388659090609535
1 0.7654935691446265 0.11718653653118442 0.03757441106992569 0.04750229139585782
1 0.8002133095259796 0.10407288190480177 0.04684028366526398 0.04454093262955987
1 0.893154810791924 0.34791261080148345 0.042207347367595106 0.04602161201270878
8 0.8340898348385413 0.3802126420510715 0.037192465153609786 0.03656479139585782
8 0.7766518462712865 0.43671778653118454 0.048511911069925515 0.04769320616851012
8 0.7801414340202344 0.469489376222759 0.04215278366526398 0.044459112012708954
8 0.6696553126060225 0.39480875041033237 0.04360615626060227 0.04136138555165925
8 0.5533234405588384 0.19749914813685618 0.050074411069925516 0.04772047970746054
8 0.6870610342982362 0.1545149870176518 0.06791667549789597 0.06677048863591431
8 0.9774033252198944 0.3652034764676403 0.04516865626060209 0.041388659090609535
8 0.9299206568935745 0.1471489517108739 0.05508929328391084 0.05717730032431154
8 0.7498586785779389 0.3410331396154395 0.04840278366526398 0.044568206168510205
8 0.6079588660567344 0.2622104845820198 0.08817461179556503 0.06556254464226878
9 0.2424677861123347 0.20527033238797382 0.04357143992586625 0.08508411201270887