8 0.2159907954946673 0.5275063347017388 0.09578768899896399 0.04429542154477702
8 0.2947601124915593 0.3958336330045366 0.13707196856846854 0.12576359016268784
8 0.0908774412752756 0.31266765076212577 0.092119033498446 0.06614315046753827
0 0.08278030500517997 0.21820912363476275 0.091609611248705 0.055205650467538184
0 0.038963992556401914 0.27315569886853186 0.07792798511280383 0.06922269867214012
0 0.1545760682397463 0.32010744603986147 0.10353172249740998 0.10994769262201594
0 0.23964242700725197 0.30477281664956213 0.05247433664159917 0.05341589149054773
8 0.7264102570338224 0.6698099258463854 0.1395077638537389 0.14452268052176756
8 0.7254705335029552 0.8744474288714474 0.08220037799792798 0.08795451795398108
1 0.501598655709915 0.5664587086310892 0.07049659057054054 0.03789997579950324
1 0.5099076536430004 0.7569837146812134 0.045351041356328815 0.03462953005422946
1 0.5082145670014012 0.8101041695016736 0.049203787427387444 0.050272710772388506
9 0.7889532222925222 0.2828321006126163 0.13779971463952734 0.14138859016268784
9 0.9070397504142849 0.14546338993842362 0.10167812406898662 0.10368860226293633
9 0.9617699840793466 0.3286889803956991 0.04895123035529281 0.0783886204133089