0 0.26015625 0.22421875 0.115625 0.05625
0 0.30546875 0.28515625 0.09140625 0.06796875
0 0.41640625 0.290625 0.06171875 0.046875
9 0.40546875 0.3578125 0.07578125 0.05625
9 0.3578125 0.203125 0.0421875 0.03671875
9 0.31171875 0.16640625 0.0546875 0.0375
1 0.16328125 0.38515625 0.05625 0.059375
1 0.16640625 0.31015625 0.04921875 0.04375
1 0.2203125 0.35703125 0.06328125 0.0484375
1 0.278125 0.3734375 0.04375 0.03359375
1 0.2046875 0.446875 0.03359375 0.03671875
1 0.14765625 0.45546875 0.04375 0.03203125
1 0.20078125 0.18359375 0.0546875 0.04375
6 0.515625 0.3453125 0.0875 0.0515625
8 0.1171875 0.0625 0.0734375 0.0546875
1 0.2625 0.4625 0.03125 0.02421875
1 0.296875 0.39609375 0.028125 0.02734375
1 0.31484375 0.4421875 0.03359375 0.03046875
1 0.34453125 0.36875 0.03125 0.02734375
1 0.17890625 0.2703125 0.03828125 0.03046875
1 0.21953125 0.28203125 0.06484375 0.046875
1 0.20078125 0.31953125 0.03125 0.02890625
1 0.32890625 0.32890625 0.03515625 0.02734375
8 0.66171875 0.175 0.16171875 0.13046875
0 0.7953125 0.421875 0.23359375 0.13515625
0 0.93671875 0.28359375 0.1265625 0.1484375
0 0.3734375 0.87890625 0.08046875 0.040625
0 0.37734375 0.9390625 0.13359375 0.07890625
0 0.46953125 0.84453125 0.07890625 0.09375
0 0.3765625 0.79921875 0.06171875 0.08046875
8 0.29765625 0.721875 0.07578125 0.03671875
8 0.2203125 0.62421875 0.06171875 0.08046875
9 0.3421875 0.50625 0.05625 0.03359375
9 0.34375 0.60234375 0.09140625 0.07578125
9 0.565625 0.853125 0.0125 0.0609375
0 0.92109375 0.875 0.059375 0.0578125
0 0.7203125 0.88671875 0.04375 0.05
5 0.79140625 0.70390625 0.05625 0.0421875
5 0.71875 0.81875 0.06640625 0.0390625