0 0.904886337526792 0.7847872785045439 0.1288200197716634 0.0973871285298145
0 0.8422868839530201 0.6114012542896491 0.16019735376405214 0.10142141066226813
9 0.9667145978511439 0.5380055552267212 0.06657080429771227 0.06780727711788863
9 0.703140812317921 0.6709845059390018 0.0966786818249421 0.07460284639736088
9 0.8018342747889415 0.8855578198081975 0.09160917984777547 0.06509145407749273
9 0.7706107911005639 0.9639017801538966 0.05433467292769336 0.031233279625171306
1 0.7103710390862165 0.5604872751393316 0.0774193458553869 0.06155727711788863
9 0.5806901507589342 0.6987949203621936 0.07442167984777566 0.06459134890464338
9 0.603164670036306 0.7896556010827214 0.06322951186299815 0.05802310015828453
1 0.7271792653230392 0.051583636580387296 0.10493685079830276 0.08576766693047429
1 0.5859586991251475 0.1370390664429853 0.09393568380210837 0.08388691818411553
1 0.6590261260071737 0.18340794959165332 0.08787668479069169 0.08839256175762475
1 0.7858870563492409 0.24463730311515014 0.11849001482874755 0.07367684389007838
1 0.7189343196951138 0.3099417058598595 0.07665534190105419 0.04280727711788872
1 0.8018343444096931 0.42485600052872546 0.10414367193911041 0.028000631037096824
1 0.5853087361970166 0.3130476369760987 0.09795202174882985 0.10585284639736088
1 0.48166908304098666 0.38020169622644107 0.0815975098858317 0.049193669437756785
9 0.37901763243296427 0.2220602387837359 0.028565351786885886 0.08822742570596294
9 0.12069450197716636 0.008238397334432972 0.08513900395433271 0.016476794668865945
0 0.04216759536109529 0.055871915281121634 0.08325285178688593 0.08981866943775674
8 0.13134147779405964 0.28636574584336494 0.0874946828135252 0.07901756175762475