8 0.47109375 0.240625 0.04453125 0.09453125
8 0.60234375 0.31328125 0.12578125 0.13125
8 0.68671875 0.10546875 0.06484375 0.0890625
0 0.78125 0.09296875 0.0546875 0.0890625
0 0.7265625 0.0484375 0.06796875 0.08046875
0 0.67890625 0.16953125 0.11015625 0.0984375
0 0.69375 0.25390625 0.05234375 0.05078125
8 0.32578125 0.7578125 0.14296875 0.1328125
8 0.12109375 0.76640625 0.08671875 0.07890625
1 0.43046875 0.528125 0.0375 0.06875
1 0.23984375 0.5453125 0.034375 0.04453125
1 0.18671875 0.54609375 0.04921875 0.04609375
9 0.7125 0.80234375 0.13984375 0.13125
9 0.84921875 0.9140625 0.10234375 0.096875
9 0.665625 0.97734375 0.078125 0.0453125