9 0.07830626599300032 0.05139432266470464 0.10119996801399936 0.10278864532940928
9 0.3298403993077739 0.18441771662159298 0.06504429201145401 0.08512043467536326
9 0.023540947982978056 0.2879903486632729 0.04708189596595611 0.07558180267345423
9 0.3969091732972744 0.2609705786123661 0.09480451734563582 0.09171588001272664
8 0.46538700063654687 0.21642969060313932 0.06349997334499946 0.08666475334181775
0 0.7724187979790009 0.1456786492282321 0.11722495735199914 0.13884541868236294
0 0.7715455466263655 0.2878570585614594 0.050581802673454135 0.050581802673454225
0 0.6736074859564111 0.3132121419080497 0.047474984006999676 0.05210794000636341
0 0.6842915419716832 0.200603053906777 0.047784066677272106 0.0786704400063634
0 0.8575012279599109 0.28529458521645995 0.04100680800445424 0.033285214672181596
0 0.9095000799650016 0.24719460120946027 0.03828179734245403 0.06762385200509069
8 0.5124785346117298 0.3986694785964578 0.03808180267345414 0.05043635200509069
8 0.7197461419478206 0.37594795190168634 0.050727253341817755 0.06308180267345423
4 0.15303825791695835 0.609855163311592 0.14564085868872625 0.16417268268618096
8 0.326627562539824 0.930447831954184 0.12652723201781732 0.1327045066836355
0 0.33910138522441413 0.7982893126193659 0.10434314934754481 0.10588746801399936
8 0.6849213205363242 0.9520564659055044 0.05530566534054522 0.05376134667409076
0 0.7837957198838691 0.846232632558914 0.050654528007635945 0.05683180267345413
9 0.8408173318746421 0.9135286732177326 0.07096702800763595 0.05706816000954511
9 0.5165745939290487 0.5165745939290487 0.047474984006999676 0.05210794000636341
9 0.563693947247004 0.6292922225891399 0.05377952800763595 0.056868165340545215
1 0.7444819652689575 0.46549170989818656 0.053888616008908666 0.06624316534054522
1 0.7134484992441404 0.6486405645687772 0.041243165340545215 0.05359771467218159
8 0.7821530459102769 0.6517468358927777 0.05399770401018138 0.07561816534054522
8 0.49665879921232375 0.8855064072645031 0.01631589067472685 0.05955681333545435
8 0.7632019565563687 0.8035093305617774 0.05374316534054504 0.053743165340544866
8 0.5868865465865947 0.5829348432527309 0.07103975334181775 0.06331816000954511
8 0.5935423425366423 0.9507763239179129 0.047656797342454024 0.0677329400063634
8 0.8398911785487326 0.8588593545512779 0.04752952800763595 0.056795440006363405
8 0.8754217879137768 0.6248837965468237 0.053724984006999675 0.05218066534054522
8 0.6869763585694135 0.7083155565722772 0.04756589067472685 0.05992044000636341