8 0.2609375 0.4078125 0.05390625 0.05625
1 0.3296875 0.15234375 0.03515625 0.0328125
1 0.2359375 0.3046875 0.0515625 0.05625
1 0.3828125 0.4078125 0.03984375 0.03984375
1 0.3796875 0.45625 0.04375 0.0515625
1 0.45625 0.28359375 0.02734375 0.0546875
1 0.4546875 0.3390625 0.0296875 0.05
0 0.90234375 0.31953125 0.0921875 0.11015625
0 0.8828125 0.06640625 0.1171875 0.0984375
9 0.7578125 0.1328125 0.0984375 0.08359375
9 0.6453125 0.7796875 0.08984375 0.05859375
9 0.95078125 0.8765625 0.0984375 0.09140625
4 0.7203125 0.940625 0.16015625 0.08125
4 0.859375 0.7671875 0.12890625 0.0703125