8 0.10937424696399212 0.8029682241357525 0.05573317445232169 0.037528743731794025
8 0.21292645895904375 0.9758852354185237 0.03859113855894432 0.03859113855894449
0 0.9601291017411302 0.642943107813146 0.07293269780928675 0.14575042069139793
8 0.9604463166391757 0.9494431603995708 0.056051423198680436 0.048466243731793666
0 0.967797883082161 0.8129373590667871 0.06440423383567798 0.09602320533113406
0 0.5661300830030187 0.35024376009563685 0.06190426959604132 0.1423071719450391
0 0.36433894780928666 0.133270523423472 0.09996655925034226 0.10906877461060623
9 0.22065348079967012 0.008543448469360782 0.0584489974927175 0.017086896938721563
9 0.199230773356965 0.10210675461885352 0.052818774610606224 0.09832985141192578
8 0.40653715650563294 0.031194861045344247 0.05369931301126592 0.06238972209068849
8 0.32392924498543507 0.03956730219071334 0.07285848997087019 0.07913460438142668
0 0.8409409002374268 0.06701475679693157 0.044659282132453626 0.03252299498543507
0 0.8106229144231918 0.09995528892938521 0.04153428213245362 0.032432066772189704
9 0.6691497829238765 0.31675164700522856 0.032704851411925875 0.050909282132453625
9 0.8435383659934022 0.21002897090355424 0.03854567445232178 0.03702863855894432
9 0.826325785431159 0.29028477223633775 0.032613923198680436 0.04778428213245363
8 0.7245694056477031 0.1790865109535667 0.04391513605166182 0.06060253087881238
8 0.7881127315910929 0.29374239284859344 0.04235263605166182 0.06055706677218975
8 0.8412568004748536 0.15848920295686558 0.04180706677218993 0.041807066772189705