8 0.2328125 0.12578125 0.09765625 0.10625
9 0.30234375 0.25 0.07109375 0.08046875
9 0.15625 0.209375 0.05234375 0.053125
1 0.375 0.0640625 0.05078125 0.06015625
1 0.2984375 0.34140625 0.0625 0.05625
0 0.31484375 0.41796875 0.11484375 0.0984375
0 0.1875 0.3921875 0.13671875 0.0453125
0 0.15234375 0.6171875 0.128125 0.15703125
0 0.3078125 0.740625 0.0796875 0.23125
9 0.26796875 0.775 0.0609375 0.0859375
1 0.221875 0.96953125 0.05078125 0.06015625
0 0.3859375 0.67109375 0.08671875 0.1046875
0 0.09765625 0.43125 0.05859375 0.0546875
0 0.0328125 0.553125 0.065625 0.1046875
9 0.84765625 0.57578125 0.05546875 0.059375
9 0.64453125 0.57421875 0.06796875 0.0859375
9 0.53671875 0.60703125 0.04140625 0.06171875
9 0.50546875 0.690625 0.0453125 0.0484375
9 0.75078125 0.6125 0.046875 0.05625
4 0.61875 0.6546875 0.08203125 0.07890625
1 0.68203125 0.79765625 0.08828125 0.0890625
1 0.7171875 0.70234375 0.08828125 0.059375
1 0.6734375 0.46171875 0.05546875 0.0546875
9 0.50390625 0.6515625 0.0453125 0.053125
9 0.93359375 0.90078125 0.07109375 0.06484375