0 0.5753934212285502 0.7616746964325729 0.12957950668363552 0.12723643019392786
0 0.8183798052196416 0.8230450243563198 0.11086586935072659 0.13003414772652383
0 0.7712155459102769 0.6473416408332555 0.1404079186823628 0.11805234496658024
9 0.6482683945735498 0.6744826136408573 0.13248633068109025 0.10854097727182861
9 0.5636099418762329 0.9016957244357501 0.11052042401336308 0.10034664772652384
8 0.9369490865690953 0.7022495089350442 0.08826361600890849 0.06715231818121907
8 0.6644484725891399 0.559379765020829 0.1404442813494537 0.12117734496658024
8 0.703321163271821 0.4407564500860208 0.1880090773392725 0.04702282467404082
8 0.777191731222187 0.8050177731385038 0.21135676535645337 0.17396715421934558
0 0.898950741923958 0.544351234178278 0.19208060136854357 0.2626750982129911
9 0.5463229918841871 0.8434156201336791 0.07287497334499946 0.08719208279171582
9 0.9314301713080921 0.16964156047717188 0.06155566534054522 0.05418866801906326
9 0.8927023839513204 0.34293873864250485 0.08673747867599957 0.0702500446422687
9 0.8797580359643653 0.24709045049305792 0.056795440006363405 0.04785684740221221
4 0.8152495459500478 0.35366377882054667 0.0821590666772721 0.07954322402541773
1 0.699715999960229 0.28069565747234704 0.09160679201145391 0.08595686525911975
1 0.7920944039624563 0.26268026867427696 0.06655224801081765 0.0808329886359143
1 0.9841904499522748 0.33431198661391 0.024055665340544864 0.05353410308425506
9 0.6555318373249549 0.050263863640857206 0.06951361600890867 0.06682503571381496
8 0.10607070922186876 0.8190755081176748 0.09178860534690844 0.10158186525911965
8 0.3711695452339591 0.7254037800350673 0.09197041868236297 0.11720686525911965
8 0.34442413721359644 0.8758401566582729 0.05394316000954502 0.07123980032431163
1 0.26158655458309477 0.6109339513005415 0.04436816534054513 0.05388865909060954
1 0.24029171522918658 0.7628373705374207 0.028470445337363516 0.030178423701106107
1 0.23282411322409594 0.8004601014626973 0.03170453333863614 0.039607970779006865
1 0.10665415392268537 0.5675539184261004 0.03800907733927246 0.0444045649348082
1 0.03975700791695837 0.6109005438314898 0.028524989337999785 0.034865923701106104
8 0.12597850795672927 0.31648629626712177 0.0942045333386361 0.04069891233702041
0 0.36326087929663803 0.26391685511614527 0.0787977093411814 0.05917617694751698
0 0.4041944146244565 0.30381910633396125 0.06460794000636341 0.04799321509696393