9 0.01640625 0.2609375 0.03203125 0.03984375
9 0.67578125 0.3703125 0.01953125 0.0390625
9 0.70859375 0.06875 0.0265625 0.05703125
9 0.71328125 0.02109375 0.01171875 0.0328125
9 0.6515625 0.21484375 0.028125 0.0453125
9 0.765625 0.253125 0.0265625 0.05546875
9 0.7140625 0.184375 0.01953125 0.07109375
9 0.61328125 0.028125 0.04140625 0.0375
9 0.78125 0.1359375 0.0234375 0.05390625
8 0.746875 0.228125 0.02734375 0.05078125
4 0.64140625 0.27421875 0.0453125 0.0703125
4 0.76640625 0.32109375 0.03359375 0.075
0 0.5390625 0.13203125 0.0203125 0.0609375
0 0.74453125 0.225 0.0234375 0.05234375
0 0.63515625 0.41875 0.03515625 0.04765625
9 0.26640625 0.81875 0.040625 0.0609375
0 0.9796875 0.6859375 0.040625 0.1515625
0 0.85625 0.96015625 0.07578125 0.0796875