9 0.01015625 0.21875 0.0203125 0.08125
9 0.28515625 0.3296875 0.0484375 0.059375
9 0.22734375 0.24453125 0.0515625 0.075
8 0.19375 0.33828125 0.05546875 0.0421875
0 0.06484375 0.215625 0.06171875 0.1421875
0 0.159375 0.2859375 0.10390625 0.10703125
8 0.7578125 0.1484375 0.0890625 0.090625
0 0.74609375 0.3484375 0.05390625 0.021875
0 0.79140625 0.234375 0.04609375 0.05546875
0 0.84375 0.34921875 0.040625 0.0203125
0 0.63359375 0.3171875 0.05546875 0.059375
0 0.71875 0.265625 0.040625 0.06796875
0 0.94140625 0.16875 0.06328125 0.08515625
8 0.4046875 0.60078125 0.06484375 0.10078125
8 0.4453125 0.8671875 0.209375 0.25
0 0.2203125 0.75 0.134375 0.16953125
9 0.23515625 0.6453125 0.06953125 0.103125
5 0.93203125 0.45078125 0.10859375 0.13984375
5 0.925 0.86328125 0.11328125 0.134375