0 0.08203125 0.8728737673002055 0.0890625 0.06925401878308009
0 0.040625 0.9516553419010542 0.071875 0.059178681824942105
9 0.89609375 0.8138567723174835 0.05 0.06766234387822045
9 0.709375 0.8796860662722537 0.0640625 0.09792284684397004
9 0.60078125 0.8768237100367436 0.0375 0.07340300790866508
9 0.55 0.7950670326604259 0.040625 0.054780341901054186
9 0.79609375 0.8035320845610425 0.04375 0.06428267589344294
4 0.66328125 0.7989016398845192 0.0765625 0.09061968281352524
1 0.68359375 0.6216043108350463 0.08125 0.10018568380210838
1 0.74296875 0.7154299066904332 0.084375 0.06593801779449712
1 0.765625 0.9822447445999736 0.053125 0.03551051080005294
9 0.559375 0.8399802846375921 0.0421875 0.06109400889724874
9 0.01171875 0.3801650024714579 0.0234375 0.08376750494291585
8 0.14921875 0.34983019813656435 0.0765625 0.09061968281352524
8 0.08671875 0.4152522682887888 0.065625 0.02142401384016459
8 0.3125 0.1892958992388783 0.1109375 0.1670203567298018
0 0.18828125 0.24282812304142415 0.05625 0.06479201186299814
0 0.25078125 0.09224980288919984 0.040625 0.08134284190105419