7 0.5070003607574505 0.6745589360677696 0.10141814401654478 0.12303860534690844
7 0.6632396280633153 0.47406059142263224 0.10107269867918127 0.09335110534690845
7 0.6796464254057695 0.5414299047580867 0.06657042934436319 0.08201361600890866
7 0.4630332794398132 0.7896566773949517 0.06504429201145392 0.08512043467536312
0 0.34463562607413295 0.5500300087125888 0.12659995735199914 0.13895450668363551
0 0.3280651967297698 0.46859819537713426 0.1572681546785449 0.08931813335454457
0 0.39267477876349555 0.7177538580521794 0.10474313868554459 0.14026246801399936
0 0.43640331337522537 0.3136299793920882 0.10704997867599957 0.06998633068109025
0 0.5468311886934988 0.2039924447405875 0.09771134134309048 0.07300224267981754
7 0.35951245468649906 0.15025727538190686 0.1319954346753633 0.06558973201781737
7 0.6729744233370453 0.035170814091313986 0.06141021467218159 0.04133407200827235
8 0.8874423860995864 0.7438207501193126 0.025509077339272324 0.044040901336727244
8 0.8801940547819491 0.8593457527848127 0.03194089067472703 0.0597386266709087
8 0.8186463854232686 0.6719361121100859 0.07311133068109008 0.10708634134309047
8 0.9133156374522219 0.8862900607892671 0.01922271467218124 0.04084317600254543
8 0.9002963747612684 0.707256541454449 0.027035214672181597 0.04093408267027243
9 0.8444687100174992 0.13871507944776745 0.09767497867599957 0.06987724267981758
9 0.9223686327179976 0.3888065334579488 0.0880636213399086 0.049455654678544916
9 0.740788632001909 0.02268045210054083 0.05970226400381797 0.028815890674726903
9 0.8289731687221338 0.41818440344522206 0.08466590133672725 0.025981792011453918
0 0.8188430960375438 0.2860531561107222 0.13833634134309064 0.07347495735199913
0 0.8279630100254532 0.19710883477876756 0.0944954346753633 0.06515338001272668
0 0.9752454480028636 0.08790765213235754 0.049509103994272864 0.06933180267345425
0 0.9249481927116342 0.3419678961250397 0.0849386213399086 0.0494192920114541