8 0.878125 0.44375 0.065625 0.05078125
8 0.95625 0.434375 0.0578125 0.06953125
8 0.8140625 0.2375 0.06171875 0.084375
8 0.7859375 0.303125 0.0359375 0.0671875
8 0.82890625 0.40625 0.03671875 0.07265625
8 0.7234375 0.21796875 0.04765625 0.0484375
8 0.63359375 0.01328125 0.04921875 0.02578125
8 0.79453125 0.1578125 0.06484375 0.078125
0 0.74765625 0.4421875 0.05234375 0.05390625
0 0.68515625 0.0484375 0.0921875 0.09140625
0 0.67734375 0.12734375 0.10859375 0.13828125
0 0.7109375 0.2890625 0.11796875 0.125
1 0.1984375 0.71953125 0.06171875 0.0578125
1 0.34765625 0.775 0.04140625 0.04140625
1 0.25546875 0.82578125 0.025 0.0296875
1 0.27890625 0.76328125 0.09453125 0.065625
1 0.29140625 0.81015625 0.0453125 0.05234375
1 0.453125 0.72890625 0.04765625 0.046875
1 0.43984375 0.9234375 0.03828125 0.03515625
1 0.26171875 0.68046875 0.04140625 0.04296875
1 0.24140625 0.896875 0.0421875 0.04140625
1 0.35078125 0.7234375 0.0421875 0.065625
1 0.41171875 0.75234375 0.034375 0.03203125
8 0.36875 0.553125 0.053125 0.065625
8 0.22890625 0.525 0.03828125 0.04296875
8 0.4234375 0.61953125 0.0578125 0.0390625
8 0.19765625 0.83046875 0.05234375 0.0484375
0 0.25546875 0.621875 0.06328125 0.046875