0 0.33359375 0.24453125 0.07578125 0.07890625
0 0.246875 0.2109375 0.09140625 0.0625
0 0.31640625 0.10078125 0.090625 0.06484375
0 0.2078125 0.36875 0.0828125 0.0921875
0 0.309375 0.45390625 0.04296875 0.1421875
0 0.40546875 0.05625 0.103125 0.07578125
9 0.071875 0.38671875 0.06015625 0.0546875
9 0.27890625 0.4734375 0.03828125 0.0515625
1 0.2359375 0.59140625 0.0328125 0.03671875
0 0.4078125 0.21484375 0.05703125 0.05546875
0 0.46875 0.2765625 0.06796875 0.03046875
0 0.465625 0.2375 0.04609375 0.03828125
0 0.36875 0.415625 0.05703125 0.0609375
0 0.18046875 0.25 0.03828125 0.03125
0 0.24140625 0.0546875 0.06796875 0.0453125
0 0.209375 0.0984375 0.0609375 0.03828125
0 0.1 0.31953125 0.09765625 0.05703125
9 0.71953125 0.378125 0.0296875 0.05234375
8 0.69765625 0.39609375 0.02890625 0.05390625
8 0.81328125 0.590625 0.0296875 0.05
0 0.92421875 0.4765625 0.04296875 0.090625
0 0.909375 0.30546875 0.03828125 0.0734375
0 0.7046875 0.7875 0.0375 0.04921875
0 0.8671875 0.765625 0.04609375 0.0546875
0 0.890625 0.8359375 0.03984375 0.05625
0 0.7078125 0.8515625 0.0421875 0.02890625
8 0.909375 0.7234375 0.03984375 0.04765625