9 0.04453125 0.27578125 0.0890625 0.10234375
8 0.98125 0.303125 0.03671875 0.13359375
8 0.7578125 0.19921875 0.0828125 0.11484375
8 0.6078125 0.58984375 0.11328125 0.0796875
9 0.80703125 0.584375 0.0890625 0.090625
9 0.6453125 0.03046875 0.071875 0.0609375
0 0.62734375 0.4296875 0.10703125 0.1703125
0 0.7203125 0.3984375 0.0953125 0.09921875
0 0.79765625 0.3890625 0.0625 0.11796875
0 0.86640625 0.41015625 0.071875 0.11328125
8 0.07890625 0.725 0.11796875 0.13359375
9 0.19296875 0.69140625 0.0625 0.06796875
9 0.5296875 0.64921875 0.12265625 0.03984375
9 0.62421875 0.94453125 0.10234375 0.1109375