9 0.8295023959921874 0.21460650289097494 0.05196384992375016 0.08670378742738745
3 0.5847619792953467 0.6826329491286491 0.0708969943004167 0.16250430810555194
0 0.41984484090260354 0.7117103653825343 0.11355596656499997 0.11766699710451575
0 0.6642715606017358 0.4923761302697304 0.07725479065319459 0.10036818114108108
0 0.5681232592149649 0.4902442419327202 0.05218205547083343 0.09607878742738744
0 0.3537159203091316 0.46148773345566474 0.12057099240055572 0.21788532092583351
0 0.23247212747173554 0.6975086625298313 0.05886846656500007 0.11511988585581072
0 0.818251198994479 0.4627892917661045 0.07725479065319477 0.10036818114108108
0 0.44697495782819396 0.48694795988201617 0.08350479065319441 0.10065927956950453
0 0.5537737377478124 0.3003084466474499 0.11729790919430556 0.07726032092583343
0 0.709096364172708 0.34742965735803566 0.07830945079743064 0.14568068114108107