8 0.2059357573400117 0.7637351509031246 0.09814302273741297 0.1110863221398514
0 0.6675696412186698 0.9341419093406451 0.09909802768032883 0.13171618131870985
0 0.8437846313328381 0.9722855220432596 0.11125051779449713 0.05542895591348085
0 0.9448510187087183 0.7355556865521231 0.05567167984777584 0.06435516587924912
0 0.8851192385569313 0.8766419888217086 0.08197419467652338 0.13548612141421187
0 0.7440366407243781 0.9405631011654279 0.08251802273741297 0.11054068511654265
0 0.5223300784808191 0.8326786461786192 0.09182935574121878 0.10930556733052796
0 0.5562647266939333 0.9214881750345597 0.0654286818249421 0.07405754809323425
8 0.7032179115218058 0.4446851167745246 0.059433349809719614 0.08008929328391083
1 0.6221230563120599 0.1500323264858386 0.05892401384016459 0.06758929328391083
1 0.549367352738288 0.3227406509879427 0.04259867688202625 0.04985615626060227
1 0.7507162885175628 0.2390179593327959 0.05643568380210837 0.08310516587924913
1 0.948391079049473 0.05345994916599491 0.05009284190105419 0.04231647477225653
0 0.510071383878658 0.17350205362034785 0.07257001977166358 0.09615080290255769
0 0.8050125162744413 0.346532848170203 0.05024935079830293 0.08444941106992569
0 0.7320843522439965 0.3314683541606528 0.07244268577927464 0.09302580290255769
8 0.5783080948296226 0.36130464318339434 0.04935801285158128 0.0625744110699257