0 0.27294500197855703 0.7588006459659561 0.10800637978345576 0.11528064934754471
1 0.6983327615454685 0.9820530485757768 0.05059103338609496 0.02089430267345449
1 0.6582616910123551 0.9747041725811858 0.041670674452321775 0.0364102146721816
1 0.6221423345858643 0.968872343252731 0.05136392319868044 0.04745680267345413
1 0.6875326877136498 0.6914553205760952 0.04842077962517113 0.05367044000636341
8 0.7597259364600086 0.7015564792330047 0.041852530878812286 0.0426602146721816
8 0.8444957415537158 0.687284346554778 0.054761707838416385 0.056868165340545215
8 0.8609785479010643 0.662865601885778 0.048102530878812645 0.04273294000636341
8 0.9125219790173034 0.7959048212126418 0.048329851411925515 0.05054544000636341
8 0.7521026192256004 0.976738292568459 0.0727388180258309 0.030523841343090653
8 0.5443773842692952 0.8478609565961396 0.04262542069139794 0.06922271467218159
8 0.8092378546441241 0.7916360392266413 0.053108279625171305 0.053724984006999675
8 0.8850371396795715 0.9525275385503236 0.09593227711788863 0.07609088001272682
8 0.27960521278647443 0.47737792329727435 0.12661998746358769 0.11081132535009015
8 0.2754907111371218 0.3359716732972744 0.09151756175762475 0.08541133601209036
8 0.0465246251646022 0.3097198979949093 0.07750052586424747 0.08681020401018139
8 0.15522001207419392 0.20451368264641 0.09031877461060622 0.09789315467854491
0 0.5622656339400909 0.22713028592459442 0.09969377461060631 0.09800224267981754
0 0.680205640208297 0.17105191390836785 0.135523626022532 0.14840223201781733
0 0.5795263079301941 0.5786109699236398 0.12881898495630537 0.1327045066836355
0 0.6369821406040084 0.3239501945815039 0.1203699874635877 0.11073860001590834
9 0.7934678213245362 0.3033729705601867 0.09665970282385157 0.10109088001272663
9 0.5577396068222022 0.15215755792491253 0.07763691818411544 0.09149770401018134