8 0.3157342267559911 0.7430925116092691 0.10354664065150558 0.10214428298109546
8 0.2532763775742978 0.6544658279642436 0.11522818511654283 0.07877950585373235
8 0.24961314191744996 0.34825673458010187 0.10218254809323427 0.06308178298109554
8 0.6945436960011341 0.33990998691779295 0.09573414065150558 0.10209883118569749
9 0.5975943180483181 0.5385242280389984 0.07158731252120454 0.08164997579950324
9 0.10319446578658187 0.1591618974424761 0.11715278366526398 0.044422686571891704
0 0.5156448804847046 0.2943469811622563 0.15714286660488846 0.0712124455488821
0 0.4514856659640671 0.3806748457218328 0.07487600362819702 0.08635565651766246
0 0.4143701010806099 0.4585680415653025 0.11677083774894789 0.03348518657189174
0 0.40934034989948354 0.5382100897699044 0.10481647477225664 0.04903746369925486
0 0.5870386977304145 0.057310589475316843 0.09716766587924912 0.05367951190385667