8 0.02578125 0.07578125 0.05078125 0.09609375
8 0.0234375 0.50625 0.046875 0.13671875
8 0.0140625 0.2515625 0.028125 0.1234375
4 0.796875 0.2265625 0.08359375 0.1703125
8 0.584375 0.51328125 0.08359375 0.121875
8 0.73828125 0.4296875 0.04375 0.08828125
8 0.50234375 0.31875 0.053125 0.10625
0 0.62890625 0.08203125 0.10546875 0.14921875
9 0.12265625 0.83125 0.06796875 0.0484375
0 0.0515625 0.69609375 0.06328125 0.08046875
8 0.03359375 0.9515625 0.03046875 0.0625
8 0.16796875 0.75234375 0.05703125 0.0625