0 0.0140625 0.165625 0.02734375 0.14453125
0 0.03984375 0.3171875 0.05625 0.128125
0 0.09140625 0.0421875 0.0515625 0.084375
0 0.25234375 0.25859375 0.07578125 0.08359375
8 0.16328125 0.4484375 0.08515625 0.10625
8 0.25546875 0.48828125 0.078125 0.10078125
8 0.115625 0.3875 0.07109375 0.10234375
8 0.20625 0.31796875 0.0359375 0.065625
8 0.74453125 0.29921875 0.06875 0.1046875
0 0.7515625 0.134375 0.053125 0.08828125
7 0.15859375 0.95546875 0.1828125 0.08828125
0 0.1265625 0.8765625 0.2390625 0.13828125
9 0.61484375 0.55546875 0.08125 0.03203125