8 0.3566209972985769 0.08163839181121557 0.10197129465362362 0.08975479065319454
8 0.09978498130179984 0.2933337323325695 0.09699536831702944 0.11148432028847229
8 0.04371844987294309 0.1344302045971528 0.056947220990217665 0.06686149810013893
1 0.2930491338902835 0.3430830784565974 0.048331084186749605 0.026091027735416716
1 0.23228739718563746 0.19733351415204878 0.032706084186749605 0.025727351823611144
1 0.21820251038216937 0.15643575721819464 0.03343412628012441 0.038227351823611144
1 0.49025806285771345 0.32660801253652816 0.017991136803468068 0.04098867591180557
8 0.45713880987394173 0.6956476468452086 0.1254843893637169 0.11838893692972227
0 0.14383517307047367 0.6477854962002778 0.22205555247554418 0.1690084924005557
0 0.2869341837349917 0.506000652544792 0.14737479991529537 0.09237195079743081
0 0.6853151446959759 0.05886138734590335 0.12991428413027978 0.08728440729444456
0 0.6629689788121382 0.15742552070465332 0.09186825256024882 0.07703658510611118
0 0.7794277076948637 0.22801273726965343 0.052244310438639016 0.09327852773541671
0 0.7164194734798792 0.2312273498268409 0.0629242052052021 0.06231946846486114
0 0.9579945105233436 0.06604333339368136 0.08401097895331269 0.07696384992375008
0 0.7569729389260764 0.5926194447165978 0.11723227360693614 0.08386846656499998
0 0.7703052097610023 0.8215256947165978 0.08919827886860787 0.08477634992375016
0 0.6762807359281873 0.9677382395507642 0.07642526308359229 0.06452352089847153