9 0.8450156686463339 0.2002220618906388 0.05181856426490725 0.06395485141192578
8 0.297090016363843 0.6009952325155298 0.08544941818411553 0.09303459765100204
8 0.1371263314866801 0.7063456252311091 0.08302310015828454 0.0633016335443795
8 0.6287708915284453 0.2814506444979461 0.0673071719450391 0.059721992478152595
8 0.44190006268206156 0.5335540167595545 0.041897994985435005 0.04493206677218975
8 0.49882601260291937 0.5623405948145151 0.041761602665567034 0.04024456677218957
8 0.5441863252184739 0.6398601895625234 0.061102636051661816 0.061102636051661816
8 0.3613500593168493 0.3508982926238019 0.04851170783841656 0.05761392319868044
8 0.5334834720906885 0.36384325884199564 0.048329851411925875 0.05136392319868044
8 0.48689065076615223 0.6774343974009399 0.061011707838416564 0.05797763605166182
8 0.23489652256554217 0.18987352758010712 0.0675344924781526 0.0675344924781526
8 0.9168224724864 0.20047446298599544 0.0516821719450391 0.05926735141192578