0 0.892760713502863 0.21206478923149233 0.1387362888348278 0.215700348023889
0 0.7573494125677867 0.0370674020730202 0.11289997579950324 0.0713684665650001
0 0.607604463502863 0.21870187462194393 0.13216812626704133 0.16086737765916678
0 0.6785340661585828 0.05452896542763832 0.12229315651766229 0.07471167211208343
9 0.725392968963812 0.5878856728745827 0.04240566861791084 0.03848192496187508
9 0.8564162308676687 0.6801614790110062 0.036137487899751616 0.03521145459715278
9 0.8922304901392468 0.5238380906182631 0.03141362646343282 0.028852351823611143
9 0.5858179054375079 0.7716275060808329 0.05646816861791084 0.03880923328249999
8 0.7393559958947834 0.704764048349548 0.03459316861791084 0.038300087005972115
8 0.7785366705628184 0.724167358570034 0.034629530054229286 0.044550087005972114
8 0.8230128575274935 0.579362698425798 0.03455680718159222 0.03205008700597212
8 0.8107264809658646 0.6163723891552424 0.03916249394987581 0.01809668977951393
0 0.6373627456001958 0.9016955593674648 0.05352497579950324 0.06998649810013902
8 0.8869753635776177 0.5606841271873951 0.034547716822512696 0.030487587005972296
8 0.8188253272768726 0.6654093011993396 0.03141362646343282 0.028852351823611143
8 0.8397599959929792 0.6375745887184021 0.04705680718159257 0.032341027735416715
8 0.8817611436318472 0.6045614137565269 0.034529536104353296 0.027362587005972116
8 0.8234850353187866 0.5262195146302077 0.03453862646343318 0.028925087005972294
8 0.8889560200952802 0.6325227595962145 0.031413626463433174 0.028852351823611143
8 0.8682895169720222 0.706451222077152 0.04399543969514959 0.043205792553055566
8 0.8476730108237021 0.7889734345580897 0.034556807181592576 0.03205008700597212
8 0.590955378211949 0.8488621533072912 0.04238748789975162 0.03535692496187508
8 0.6370400378528693 0.8462268093674649 0.04709316861791084 0.03859102773541636
0 0.0692136083130605 0.0780873259880555 0.1129726986721401 0.0838684665650001
8 0.446930583916172 0.2677602365135413 0.08157725292686635 0.05814111474138901
8 0.44574935811666877 0.19902842030913157 0.05346134328594587 0.05904899810013893
9 0.33722028239192037 0.48127983548736086 0.07667158430895533 0.020532011967847198
9 0.4155270895735127 0.510711455928333 0.07842498184962743 0.05338087955902786
9 0.10699242690753022 0.528050305186493 0.059665891490547775 0.051381968464861136
9 0.05267308645025474 0.5926044208778125 0.06595225292686624 0.05777743882958344
9 0.06207587840834071 0.7314668991263193 0.07534543364502548 0.06112064437666689
0 0.24467982103035663 0.8256675747537845 0.11613406010845857 0.09019120174736131
0 0.05772017651474676 0.788607251899861 0.10694086729005095 0.12122299620027785
8 0.07112362548147447 0.674998693579236 0.07220225292686624 0.05792290919430556
8 0.11070375506816557 0.6287588200041319 0.06591589149054777 0.05152743882958326