8 0.353125 0.559375 0.09140625 0.0828125
8 0.40859375 0.534375 0.02265625 0.0625
0 0.621875 0.10078125 0.12109375 0.10625
0 0.48515625 0.13359375 0.1171875 0.10234375
0 0.4390625 0.059375 0.03828125 0.09609375
0 0.58203125 0.37109375 0.1796875 0.196875
1 0.24765625 0.90234375 0.05859375 0.05859375
9 0.325 0.703125 0.05390625 0.06015625
8 0.38828125 0.83515625 0.05 0.04921875
8 0.28359375 0.7171875 0.06875 0.071875
8 0.24765625 0.62890625 0.05 0.03984375
8 0.38984375 0.7125 0.05859375 0.0640625
9 0.5984375 0.9359375 0.05703125 0.06796875
0 0.89921875 0.93125 0.065625 0.07734375
0 0.73515625 0.86953125 0.096875 0.09609375
8 0.71328125 0.771875 0.07578125 0.1
5 0.9234375 0.67734375 0.06015625 0.06015625