4 0.847453004548114 0.6399443215719821 0.30509399090377193 0.2874269154221182
8 0.14773117865988178 0.0428126990046318 0.16577485731976357 0.07882876413349418
0 0.4309289764263514 0.11610519335042224 0.10690927956950454 0.08665455223856364
0 0.4483562249786094 0.17235187132415491 0.10145980024766903 0.10351450361804462
0 0.09247656017246647 0.26202968848918223 0.1657406240689866 0.11155937697836445
0 0.05627788688926817 0.15414194538658718 0.1016781240689866 0.10820200361804462
0 0.41589478949430203 0.2618337731786057 0.17827916542531544 0.14650758706427264
8 0.3004089923470049 0.4428237443457904 0.0900514193542569 0.12629690637700666
8 0.18969208601791743 0.7596693283578454 0.09092471463952716 0.14504690637700665
8 0.10986753721799045 0.601955325644312 0.057127603390822165 0.08872166327441171
1 0.3333693114108115 0.7656404466297826 0.04680653349844608 0.06791784034363317
1 0.24978406182509633 0.6108467260284248 0.029726041356328815 0.03584896879233561
1 0.22917830934389696 0.5700203301668678 0.03343323821317572 0.048512743102595124
1 0.4620871627347191 0.6679542983933764 0.03684933664159917 0.054926517412854634
1 0.477851249790603 0.5713625814100631 0.028454639784752267 0.042017081637205855