9 0.13209983229837297 0.2266296604104042 0.038737168320799584 0.02874662628012441
9 0.43012210938667816 0.2852814074972196 0.05955909057054054 0.04086719468185844
9 0.28124365363849113 0.20025541816173767 0.04862159057054054 0.04023015785015547
9 0.25414611434907697 0.354503302404957 0.05643409057054054 0.040685184158514784
9 0.3164234824222075 0.2864505233951746 0.07162244292790536 0.032220236775233245
9 0.4482277923897861 0.15544198905313328 0.016682385855810722 0.05706904735504663
9 0.37146204693790014 0.38081444439950973 0.05472604135632882 0.03746917889684287
8 0.2779453333318303 0.3301781365917066 0.05330909057054054 0.040503173635171044
4 0.2220313194780914 0.18356147084904334 0.07322348428423435 0.0665952367752332
4 0.18703138895618276 0.35215257615306744 0.07718323821317571 0.05124325256024882
0 0.3529816048385642 0.05094493387616603 0.06068494292790536 0.031583199943530274
0 0.2801071468140656 0.3264083944842143 0.053163541356328815 0.03737817363517104
0 0.07955272104966796 0.16902999203690505 0.04913101282028158 0.051167657850155465
9 0.41445879962398724 0.8188527706937515 0.15029971463952715 0.14899748407381033
0 0.5282406240689866 0.1336117626600694 0.12278683664159917 0.060132405148732374
0 0.6935916422659517 0.12064757302812137 0.08946922249741007 0.11428928413027983
0 0.8162287373846062 0.39503219397598677 0.10349318114108108 0.08082433674699833
8 0.7974422342842343 0.10877617556013526 0.08706766046291677 0.06272678413027988
8 0.5386430847795723 0.2900437731834131 0.10174659057054054 0.043324336746998336
9 0.5845505901562558 0.22181668892607637 0.07151543507002263 0.06337923151356133
9 0.47364732340703275 0.18263382060904693 0.03684933664159899 0.05512711575678066
0 0.5171256114535928 0.4804566705808121 0.09680653349844608 0.07108531570031093
0 0.7453961606678045 0.496868438784902 0.05818068114108108 0.07818518415851479
0 0.9389009690851973 0.43200011490973467 0.12219806182960546 0.07299642619541977
7 0.7848334197640324 0.9410239023061349 0.12246581306795061 0.11795219538773019
7 0.9361121289266869 0.980802521973876 0.1277757421466262 0.038394956052248116