9 0.259375 0.33203125 0.065625 0.06484375
0 0.36015625 0.2953125 0.07734375 0.10546875
0 0.253125 0.25078125 0.18515625 0.0890625
0 0.2046875 0.1703125 0.096875 0.08671875
0 0.21015625 0.096875 0.12734375 0.0890625
9 0.21796875 0.03515625 0.1296875 0.0703125
9 0.31484375 0.1140625 0.07265625 0.08125
9 0.37734375 0.3765625 0.0421875 0.07265625
9 0.3765625 0.44453125 0.04375 0.07890625
9 0.36171875 0.5 0.07421875 0.08515625
9 0.05390625 0.2578125 0.0828125 0.09296875
9 0.3328125 0.21171875 0.06328125 0.06484375
9 0.28203125 0.46875 0.07734375 0.096875
8 0.02265625 0.2734375 0.0453125 0.096875
9 0.37734375 0.03828125 0.0421875 0.0765625
9 0.13125 0.1984375 0.06875 0.0890625
9 0.0265625 0.1890625 0.053125 0.09140625
4 0.80546875 0.04765625 0.11640625 0.08671875
4 0.60703125 0.16484375 0.04375 0.05703125
0 0.93828125 0.19921875 0.10234375 0.075
0 0.9203125 0.45546875 0.08125 0.06484375
8 0.0796875 0.6875 0.0953125 0.0953125
8 0.27578125 0.94375 0.0828125 0.1125
8 0.271875 0.603125 0.06875 0.0625
8 0.21640625 0.78515625 0.04921875 0.0765625
8 0.21328125 0.88359375 0.0421875 0.06484375
7 0.703125 0.96640625 0.07265625 0.0671875
7 0.5953125 0.8671875 0.08125 0.07890625
7 0.63046875 0.94921875 0.0671875 0.07265625
7 0.8234375 0.98359375 0.08828125 0.03203125
7 0.89453125 0.90859375 0.065625 0.08125
7 0.51796875 0.8109375 0.0953125 0.0828125
7 0.878125 0.953125 0.0671875 0.05703125
7 0.88984375 0.80390625 0.1515625 0.11328125
7 0.80703125 0.9140625 0.121875 0.096875
7 0.76328125 0.98359375 0.09140625 0.03203125
7 0.609375 0.70078125 0.05625 0.05703125