0 0.4947746687014785 0.1899827029253946 0.09618668249628844 0.13749209172016935
0 0.5954950429663095 0.2765866302799487 0.1621458751693421 0.11522735389503395
0 0.7207905348257091 0.06313165097622997 0.15408106965141818 0.12626330195245994
9 0.9404822371097012 0.07038190016874636 0.10968261646291495 0.09713982710967277
0 0.7163907191310198 0.24085190747234703 0.06849105042954129 0.05583298863591431
0 0.8703135792623566 0.16387853003836267 0.17119332654882308 0.10914099512873605
8 0.2516808452048731 0.38580726623534967 0.049986711894930556 0.060193206168510205
8 0.12254886589708798 0.29422551258190166 0.048253793532136366 0.08670115909060953
8 0.30323454262762517 0.056482230521534726 0.032219357756487634 0.07861592370110612
8 0.22312207598299624 0.3034175060890799 0.03765048620519007 0.06310001785690744
8 0.10486896370395286 0.1060806302766534 0.04924308344622812 0.07579093262955983
1 0.13608134215265535 0.08989652272817145 0.0311548247398008 0.058303423701106125
8 0.6777408926937383 0.7865559196472116 0.1258055834462281 0.07712733603812652
8 0.068376938034897 0.9316903307631208 0.04315685775648759 0.0788068384737585