9 0.2453125 0.2640625 0.03984375 0.075
9 0.58359375 0.20859375 0.06015625 0.065625
9 0.89765625 0.49765625 0.0609375 0.06875
9 0.82890625 0.37265625 0.0484375 0.06328125
3 0.353125 0.6875 0.0578125 0.05703125
3 0.278125 0.72734375 0.0515625 0.0453125
3 0.2875 0.6296875 0.05 0.04921875
3 0.31640625 0.49453125 0.04140625 0.065625
3 0.6265625 0.61171875 0.07421875 0.05546875
3 0.64296875 0.66640625 0.06796875 0.05390625
3 0.59453125 0.53046875 0.0546875 0.078125
3 0.54765625 0.5953125 0.0359375 0.06171875
3 0.33671875 0.14296875 0.1078125 0.06015625
3 0.29296875 0.06171875 0.0546875 0.09765625
3 0.67109375 0.5171875 0.05390625 0.05546875