4 0.11640625 0.2578125 0.17421875 0.146875
0 0.15546875 0.178125 0.0890625 0.04609375
8 0.1265625 0.08125 0.05234375 0.06875
9 0.959375 0.4125 0.08125 0.10625
9 0.796875 0.34609375 0.11328125 0.1078125
9 0.553125 0.52734375 0.0921875 0.02421875
8 0.21875 0.9515625 0.10078125 0.09609375
8 0.0765625 0.97421875 0.078125 0.0515625
8 0.1671875 0.81796875 0.090625 0.08671875
8 0.17265625 0.56796875 0.06875 0.05703125
8 0.18515625 0.64296875 0.04609375 0.05078125
8 0.07421875 0.7203125 0.05546875 0.05859375
9 0.72109375 0.59296875 0.0734375 0.0640625
9 0.60859375 0.70625 0.078125 0.08359375