8 0.6830011211409811 0.7658168120868292 0.08893813103709683 0.10562552586424748
8 0.4374218481797275 0.7141022332404455 0.057006169437756785 0.08127874373179385
0 0.9472896270134757 0.966164838413295 0.052773310503983595 0.06767032317340985
0 0.778795691278383 0.9132577649106807 0.13534176959604133 0.14444398495630537
1 0.6089752170761236 0.35394128622258175 0.13810305674305995 0.13203491316955063
1 0.5699832617449895 0.4309978797169487 0.09294366943775678 0.08232441818411544
1 0.773457602732074 0.45177469563120864 0.10116534639736088 0.09661423871722903
1 0.7386663802456741 0.22322614680570757 0.1623876543940618 0.21548391066226813
1 0.44156509356087403 0.5179630191338228 0.05154577962517113 0.054579851411925874
1 0.5850566807870348 0.5041542348897983 0.09620506175762475 0.08710284639736088
8 0.869826485880742 0.5257326843484375 0.13150606426490724 0.06627352084968266
8 0.6569821227238267 0.15516881710139413 0.12669419530200426 0.16917120031656915
8 0.14470315076615226 0.6969839632486929 0.09040970282385156 0.10254598997087001
8 0.2453804153476286 0.5153822737526764 0.09511392319868044 0.04960284639736088
8 0.18881244741357525 0.014094906901344417 0.07550010517284948 0.019369777117888697
8 0.03364574270926181 0.268255906505633 0.06729148541852362 0.16771634890464338
0 0.09974966660126987 0.522091611836767 0.1913524257059629 0.03054662100796719
0 0.20555704889200807 0.43290474287386405 0.13450669530200426 0.1693985208496825