0 0.41502309552544103 0.5871448589723934 0.07219316256778666 0.058035131926869356
0 0.5719169483775526 0.30234398159363796 0.06614315046753827 0.092119033498446
1 0.561105671642973 0.0550323339510028 0.03783634328594587 0.05955909057054058
9 0.1629090661585828 0.07788105913900915 0.025281801131468117 0.04960189371369372
9 0.16016586123992674 0.14336050992479746 0.025272710772388508 0.04803939371369372
9 0.21600731596219108 0.2100065084770554 0.028334078258831143 0.03724744292790545
9 0.2463442557555366 0.1887693633156196 0.028388620413308897 0.04662244292790545
9 0.20324876160926908 0.2992316743166556 0.023673849336070064 0.04171661910658786
9 0.21827431879086143 0.33117303308416124 0.02845225292686626 0.05755994292790545
9 0.21552552693097135 0.1271940084770554 0.02519998789975162 0.035539393713693725
9 0.19454086123992675 0.14496155128112634 0.02840680113146816 0.04974744292790545
8 0.320053945647078 0.10472615715314784 0.02999657220870695 0.05450771753501131
8 0.31598056576579936 0.34431519602827737 0.025272710772388508 0.04803939371369363
8 0.15603287314378342 0.2384546861034799 0.026817030054229286 0.04498716832079959
8 0.23072484269677068 0.45750009263745517 0.023701120413308983 0.046404119106587774
9 0.28595620159900637 0.15078136579681897 0.02678066861791084 0.038737168320799584
8 0.20923514119596018 0.254210272745079 0.028370439695149675 0.04349744292790536
8 0.24662151170746496 0.23642561331561965 0.03153180113146812 0.049892992142117086
8 0.3025260780624395 0.17967049917143046 0.03466589149054773 0.051601041356328856