8 0.20157339895093038 0.886946895376011 0.09325116801906326 0.06415675843752063
8 0.30878192695410756 0.8730530317663474 0.08250458279171564 0.07471231252120454
8 0.1116729220828436 0.714412185664697 0.08557503571381497 0.07169643992586625
8 0.07324562175853205 0.7688467145206375 0.050954573863261896 0.05643353847458741
8 0.13350523742468887 0.8502851982785687 0.05103639448011288 0.06112103847458741
8 0.01042652658513796 0.704114581125526 0.02085305317027592 0.0402083377489479
0 0.029177616480230994 0.8877802529952248 0.05835523296046199 0.05256449400955034
0 0.026607769888797657 0.761354162251052 0.053215539777595314 0.10541667549789598
8 0.5541467942418221 0.6825644079050648 0.18201365909060954 0.050079389470379355
8 0.3035617820636623 0.277504918789656 0.06871481818121908 0.08984623920022683
8 0.176621001217816 0.03881447413928435 0.059257997564368024 0.0776289482785687
8 0.7477833405056487 0.32445426362536206 0.18047052434972918 0.14059526206571754
0 0.7525834833609085 0.06490943231057697 0.2651455332781829 0.12981886462115394
0 0.9518510519491645 0.1291615778758471 0.09329780681713302 0.15628969473518964