8 0.2734375 0.5625 0.10859375 0.07265625
8 0.46953125 0.56953125 0.07890625 0.0578125
1 0.390625 0.56640625 0.0359375 0.0640625
1 0.35703125 0.51171875 0.04921875 0.07265625
1 0.24375 0.34765625 0.06953125 0.0953125
1 0.1765625 0.3109375 0.04765625 0.0828125
9 0.98046875 0.33984375 0.0390625 0.0765625
9 0.95390625 0.24921875 0.07734375 0.10546875
9 0.759375 0.0859375 0.05234375 0.06640625
9 0.71015625 0.01640625 0.065625 0.0328125
8 0.7328125 0.30234375 0.0578125 0.07421875
1 0.975 0.40078125 0.0234375 0.04765625
0 0.1984375 0.8015625 0.084375 0.11796875
8 0.0828125 0.7203125 0.0671875 0.0828125
9 0.75078125 0.65625 0.084375 0.09921875
0 0.665625 0.715625 0.10078125 0.07890625