9 0.020530052110581405 0.32373858893530466 0.04106010422116281 0.0552896778706093
9 0.10299903011460579 0.2569596072240934 0.09629667984777565 0.06632001977166349
0 0.12883065414461312 0.06472302768032889 0.17987318380210832 0.08844437056996624
0 0.060223904886050506 0.17754667984777567 0.12044780977210101 0.13165585969555132
7 0.13719761657845247 0.7375 0.27439523315690495 0.525
7 0.29785666049604165 0.833028653193211 0.23592154844057553 0.23891921444818678
7 0.5188680637264337 0.11426536022702397 0.11242569863085591 0.1558918557412186
7 0.7544222672630244 0.3445417451314462 0.1216786818249421 0.0767136917107738
0 0.6387203073006431 0.14966830243208928 0.09380834980971961 0.08181768577927473
0 0.5837874095818206 0.05743704007479962 0.11055018083635879 0.07158052273741303
4 0.9037299060845985 0.4828760277546909 0.16236203163466173 0.15636669961943922
4 0.8169183838042959 0.9621059995428893 0.14345552273741297 0.07578800091422125
9 0.7360967371112377 0.487001159161891 0.0758568458553869 0.0623673488211363
9 0.6563601575674731 0.46575355885787995 0.07097834486680377 0.05748884783255317
0 0.6731444564651593 0.6299898138007958 0.2041330375661607 0.1861470415204934
4 0.62354241000175 0.8486469718997416 0.13883168973360754 0.11485036167271759