0 0.31484375 0.16015625 0.08671875 0.10078125
8 0.83125 0.12109375 0.07421875 0.0953125
6 0.4 0.50390625 0.1453125 0.0703125
6 0.30703125 0.61796875 0.13125 0.2078125
6 0.24921875 0.528125 0.18984375 0.11796875
6 0.19296875 0.78828125 0.15703125 0.23046875
6 0.32734375 0.94765625 0.17265625 0.10390625
0 0.82109375 0.67890625 0.16171875 0.1671875
8 0.67578125 0.66796875 0.0984375 0.10078125
8 0.8890625 0.92734375 0.05390625 0.0546875
8 0.7765625 0.503125 0.09296875 0.06796875
8 0.684375 0.7859375 0.07109375 0.0765625