0 0.35407066505620904 0.3697714309144088 0.13143568380210838 0.08796474672063966
8 0.14568386760421673 0.1552120431934521 0.10178267589344295 0.04899077792830413
8 0.18844702916320366 0.128700452849819 0.09240767589344294 0.048499454997525594
8 0.03476893083635883 0.06550881331984008 0.06571784190105419 0.04398237336031983
8 0.9244057282883512 0.2443654014042249 0.07218801779449713 0.0879780348257091
8 0.7807698389353047 0.006950526346424427 0.0646646778706094 0.013901052692848853
9 0.18272354155767437 0.5838759537543302 0.05420202174882984 0.10574538896415202
9 0.5015239155876816 0.7605491598835095 0.06096135771838505 0.11857293758467105
9 0.35778189136739397 0.6529933666900576 0.053501684790691506 0.0885578889641522
0 0.3171038587441492 0.500107384102912 0.05031301779449713 0.08683161465389269
0 0.2786461952079959 0.5169983129811558 0.0595261917107738 0.1216160504295413
0 0.2972728142950874 0.6859154093176827 0.08991402866891204 0.14035940637700647
0 0.20970785281265014 0.47755071065173516 0.11644735376405224 0.1027708751693421
0 0.4211957925462576 0.576075662597043 0.12699753460041113 0.17036781094499104
9 0.7365886181728704 0.9189061352345658 0.09894151878308026 0.09405761646291495
9 0.7218337569944444 0.7873662081653443 0.07272652866891213 0.13945864767057933
9 0.9035241087813303 0.8655310724805526 0.05528436068413463 0.1323078889641522
9 0.8228803093521716 0.6348819380389563 0.06089769072219049 0.11701043758467104
5 0.638886016843095 0.44253174299105336 0.06386618182494211 0.07506859905006032
0 0.9615887226039981 0.5824485775689352 0.07682255479200392 0.20779256784239591