8 0.3609375 0.29375 0.07578125 0.078125
8 0.21484375 0.24921875 0.06796875 0.05078125
9 0.471875 0.08671875 0.0484375 0.06953125
0 0.0609375 0.79140625 0.08125 0.12734375
0 0.2875 0.83125 0.0828125 0.09296875
0 0.4359375 0.965625 0.090625 0.06875
0 0.49765625 0.95078125 0.059375 0.0984375
9 0.95 0.87421875 0.0421875 0.0640625
0 0.66015625 0.93125 0.0421875 0.0609375
0 0.81484375 0.928125 0.03125 0.05234375
8 0.58515625 0.73046875 0.0109375 0.08125
5 0.74609375 0.7296875 0.0421875 0.04375
5 0.8109375 0.8515625 0.0484375 0.0390625