8 0.3604053358610796 0.9704265395708956 0.10801248789975162 0.03813989546082901
8 0.4038901528052293 0.5203794103521355 0.06289997579950324 0.07093254809323427
1 0.24971275467538212 0.882085780585221 0.04398634933607006 0.04215278366526398
1 0.2872718420093996 0.8909325017292804 0.03777271077238851 0.04818452885594056
1 0.3225008148820366 0.9022048184268364 0.047129530054229284 0.04538691106992587
1 0.4070111285065366 0.6538913147986392 0.040879530054229285 0.04516865626060227
8 0.2847492673648057 0.4573387517292805 0.03769998789975162 0.035684528855940555
8 0.3458918213249442 0.6247692991895426 0.03770907825883123 0.037247028855940556
8 0.28541286357761775 0.5714012517292806 0.04714771077238851 0.048511911069925695
8 0.2867844660369458 0.5385341880269496 0.040879530054229285 0.04516865626060227
8 0.1770736436318471 0.618943429041275 0.04398634933607006 0.04215278366526398
8 0.06651391441449836 0.8220634837579311 0.050272710772388526 0.04862103847458741
8 0.2050315137505684 0.8578595961016504 0.06600679508134392 0.06791667549789579
8 0.49283954419758114 0.6321403111704421 0.04398634933607006 0.04215278366526398
8 0.4527059444687277 0.8523362492822099 0.05501475292686635 0.05815972958158007
8 0.2617531706610143 0.6683407391154088 0.048692030054229285 0.04544147477225664
8 0.12003836933315441 0.7545560360275166 0.08787270472226431 0.06711806733052797
9 0.7395579245698392 0.0593476187975052 0.09111587939029935 0.08753969473518966
8 0.250972147540672 0.029170372869415373 0.08475679508134393 0.058340745738830746
0 0.38460277985783753 0.1600421110777749 0.09104315651766245 0.07503969473518968
0 0.23459823467829777 0.16449897650153705 0.17098518657189174 0.12157244355406327