8 0.12000755370516587 0.8450989357792746 0.0985119110699257 0.05082235376405251
8 0.06469008192813422 0.7578098414067626 0.07939981252120451 0.08436968281352505
8 0.2282416612395617 0.705183543003368 0.09048115626060227 0.04425401878308044
0 0.2324455224021546 0.6468444609881457 0.09026290145127884 0.03800401878308044
0 0.28046636015110255 0.6815669708739774 0.08434028366526398 0.04712435079830275
0 0.16833094790005054 0.709763613649884 0.10552580290255768 0.07295202174882984
0 0.08373769309072712 0.7000755958553869 0.05432540145127882 0.03653967787060921
0 0.2422172710513922 0.07774163391583909 0.14110120435383652 0.10872769566510646
8 0.13122769654928818 0.1387507766917457 0.15218254809323423 0.06861203163466159
8 0.11497272477225653 0.05305335722409338 0.1292906851165428 0.08328202669174571
0 0.56962560778885 0.8524975306832594 0.04297123920022692 0.06884284190105419
0 0.5880556600584355 0.7994189516337865 0.04275298439090349 0.06259284190105419
9 0.7417336984482047 0.5310721527361004 0.058105165879248945 0.05541701186299815
9 0.710039787463097 0.8075099773369491 0.04582342068857255 0.06115767589344294
9 0.7800050578815171 0.7557511591618911 0.05508929328391084 0.05841467787060921
8 0.630528358337004 0.6529232950177155 0.06964286660488846 0.0730501808363588
8 0.7680209238534335 0.7029935736866275 0.06947917549789598 0.0683626808363588
8 0.6582689563375711 0.821783382964437 0.0522916754978958 0.06766234387822045
9 0.5297148149682752 0.26810794323082954 0.14971231252120454 0.08723469764227279
8 0.4872966472749276 0.17042251832596977 0.10648810217691818 0.055828188745024224
8 0.5524380084375204 0.11456644916232861 0.12405754809323426 0.06746602570316255
8 0.7303695462791356 0.04926373722278082 0.12005952885594055 0.04233869171077376
0 0.9284176989963588 0.336623110264205 0.10552580290255768 0.07295202174882984
8 0.718936060791924 0.39205873227986493 0.10508929328391084 0.06045202174882984
0 0.8909648282151192 0.38112518535934525 0.09275298439090349 0.06463018577927464