0 0.56015625 0.33828125 0.06484375 0.13828125
0 0.43046875 0.38125 0.1015625 0.078125
8 0.4671875 0.0484375 0.05703125 0.078125
8 0.50859375 0.11953125 0.03984375 0.06015625
0 0.70546875 0.42109375 0.1 0.08359375
0 0.83515625 0.3875 0.06875 0.09921875
8 0.34296875 0.56328125 0.071875 0.09921875
8 0.31171875 0.95625 0.06328125 0.0390625
8 0.2734375 0.8265625 0.0484375 0.0921875
9 0.40625 0.7046875 0.04375 0.078125
9 0.37890625 0.834375 0.0734375 0.08515625
9 0.67265625 0.56796875 0.05 0.0671875
8 0.79140625 0.99296875 0.0484375 0.0140625