8 0.7259072895061459 0.17788901178863598 0.17148236364988384 0.1504987015966055
8 0.9468645048685538 0.727331960382311 0.04693334980971962 0.07990767589344294
8 0.7361167113708941 0.9418268363894846 0.07403967787060921 0.0560536818249421
8 0.5471006323214211 0.9292498764271031 0.06829901384016442 0.06829901384016424
8 0.8152908527011069 0.6640573220550285 0.08915534190105419 0.044190351786885886
8 0.5647032622829276 0.707805957948034 0.08325285178688588 0.09074701680591382
8 0.9180206273785053 0.9375346313328381 0.0565975098858317 0.04910334486680377
8 0.9256858887472118 0.8834055468461577 0.07391234387822046 0.052928681824942106
8 0.14461086855561883 0.22185380087485243 0.06893568380210838 0.08392401384016442
8 0.09985548958269562 0.4397243917873235 0.04715352570316254 0.12359400889724856
8 0.1703762366169461 0.4508900434604787 0.03886618182494202 0.07333934091247088
8 0.01856963338436646 0.37320007806088973 0.03713926676873292 0.11922484387822055
8 0.29569586608416093 0.22739685224399647 0.04135451186299814 0.05784167490485981
8 0.43030965213026573 0.44575823859411245 0.04718801779449713 0.08615767589344295
9 0.27031918129346943 0.314225690190718 0.027737680836358792 0.06820617193911023
9 0.299161764297275 0.3146103507611217 0.03022601087441492 0.052708505931498985
9 0.3153942593543591 0.3373475138029834 0.025347509885831697 0.04783000494291585
8 0.19641344908796654 0.23300220650234033 0.0302896778706093 0.054271005931498986
8 0.21686521193954778 0.17133253604610482 0.04406301779449713 0.08603034190105419
8 0.3358261175670357 0.21874209384103946 0.054329355741218596 0.10828734387822055
8 0.19770935224399647 0.29690553901185435 0.0334146778706093 0.05439833992388783
8 0.13874689323301714 0.499755966388172 0.03717634783255326 0.07015067391627668
8 0.1972796348300602 0.537148537034688 0.04769735376405224 0.09865767589344294
8 0.05500856319496107 0.48756898418266925 0.04419035178688593 0.08915534190105419
8 0.3504205167687329 0.30082242338480397 0.0334146778706093 0.05439833992388783
8 0.23872433000087506 0.400527946122217 0.052928681824942016 0.07391234387822046
8 0.2327859836883776 0.06773003357464688 0.052928681824942016 0.07391234387822054
8 0.12838634927824694 0.3137693868444076 0.033987680836358836 0.06846083992388782
8 0.30382138387865804 0.14283085125541328 0.030417011862998056 0.05739600593149907
0 0.43618167285333137 0.7419010681378769 0.051077021748829846 0.1050350098858317
8 0.13234174844276314 0.7909393819014916 0.08060801285158128 0.06412084980971962
8 0.18694567680766405 0.7333377875289796 0.061030341901054184 0.0430443458553869