8 0.5373090601589519 0.24677938140513306 0.04702382213985139 0.09425907733927241
8 0.4085962723173366 0.3179083993873157 0.12958335099579193 0.1327045066836356
8 0.31696429990733277 0.10911410737586169 0.06873513103285882 0.08982611600890866
0 0.22199654028868593 0.09551413669636226 0.05779763103285882 0.08969884667409059
0 0.27512897477225656 0.05161923337045284 0.07158731252120454 0.08204997867599957
0 0.3270139117028979 0.17326751404358892 0.11281251324684387 0.09971019334818117
0 0.31511660162876404 0.2574697913749072 0.05487103847458741 0.050618165340545127
8 0.7006821456304652 0.7656577454248594 0.1483879146981227 0.13448518268618095
8 0.9056697459932849 0.7766332501193126 0.09022818511654265 0.079143154678545
1 0.5879737813878293 0.5347520960773146 0.03990080290255769 0.06918635200509052
1 0.7791989821134686 0.554157718769859 0.03590278366526398 0.04414998933799978
1 0.8323512639646342 0.555557134110404 0.05163691106992587 0.04745680267345413
9 0.3155184611468945 0.8056891153723619 0.14520835099579193 0.13288632001909023
9 0.18270101586355064 0.9158169986871354 0.1065079495445131 0.09807496801399936
9 0.36850459580795036 0.9790618860200446 0.07970734736759474 0.04187622795991075