9 0.734375 0.030782441612737733 0.028125 0.061564883225475465
9 0.91484375 0.01335559483570609 0.0484375 0.02671118967141218
9 0.8796875 0.23334313558772815 0.0421875 0.07022321996293304
9 0.903125 0.3098684300527653 0.034375 0.07620040145127885
8 0.7890625 0.04432033032291781 0.04375 0.07027778366526397
8 0.86171875 0.07225186816453301 0.053125 0.0706051658792491
8 0.9546875 0.05103657787584709 0.0390625 0.0685515925582714
0 0.7796875 0.20324146253690295 0.05 0.08612103847458741
8 0.934375 0.7712771560061482 0.021875 0.10701389183263199
0 0.8890625 0.5127032533737431 0.0359375 0.07937996515360979
0 0.9125 0.4470410478387802 0.028125 0.06660714664195524
8 0.35 0.6932464806778883 0.0703125 0.07745536660488846
0 0.4578125 0.7097940852170592 0.0875 0.12336806733052796