9 0.4862680743725349 0.1736173632338201 0.0668978656913195 0.05583298863591426
9 0.1496266320275698 0.41787151826394464 0.057195557370694504 0.04160684740221221
9 0.08977689371107664 0.29777325243563196 0.030560322188333357 0.038018197240056485
0 0.09339154977125022 0.25159768181878095 0.0793978656913195 0.056051176947516976
0 0.04719000341847248 0.31492952475676633 0.04491376291777782 0.050763659090609536
8 0.38616354407166703 0.40592707711296805 0.058758057370694505 0.0416341209411625
8 0.43343728115388924 0.3550815974055075 0.049455792553055565 0.044595479707460584
8 0.3397236487450698 0.3582805097425279 0.042696646276527785 0.022611385551659247
8 0.27562674078503513 0.45865838514791735 0.07968880642076392 0.06855117694751697
8 0.3633423334905906 0.33207651988879766 0.04135235182361115 0.03195911201270887
1 0.23424128742215328 0.594591931008002 0.09320579255305557 0.04535913879807012
0 0.4551941395301048 0.8197344326328551 0.06649782218833344 0.038645488635914306
0 0.3172408510611119 0.8698180275994354 0.05741376291777787 0.05098184740221221
9 0.31347876500507016 0.8089214379078609 0.050945557370694415 0.041497753246410696
8 0.7960275469214586 0.31905299959955347 0.24157317021222227 0.1791455779204517
9 0.7364980377064937 0.7835615588523188 0.06206489532659738 0.049501168019063256
9 0.8613876285121881 0.7094774021973412 0.057304660144236054 0.04629434740221221
9 0.8881163955140284 0.8504745491130862 0.044186411094166544 0.019513659090609536
9 0.6722686174942714 0.6096115901019068 0.06039329255305574 0.04478639448011279
9 0.9097355159550007 0.771940446028831 0.03510235182361114 0.03185001785690744
0 0.9676376285121882 0.7076228015487181 0.04956489532659738 0.04928297970746058
0 0.9947384570656947 0.7695091469223355 0.010523085868610593 0.061428423701105926