8 0.46171875 0.10859375 0.0953125 0.0953125
1 0.4390625 0.278125 0.07578125 0.07734375
8 0.94921875 0.06015625 0.1015625 0.1109375
9 0.81328125 0.21328125 0.0921875 0.08515625
0 0.97265625 0.2890625 0.0546875 0.090625
0 0.93671875 0.34765625 0.06328125 0.1109375
0 0.86796875 0.37265625 0.07421875 0.09375
1 0.09140625 0.82265625 0.18203125 0.21640625
1 0.3546875 0.65078125 0.309375 0.2921875
1 0.39140625 0.8875 0.2359375 0.225
1 0.2078125 0.90234375 0.17421875 0.16484375
1 0.2640625 0.98203125 0.16640625 0.03515625
1 0.03359375 0.82734375 0.0671875 0.1515625
1 0.15078125 0.7171875 0.28046875 0.28515625
0 0.89921875 0.94453125 0.16640625 0.1109375
0 0.9265625 0.82421875 0.146875 0.203125
0 0.7578125 0.51640625 0.21328125 0.19375
0 0.559375 0.5078125 0.1 0.17734375