9 0.1453125 0.22890625 0.0609375 0.0421875
0 0.046875 0.2203125 0.09375 0.06015625
0 0.07421875 0.1328125 0.1296875 0.075
6 0.3 0.134375 0.05859375 0.1265625
6 0.24140625 0.03359375 0.08828125 0.06640625
8 0.1890625 0.215625 0.0625 0.06640625
1 0.6859375 0.1484375 0.11328125 0.0640625
1 0.7890625 0.06875 0.134375 0.0703125
1 0.53359375 0.16171875 0.0671875 0.0359375
1 0.8890625 0.03203125 0.09296875 0.0640625
1 0.9703125 0.04296875 0.04140625 0.05859375
1 0.80625 0.16484375 0.08046875 0.04765625
0 0.3203125 0.3703125 0.01796875 0.05234375
0 0.30625 0.8390625 0.04609375 0.0546875
9 0.25 0.775 0.0546875 0.04375
9 0.2828125 0.4296875 0.034375 0.03515625
1 0.2390625 0.85859375 0.04375 0.0375
9 0.1765625 0.73671875 0.04140625 0.03984375
9 0.2046875 0.671875 0.0328125 0.0375
9 0.89921875 0.66484375 0.14375 0.1125
9 0.7765625 0.284375 0.05859375 0.06875
9 0.525 0.30859375 0.09296875 0.0953125
0 0.49296875 0.6640625 0.128125 0.1828125
0 0.93984375 0.30625 0.1171875 0.1125
0 0.590625 0.92265625 0.0890625 0.1078125
0 0.66875 0.59296875 0.08828125 0.08515625
0 0.73515625 0.95078125 0.065625 0.0875
0 0.94609375 0.95625 0.1078125 0.0875