8 0.5033855049789595 0.6310696997976013 0.10661707694917481 0.10540455223856356
8 0.5405060482628702 0.6854772388071819 0.10305556733052797 0.09274077792830404
1 0.16050354581579956 0.5394642124607574 0.06748016587924913 0.056564260515449584
9 0.21429323392756722 0.5781272427639108 0.07274801923729371 0.02876680913596861
9 0.6663021672300115 0.5896590485089773 0.05314484736759475 0.048014776119281774
8 0.8176414671373443 0.6873894623492157 0.07912699400955034 0.07744997060135787
1 0.8456299916472976 0.188920984850453 0.04302580290255768 0.07087906603337357
1 0.7744320926430894 0.324142511874246 0.029761911069925696 0.04834896879233561
1 0.7609375331171098 0.2066650848050245 0.022857146641955418 0.029271420171816498
1 0.7970858534428625 0.25564481739216993 0.05058533175849824 0.1087066146538926
1 0.7640278167823737 0.2503331976498947 0.03924603847458741 0.05196529172311406
1 0.7827852843830542 0.4512815439864216 0.034667665879248945 0.0548446302577247
1 0.6528671166897065 0.3618206535519315 0.026527783665263982 0.04506019448207601
1 0.8586781178708328 0.27120121834210964 0.03126984736759475 0.04686835594746528
1 0.714823935749515 0.1636863687262224 0.03132441106992552 0.04843085594746528
1 0.8096801118803831 0.34734099446139144 0.048511911069925875 0.049331614653892505
1 0.7762971822061359 0.39996470545181084 0.026309528855940557 0.03881019448207601
8 0.9206845884667381 0.43309703075743855 0.048948420688572726 0.06183161465389251
8 0.971542705619781 0.29815878675033236 0.03277778366526398 0.04538774310259504
8 0.8638542351086936 0.4642518554972394 0.03030754809323426 0.0639739687923356
8 0.7704737350238755 0.14355093114155135 0.036393856986241604 0.05961401741285455
0 0.8999578822988031 0.28782215230873603 0.03688493030721958 0.07367651741285455