8 0.12421875 0.1140625 0.04453125 0.04921875
8 0.175 0.04921875 0.05859375 0.09140625
8 0.03203125 0.1390625 0.046875 0.06875
1 0.14765625 0.36484375 0.03828125 0.04765625
1 0.0140625 0.33984375 0.028125 0.0515625
0 0.33046875 0.09140625 0.06328125 0.065625
0 0.22265625 0.0140625 0.0734375 0.028125
9 0.6140625 0.14375 0.07421875 0.10078125
8 0.1578125 0.89375 0.078125 0.0796875
8 0.3 0.66640625 0.0671875 0.0703125
8 0.2578125 0.6 0.09375 0.12421875
8 0.24765625 0.50234375 0.08046875 0.08125
8 0.39453125 0.5203125 0.06953125 0.10390625
8 0.45703125 0.728125 0.0765625 0.11015625
8 0.3921875 0.696875 0.0609375 0.078125
8 0.39140625 0.8671875 0.05625 0.075
1 0.86328125 0.64140625 0.0578125 0.10390625
1 0.6265625 0.71484375 0.0421875 0.10234375
1 0.7578125 0.72109375 0.0421875 0.075
1 0.78203125 0.6296875 0.0453125 0.10546875
1 0.925 0.7890625 0.0578125 0.10546875
1 0.71640625 0.80703125 0.0421875 0.10234375
1 0.9109375 0.58046875 0.03359375 0.05234375
7 0.88046875 0.56171875 0.02421875 0.04609375