9 0.12255825180295185 0.5613120275025899 0.061557055470833434 0.09651543507002244
0 0.4787537004161811 0.5423756670824545 0.061447952697291794 0.09182793507002245
0 0.29287140501333386 0.5870097326316045 0.04549564437666671 0.07703768899896399
0 0.5474640667730906 0.3694603978520321 0.024347996200277854 0.107268844499482
8 0.5370149164125003 0.25654302088756137 0.038628701747361306 0.11729881596343468
5 0.3396138927611461 0.3103166459900053 0.05777743882958335 0.0682448858558109
5 0.28353081297336846 0.48811846836358086 0.06551720364722229 0.06548375889134021
9 0.5798258911456255 0.5501817049241267 0.03841049620027785 0.10792381596343467
9 0.9884215477292189 0.40653213482686273 0.023156904541562183 0.07652826674922295
9 0.8380533523922921 0.3879919582338956 0.05952177678548622 0.07613016046291676
8 0.717366177999098 0.7471208633201287 0.07740026101791671 0.10661818114108108
8 0.6614603636945493 0.6973242245688338 0.045641114741388836 0.083287688998964
8 0.6263067265360771 0.8334822024429271 0.06075696846486114 0.06214043507002245
8 0.7259255200390633 0.8460485148917055 0.08034342306201392 0.09895123035529281
0 0.6237285468245494 0.9243255262642449 0.10846842306201392 0.10026117328319835
0 0.6122065525241326 0.7653143992997743 0.09418902393569457 0.15734592721213972