0 0.50078125 0.19921875 0.1265625 0.16953125
0 0.4296875 0.46171875 0.12890625 0.1109375
0 0.60703125 0.41640625 0.11640625 0.1390625
9 0.1296875 0.05390625 0.12734375 0.10703125
9 0.2109375 0.27265625 0.1140625 0.1390625
9 0.1328125 0.3921875 0.0625 0.07265625
9 0.584375 0.29296875 0.1078125 0.13203125
9 0.359375 0.203125 0.09921875 0.115625
8 0.546875 0.54765625 0.06640625 0.0234375
8 0.246875 0.090625 0.096875 0.1
8 0.13828125 0.26171875 0.07265625 0.103125
8 0.6640625 0.31015625 0.0515625 0.1390625
8 0.45 0.42109375 0.171875 0.21015625
9 0.41953125 0.17421875 0.0859375 0.103125
4 0.7328125 0.2859375 0.0859375 0.14609375
0 0.74296875 0.22578125 0.07265625 0.053125
8 0.73359375 0.1390625 0.04765625 0.0625
9 0.51875 0.98828125 0.08125 0.0234375
9 0.22109375 0.6328125 0.090625 0.10859375
9 0.34296875 0.8296875 0.07734375 0.08359375
0 0.325 0.96328125 0.0734375 0.0734375
0 0.378125 0.9671875 0.08828125 0.065625
0 0.42734375 0.8578125 0.13125 0.13515625
0 0.1046875 0.93359375 0.14140625 0.13203125
0 0.2359375 0.828125 0.18046875 0.16953125