8 0.34921875 0.33671875 0.078125 0.06640625
1 0.1296875 0.021875 0.0546875 0.0390625
1 0.17109375 0.015625 0.0453125 0.03125
1 0.2109375 0.0078125 0.05625 0.01484375
1 0.33828125 0.21328125 0.05078125 0.0421875
8 0.2171875 0.4078125 0.04453125 0.03359375
8 0.26953125 0.246875 0.04453125 0.03515625
8 0.20390625 0.303125 0.05859375 0.0453125
8 0.21015625 0.3328125 0.05234375 0.0421875
8 0.07265625 0.271875 0.05234375 0.040625
8 0.07890625 0.04921875 0.08203125 0.06328125
8 0.43125 0.22421875 0.03671875 0.0390625
8 0.36953125 0.02734375 0.06796875 0.0546875
8 0.16640625 0.21640625 0.05859375 0.0421875
8 0.02265625 0.15390625 0.04453125 0.06484375
4 0.69140625 0.296875 0.23359375 0.153125
0 0.6875 0.2125 0.11484375 0.053125
8 0.59765625 0.14921875 0.07421875 0.06796875
8 0.2734375 0.81484375 0.196875 0.1453125
0 0.07578125 0.971875 0.1515625 0.05625
0 0.7671875 0.575 0.11484375 0.0921875