9 0.28515625 0.21484375 0.05859375 0.06640625
8 0.31640625 0.1875 0.046875 0.06640625
8 0.08828125 0.01328125 0.0578125 0.0265625
0 0.84609375 0.29453125 0.13359375 0.16171875
0 0.68515625 0.1796875 0.08984375 0.23125
9 0.7234375 0.14296875 0.0640625 0.0875
0 0.609375 0.25390625 0.090625 0.10703125
0 0.9671875 0.33671875 0.065625 0.0859375
0 0.790625 0.56484375 0.07421875 0.059375
0 0.73125 0.58359375 0.06796875 0.059375
0 0.71640625 0.53046875 0.096875 0.0578125
8 0.60390625 0.51171875 0.05859375 0.0453125