0 0.09375 0.21328125 0.11015625 0.12890625
0 0.19921875 0.29765625 0.12265625 0.115625
0 0.20859375 0.39765625 0.08671875 0.1
1 0.54375 0.10703125 0.07421875 0.0796875
5 0.91328125 0.31484375 0.084375 0.0890625
5 0.884375 0.20859375 0.0625 0.0640625
5 0.79609375 0.1953125 0.084375 0.10234375
5 0.95546875 0.31953125 0.06015625 0.08125
5 0.73984375 0.46875 0.0984375 0.0796875
9 0.98046875 0.48125 0.0390625 0.053125
9 0.50546875 0.2015625 0.0640625 0.0625
0 0.39921875 0.1703125 0.02109375 0.11328125
0 0.1 0.67265625 0.12265625 0.11328125
0 0.13984375 0.5234375 0.1140625 0.03046875
0 0.2328125 0.71796875 0.12109375 0.109375
0 0.31796875 0.65234375 0.10546875 0.10234375
0 0.34140625 0.840625 0.0953125 0.13828125
0 0.11640625 0.92109375 0.1859375 0.1578125
0 0.8421875 0.5703125 0.10390625 0.053125
0 0.88984375 0.63828125 0.096875 0.05078125
0 0.6828125 0.6296875 0.08125 0.046875
8 0.96875 0.6140625 0.0625 0.0625
8 0.834375 0.84609375 0.07265625 0.03984375
8 0.72890625 0.6796875 0.06875 0.0453125
9 0.775 0.87265625 0.08828125 0.05703125