0 0.04222161745395802 0.6953857726766358 0.08444323490791604 0.11813292934436319
0 0.2133751019475893 0.806043104034044 0.0682448858558109 0.05701361600890849
0 0.24291489868060162 0.8431254807049526 0.05745293507002262 0.06001134667409076
0 0.3027993209303427 0.8328788713796798 0.03939213978475227 0.04106135200509087
9 0.3043767835029552 0.8829243247135434 0.04764128742738745 0.05052725867281822
9 0.2624140694826006 0.77691013470718 0.026455492142117086 0.031540901336727246
9 0.23363625207142383 0.7570334393698165 0.03285104135632881 0.03473862667090906
1 0.1791734222542502 0.936184590030226 0.03982878742738745 0.05043635200509087
1 0.1723455335029552 0.8813880020289531 0.031434090570540585 0.03784544533736352
1 0.20548336518215563 0.9083504913669529 0.03946491439185813 0.04262385200509087
1 0.23811392866439096 0.9126385493714075 0.027945217535011224 0.029996582670272432
1 0.20700516977305083 0.9763737853675893 0.023257717535011314 0.029942038669636163
1 0.17748033561265103 0.9883366150143175 0.026164393713693723 0.023326769971365024
1 0.1768939464470713 0.7837317520289533 0.03455909057054059 0.037881808004454245
6 0.41691747891206 0.8162282680617243 0.062285984284234354 0.06319089067472702
6 0.3681139518237548 0.8570890780553612 0.06490156203449331 0.052289753341817756
8 0.12023087758815246 0.7080317706874536 0.04593323821317572 0.0473840773392725
1 0.23970850786239203 0.9790993433720437 0.019768844499481998 0.022093176002545078
1 0.24999534450399122 0.9260652500397709 0.01827911910658786 0.023637494668999892
1 0.2649097150583211 0.9582874040419981 0.023039393713693634 0.025254538669636162
1 0.2731075128247908 0.8997572887094071 0.01984161910658786 0.023655676002545433
1 0.17454588834151943 0.8509283426957259 0.024601893713693722 0.025272720003181703
1 0.19709297643086066 0.8535357220321348 0.03946491439185813 0.04262385200509087
1 0.19098637159229642 0.8839499280314985 0.021476893713693723 0.02523635733609062
1 0.26031856844914325 0.8722499067074981 0.023039393713693724 0.025254538669636162
9 0.7213609222542502 0.9424935127704952 0.06548375889134021 0.06478975334181776
0 0.7062989642297517 0.6616974987666773 0.07693068114108108 0.07585452267663584