9 0.4229884500761349 0.7279969460255358 0.11772506249917605 0.12233074188232518
8 0.44138211972005126 0.5729412532497061 0.0888091298696164 0.07652731818121908
8 0.3735030986167329 0.4897253786550956 0.09694891233702041 0.0954136858759707
8 0.20995702150706017 0.38786068993645584 0.09478639448011288 0.06101141233702041
0 0.10225498457213393 0.8437851818187809 0.07997960064862313 0.10761367694751697
8 0.28889764244492744 0.9257095174531657 0.08269549756436803 0.08423072402541791
0 0.14331240705542406 0.9126209565755474 0.07038641233702041 0.09495003571381488
8 0.4508296631477993 0.21876226786020275 0.06389095048646745 0.08077844155801364
8 0.4680796185055306 0.13249748539279868 0.04209777110331832 0.08508411201270882
9 0.7205259232907737 0.6712252000860208 0.07954322402541773 0.08261367694751698
0 0.676686194394092 0.7563911327155808 0.06262845941492116 0.09793866801906326
0 0.9442911111986347 0.813405197246647 0.11141777760273044 0.10514324188232535
0 0.8021771180951982 0.7823342495995534 0.10122730925276535 0.07205800649282175
4 0.9203125 0.09266341802235854 0.159375 0.18532683604471709