7 0.7767418312094798 0.8397446456304649 0.047893292553055564 0.04538691106992587
7 0.7119714696022229 0.8741717201325692 0.048002395326597204 0.05007441106992587
7 0.753250433033091 0.8701489082443368 0.041570557370694414 0.042043656260602094
7 0.8091172669049312 0.7885740152305785 0.048038762917777686 0.0516369110699257
7 0.7783387391695145 0.7406623048862923 0.044695557370694416 0.04215278366526398
7 0.8073028066081953 0.9118478241235859 0.03517508700597247 0.03557540145127902
7 0.674344836243473 0.9009599094254632 0.052835365691319504 0.05648810217691817
7 0.7958535474901394 0.7553250056119316 0.035247822188333444 0.03870040145127884
7 0.7960516096104866 0.6632193511654279 0.04971036569131933 0.05637897477225664
7 0.7655283082237159 0.6598116089699761 0.052835365691319504 0.05648810217691817
7 0.7311727984400701 0.7265253938163665 0.07383884992375016 0.0868849303072194
7 0.7660394141313895 0.78238601341648 0.06253767401194459 0.07087798439090331
7 0.8004150673417716 0.8171528830165933 0.04967399810013902 0.05481647477225664
7 0.640949801574202 0.8412476035276807 0.03517508700597212 0.03557540145127902
9 0.8505461670780903 0.08668662221682014 0.06860583605604162 0.06328373920022681
9 0.9872305091180558 0.3843478506172738 0.02553898176388856 0.0761458377489479
9 0.557509907578785 0.34186267322046127 0.020604747150208526 0.08034226442797028
0 0.6149905267854863 0.09485375316486092 0.07547408510611113 0.09006449400955022
8 0.5807623035709722 0.16703628801125123 0.07631053970326392 0.1260019940095502
0 0.95078125 0.05273326286832577 0.0984375 0.042500013246843917
1 0.39715820829996573 0.5626414207733905 0.08575696846486114 0.06232143992586625
0 0.16425936179468817 0.785570456167935 0.06366376291777782 0.05218254809323426
0 0.27768738858017433 0.8629092608845912 0.057668336056041714 0.06290179328391084
9 0.29169403077263956 0.7939236479078998 0.05120013050895835 0.05330853847458741
0 0.4710229744487847 0.11402536069925676 0.10977634992375015 0.08813989546082905
0 0.36212075313413206 0.13051840153609684 0.09037173328249999 0.059360131032858775
0 0.5201891326931599 0.21409977176918243 0.05109102773541672 0.04862103847458741
0 0.35412968123013916 0.2902654237686154 0.0670797036472223 0.06479167549789597
0 0.19269795269729176 0.09571927168436442 0.08281380642076393 0.07002481252120452
0 0.1400126298433683 0.2804464465492882 0.047602351823611146 0.032886911069925695
8 0.25123911094166684 0.19612106496827522 0.08292290919430564 0.0747123125212045
8 0.20576426320211824 0.2546404038983495 0.07965243882958344 0.06835318511654283
8 0.30063904568718763 0.1720858534428626 0.07957970364722229 0.06522818511654283
8 0.32584037385944464 0.24868555897782546 0.0476750870059723 0.0360119110699257