0 0.2859375 0.06953125 0.0515625 0.0125
0 0.29765625 0.0546875 0.084375 0.02109375
0 0.2203125 0.07109375 0.0515625 0.02421875
0 0.26484375 0.0890625 0.040625 0.02109375
8 0.25234375 0.2 0.05859375 0.02421875
8 0.29375 0.1140625 0.04921875 0.01015625
8 0.31640625 0.14375 0.040625 0.02109375
9 0.2109375 0.16796875 0.0375 0.01875
9 0.23671875 0.1390625 0.06015625 0.02109375
9 0.8546875 0.1390625 0.0421875 0.0625
0 0.615625 0.18203125 0.0640625 0.075
8 0.10703125 0.8046875 0.0703125 0.11484375
8 0.153125 0.87734375 0.05859375 0.125
8 0.33515625 0.92421875 0.046875 0.1078125
8 0.38828125 0.4875 0.06953125 0.1078125
9 0.25859375 0.5546875 0.0546875 0.08359375
0 0.3953125 0.6703125 0.0578125 0.16484375
0 0.3375 0.721875 0.05859375 0.08671875
0 0.2875 0.746875 0.03125 0.11796875
0 0.2390625 0.740625 0.0390625 0.109375
0 0.5421875 0.6328125 0.0359375 0.1046875