0 0.174878485396094 0.9413056469387217 0.04796594155801363 0.06386392319868044
0 0.3500694001687464 0.9252761669969812 0.03535684740221221 0.05725021034569906
0 0.05809218020051845 0.8322609190420455 0.07469208279171564 0.07401181301126628
8 0.06834961607648919 0.7366983664556206 0.05303527110331836 0.0858753155185484
5 0.2700893940796664 0.7206772467012947 0.04766593262955983 0.04667642319868044
5 0.34522398742468885 0.844989273423472 0.05695911201270878 0.04226170783841639
9 0.8987426793897395 0.9405455335191089 0.1011454886359143 0.06853470282385174
8 0.31754859537691266 0.5069042517158596 0.07630912986961631 0.07718227711788864
8 0.2087657049539895 0.38669470328607003 0.0698954886359143 0.06762542069139794
0 0.36700667329736436 0.26808579262380194 0.07609094155801363 0.06468227711788863
0 0.031737375001647646 0.5145793255476783 0.06347475000329529 0.07084134890464337
0 0.23495783238797383 0.22820024168672978 0.1485386858759708 0.099586126022532