8 0.24764080537872518 0.32728259936686177 0.09434998400699968 0.05429034639736088
9 0.7158624520209991 0.1339104032734347 0.1581044960216353 0.16392141066226812
8 0.7382658053787251 0.3130068698873399 0.23809998400699967 0.05847304420664754
0 0.5025459340388163 0.27141171793405333 0.1273988413430903 0.07555759263643722
0 0.47133120202099904 0.14102553595988432 0.15134541868236298 0.1199895542357774
7 0.15935484345158546 0.8667519278175341 0.07460220003181668 0.23646634890464355
7 0.23374631612026722 0.8794361327529566 0.0643181333545444 0.15806856426490726
7 0.211770224100859 0.7370584161390514 0.03862724267981754 0.09796613855894432
7 0.1450907067552232 0.6483429086172041 0.03430336935072646 0.12907974623907634
7 0.11632136409926816 0.728112976643035 0.03893632535009015 0.12452863855894432
7 0.11924418006045176 0.4419936202165443 0.045131781349453795 0.120022994985435
7 0.2024299447405875 0.5388255046188535 0.029015885343726833 0.0773808539192082
7 0.16664698607572379 0.5531524290711752 0.029034066677272242 0.07894335391920819
7 0.2418298940960865 0.7010156160599091 0.03237724267981754 0.09778428213245363
7 0.2855900794477675 0.8349443351810969 0.025981792011454098 0.08510242570596276
7 0.3058929414385406 0.7663618197416906 0.025836341343090475 0.07260242570596294
7 0.2758599961011772 0.7375381377675214 0.03566587468172653 0.11193771034569906
7 0.31078843208940493 0.6497737133151998 0.022765885343726745 0.0771989974927175
7 0.06690043006045177 0.4435166677884041 0.03201361600890869 0.06653428213245363
7 0.16273964139081554 0.41884562523110913 0.029034066677272242 0.07894335391920819
7 0.09763390408176896 0.5997068318158846 0.04197041868236291 0.11680706677218958
7 0.054740068785767246 0.8760480229612536 0.022729522676635906 0.07407399749271733
7 0.08094639075426871 0.643175686988734 0.021003390674726896 0.05996603338609478
7 0.2256969114417223 0.7921407212327587 0.028961341343090474 0.0726933539192082
7 0.20475770277685856 0.8060357366721649 0.022711341343090476 0.07251149749271768
7 0.23781346140990559 0.5573338122198432 0.03223179201145401 0.08528428213245362
7 0.14433782344044963 0.7851298547771381 0.03877269334818116 0.11046613855894431
0 0.36270327872372465 0.40990121958340603 0.0389181440165447 0.12296613855894431
0 0.4299742367520415 0.6166082091585647 0.12369313335454457 0.15979620031656908
6 0.6159026460852688 0.6104167304704656 0.14273403469127147 0.18534176959604132