9 0.4951665558549493 0.28458051882026136 0.06791701186299796 0.058924013840164415
9 0.4128169708739774 0.27342550152005585 0.08685801285158128 0.06437551779449713
9 0.2170641190870915 0.17809446098814566 0.05790534190105419 0.0429170118629981
9 0.12921395060802232 0.16593535920125974 0.0802896778706093 0.05630834980971957
8 0.3540746877564411 0.1142614071475437 0.06434634288963732 0.04785917984777566
1 0.5251432159310616 0.2546038587441492 0.038327670950527096 0.02184050790866543
9 0.2381338721272031 0.9771792653230392 0.10835101087441493 0.04564146935392159
9 0.3365369496566202 0.5643595662350727 0.12218801779449713 0.0892136917107738
9 0.2656527411771135 0.7580193829272559 0.09355368182494202 0.07556768577927464
0 0.1306039205305976 0.8125729372621494 0.09030134783255321 0.07231535178688589
0 0.15532934790691533 0.8642773587069682 0.12206068380210837 0.0860886917107738
0 0.3111190914811247 0.8402071418245045 0.14877969269935692 0.12929486364988385
0 0.11245078121473209 0.93828125 0.15346719269935694 0.1234375
0 0.17949772387690796 0.6726137821289532 0.18350220258518868 0.17750687056996634
8 0.6418147682887887 0.11272671794540892 0.16277852570316256 0.12830536661563352
8 0.6231933967674204 0.3256750455120071 0.1074543557412186 0.11045202174882984
0 0.6885226250185905 0.22538322684265752 0.14457235376405234 0.10260502965749527
8 0.7476813325838761 0.8158782342570312 0.06446835969555131 0.12741934585538672
9 0.8248486690477229 0.8338416670705564 0.05056768577927464 0.0925350098858317
9 0.7637453898845192 0.6933002387056556 0.03392401384016441 0.06689833992388791
1 0.8809342539915137 0.44927034889549844 0.04329901384016459 0.06728034190105418
1 0.7613485376405227 0.9831069076418352 0.036921679847775654 0.03378618471632962
1 0.8681238251695023 0.7856880099601937 0.04081068380210837 0.08277800790866544