9 0.7519302873353728 0.35174052478871587 0.10944891233702041 0.09625936379145843
9 0.9336633027566481 0.47311029777448 0.1116387037328785 0.132233231382639
8 0.6368292130650738 0.46854420545017417 0.11301028896022576 0.12133209897381966
8 0.8325221737011061 0.047490742303646534 0.10410684740221221 0.05865026101791676
8 0.8073911290555422 0.44205770668444516 0.09845686525911965 0.0928797906531944
0 0.4381233372559425 0.09063349173496564 0.252809174511885 0.16675631458888912
0 0.38137450527500577 0.15022539086128503 0.22509327759614006 0.18953919794763907
1 0.5495104452081663 0.43215080413965323 0.03883640340856651 0.07743532218833345
1 0.27422447848964454 0.09618989466100716 0.09525004464226869 0.08811955547083342
0 0.6925742471540357 0.7541011521635422 0.07644549756436803 0.08455814437666671
0 0.9189264671222634 0.6578483204759035 0.09226141233702023 0.09585932028847247
0 0.973119494721699 0.7490740389407647 0.053761010556602075 0.09527743882958344
0 0.728503838874205 0.8439637391695145 0.07285684740221221 0.05792290919430556
8 0.9606458810857846 0.5955671792333689 0.07870823782843069 0.05181837955902786
8 0.09680559983125364 0.9359375 0.16317393019392787 0.128125