0 0.7255256224558086 0.027846037567517086 0.12671298620519006 0.05569207513503417
0 0.5620772761192818 0.04563458263756923 0.10540455223856356 0.09126916527513847
0 0.5543687539567289 0.3093645486338884 0.11207063206674714 0.08375936379145843
8 0.47289194538658713 0.03827210505465238 0.06265048620519006 0.06388196846486116
8 0.780179902193135 0.17035202754798545 0.1040191146538925 0.04923889342673622
9 0.965173499264831 0.18010496799308945 0.06965300147033808 0.0531626740119445
9 0.7075778838757694 0.11337663535552026 0.07983798620519007 0.06428201196784729
9 0.8218993334462281 0.05596156601697848 0.09217421189493039 0.06144795269729175
0 0.8847456507227971 0.3446961044859715 0.11782930913596842 0.07452983415618064
0 0.6651634910664301 0.39361030243361056 0.06971935775648763 0.07965243882958344
0 0.48745789292088093 0.3609829064414232 0.058618083446227945 0.0762728656913195
9 0.7886662680902231 0.46660943170829794 0.11512038896415203 0.05261846656500015
8 0.9817091819304615 0.7025611962415963 0.036581636139077035 0.10479790919430557
8 0.4408993119610437 0.7860205804533678 0.08690685775648763 0.0800524823325695
8 0.41233722071289947 0.7186337119122566 0.11939180913596861 0.07456620174736131
0 0.2609407377870697 0.531299978914097 0.10154921189493056 0.06166615824437507
0 0.24171818351234126 0.806300632124479 0.0889673247398008 0.05981271751493047
0 0.10646567898978546 0.6882072083968749 0.12646068068726612 0.09033667211208343
9 0.4423799248059139 0.7844217128621872 0.0832905348257091 0.07060474715020834