8 0.22572528795106522 0.7909477358479512 0.05198974687674198 0.07463763050895836
0 0.09598324579658753 0.7845912459159374 0.04400453005422929 0.04476829255305574
0 0.17666561923495855 0.8194370649701387 0.03146816861791084 0.038227351823611144
0 0.09879514928918784 0.8650054445291666 0.03457498789975157 0.03517508700597212
0 0.060677525752620955 0.8940214505130903 0.050281801131468164 0.04960126291777769
0 0.0678122731203423 0.6430401787615972 0.037790891490547776 0.050872822188333444
0 0.05867362245641237 0.6838833843086805 0.04861021682251274 0.030814895326597203
0 0.12825486943135028 0.6908587765011458 0.034638620413308896 0.046112587005972115
0 0.04339860128097765 0.7444033102204861 0.04091589149054777 0.050945557370694415
0 0.15912814041039325 0.7596808584731248 0.03926248789975162 0.03528418977951393
0 0.21488375760224834 0.9420017427818053 0.05030907220870704 0.05428876291777769
9 0.05538902029167194 0.5222191856954513 0.09409543364502548 0.061557055470833434
0 0.2836351774967054 0.1348237159963192 0.1129545179539809 0.08074346656500006
8 0.6740627940011894 0.7633227371791313 0.06273634933607006 0.042079703647222286
8 0.5286866614876321 0.7557674231589232 0.05328862646343317 0.029361498100139015
8 0.39547470656897604 0.8245018522048607 0.05016362646343318 0.02928876291777769
8 0.45888776677563053 0.8456852147620483 0.06269998789975162 0.03582970364722229
8 0.9068525681034902 0.7539977160932285 0.07369203005422946 0.045459276785486225
8 0.8546269927715254 0.775528530397777 0.05961134933607006 0.04200696846486114
4 0.8239946163080922 0.748112698425798 0.06894998789975162 0.03597517401194459
1 0.7907781162098966 0.8137383516361798 0.02979658430895533 0.01944098423243048
1 0.7540230047735779 0.8083429900289231 0.04080680718159222 0.03219555737069442
8 0.8907053933372595 0.7989108258006242 0.040788626463433175 0.029070557370694416
8 0.895665604109648 0.8456767230270825 0.040788626463433175 0.029070557370694416
8 0.667326980671277 0.8142676413394438 0.05644998789975162 0.03568423328249999
8 0.8203065349260031 0.7857036174037493 0.06282725292686635 0.057704703647222286
0 0.561229433252242 0.30573040235736065 0.43622943325224206 0.32886019034819486