8 0.5097450731179739 0.03458194891046098 0.07582235376405215 0.06916389782092196
8 0.7227411857420936 0.261869524383395 0.07263368676785795 0.09931673151356132
8 0.7677406679475965 0.3434233612715677 0.06957235376405232 0.10069722099021768
8 0.7973246916735928 0.22946727708481812 0.06619268577927465 0.09426521046687393
8 0.6313614520537161 0.19003159271454187 0.05599001482874755 0.07340667889684287
8 0.7788771447158919 0.45266955865484915 0.08908635771838505 0.12053928413027996
1 0.33287487250995157 0.18949035032470096 0.045018022737412976 0.11017863680346807
1 0.35692647923975335 0.07741528455380287 0.06294035178688588 0.09095819994353027
1 0.40303747528542067 0.0934351267036474 0.050440351786885884 0.09023015785015547
1 0.19753157460084864 0.03111807376928664 0.04317167984777566 0.06223614753857328
1 0.21005018475351048 0.2964067502117615 0.049612680836358794 0.06991765785015547
0 0.14650765509601524 0.44039894489361997 0.06606535178688593 0.09114021046687384
8 0.3015160790494729 0.012053772503279696 0.039155341901054186 0.024107545006559393
8 0.16058733152093083 0.004498513224766792 0.04132533695813834 0.008997026449533584
8 0.15874364722453088 0.0827229527861277 0.04954901384016441 0.06835515785015547
0 0.050057124944228426 0.5886460000705872 0.03647601087441492 0.05356461575678075
0 0.025031868308473048 0.49970459741151635 0.050063736616946096 0.09023015785015538
0 0.13785555528629567 0.5188424633094714 0.05806185079830275 0.08599768415851479
9 0.7803216506102099 0.8189015034072948 0.051719008897248564 0.04509966837349921
9 0.8745385187087182 0.6489614587536712 0.05777800790866543 0.04077618942018653
9 0.9270732696973013 0.6412252824876643 0.05790534190105419 0.043901189420186525
1 0.766281713842352 0.9148055376081619 0.08210684585538708 0.06401626834526439
8 0.3677155157429687 0.6925096635353503 0.09004667984777566 0.06759629465362345
9 0.13885302810025837 0.647384692262784 0.06880834980971962 0.08194722099021767
8 0.20225234182669208 0.7364402160108945 0.059178681824942014 0.07515118942018653
8 0.10707249300555569 0.8152470264495335 0.06740235870696813 0.12395271046687384
9 0.2583113408381089 0.737851526590708 0.03484984387822045 0.05191111049510884
9 0.24024443175057994 0.7030515923616061 0.0446068458553869 0.06183214206513998