1 0.5222754647200057 0.7716112819163884 0.15053334577069996 0.19233558320625016
1 0.8220752323600028 0.8727860433155549 0.35584953527999447 0.2263521329775003
1 0.7898071234718614 0.6973327548465619 0.22233974672063966 0.13314372758291687
1 0.6112726876962127 0.6936661602411454 0.16206398801421235 0.11457425911805572
1 0.47025926334052465 0.7790795962209371 0.04281602103089917 0.1320864545971528
1 0.5902242825624016 0.859200894473576 0.2614575576656305 0.2542199469977085
4 0.17869588308279988 0.7530132843849304 0.28909787878738674 0.21584843123013914
1 0.31672814959114326 0.7599691863610415 0.1730567989592034 0.23499586189159735
8 0.8733843475797223 0.21746145725951319 0.15235479534115867 0.13775718597979178
0 0.7599138263216805 0.5149930335319091 0.22502873473485216 0.24400849240055572
0 0.6309688755080265 0.3232257204616314 0.12513055404758583 0.15429006933854178
9 0.19326747964646937 0.3146404621965971 0.0855900192218769 0.08470361474138892
9 0.2762880195605611 0.30175729606843726 0.057389776119281775 0.052835365691319504
9 0.2729450135676673 0.35737151643315956 0.04555151741285455 0.035393292553055566
9 0.24834780529078135 0.39548976548322895 0.03165279172311406 0.038190984232430655
9 0.2100256117132165 0.39559952146715266 0.05393722749876284 0.046512630508958354
9 0.14982509610938424 0.4110803575231944 0.04316350180902231 0.049383057370694414
9 0.05553394278459538 0.626816419927882 0.04785100180902231 0.049492160144236054
9 0.1806158299397251 0.6254695126334374 0.049249727498762795 0.046403527735416714
9 0.26194771709485487 0.6251408978920484 0.04908595318850324 0.04327852773541672
9 0.13111163839832518 0.24803549686586795 0.06273237336031982 0.06544446846486114
9 0.1668577086155702 0.18384505708635404 0.07259869629109836 0.0750376740119445