9 0.8423621575978171 0.6709524948121585 0.05980224687674181 0.07551092068857237
9 0.7664809136479411 0.6854936552491119 0.07540906615858275 0.07293155771188112
9 0.7804166695016737 0.5734574467189242 0.06148292154477701 0.09587798439090349
8 0.9428196580887963 0.9815439601550272 0.07383747579950324 0.036912079689945546
9 0.7483747665000526 0.9632354150570179 0.08182269262201594 0.07352916988596406
9 0.5635326547691465 0.782333905797266 0.08173178903121965 0.08564981252120454
0 0.6395149344305924 0.48180068165798173 0.08793633723582168 0.07805556733052796
0 0.9579735220591974 0.6773339587846418 0.06300906010845857 0.08968254809323425
0 0.9100087207313375 0.5943924840123852 0.0912613251355733 0.11253969473518968
0 0.8952215964092037 0.04689000143558039 0.08455680718159257 0.03419643992586622
8 0.2071775947588838 0.9222644135169965 0.07584540339440445 0.1479315577118811
4 0.23474211778103027 0.21370786905195924 0.1319772287263694 0.12958335099579185
4 0.25858413876007325 0.14499507458692207 0.08807269262201593 0.10149306733052792