0 0.6583423827529566 0.19634719311928645 0.082522994985435 0.04706068380210837
0 0.7694186235817565 0.26751258589519306 0.09989235141192587 0.054011020760246706
0 0.6941615254685362 0.040161472548226385 0.0836141335443795 0.08032294509645277
0 0.8186540939565854 0.3185684085188753 0.06818771034569907 0.03711268083635879
0 0.9126086824363874 0.30771713874721185 0.06560827962517095 0.05573534684397004
0 0.6861371106496328 0.3138238531953986 0.08693771034569905 0.037876684790691506
0 0.685353512140701 0.23348243718778736 0.0667161385589445 0.04017401384016441
0 0.5490870546979958 0.1430550498490882 0.06377299498543501 0.046296679847775656
0 0.6161608944314392 0.14422361901272937 0.044659282132453626 0.03303267589344294
8 0.4991756344023092 0.061594144221600325 0.07342077962517113 0.05605368182494201
1 0.6123298861181689 0.3831587850203406 0.08077863855894432 0.04074701680591399
1 0.6206137475592245 0.4202767830431743 0.07287521034569906 0.037303681824942106
0 0.056167151161863674 0.536915068175058 0.027545989970870145 0.08851867193911023
0 0.19189771417312967 0.4580340400004375 0.040136918184115536 0.09215300790866543
9 0.18893522090355425 0.8280282050194655 0.02695495658477527 0.06820617193911041
8 0.07847640868371106 0.6015532297340449 0.024011813011266002 0.07432883794672147
8 0.216529023489979 0.8183202825860636 0.020159387305303155 0.04920150395433254
8 0.1695821641604944 0.9567898749814094 0.029670779625171173 0.05427100593149916
8 0.1706064212201234 0.707044542966187 0.043534702823851565 0.10165534190105419
0 0.09197164119924081 0.9154738082892262 0.03737563103709696 0.10452567391627668
0 0.14379152012476673 0.6363473823957833 0.030580061757624753 0.08552100593149917
0 0.17808761526848635 0.5303865424718954 0.020659492478152595 0.06638900395433271
8 0.19787962655125746 0.6279008710270768 0.040773415676833034 0.11402800790866544
8 0.2111117492750842 0.7631380340689384 0.030079956584775226 0.06833350593149916
8 0.11962189740093998 0.5015558883272824 0.040045989970870145 0.08902800790866543