9 0.31953125 0.1625 0.03984375 0.0734375
9 0.475 0.2390625 0.0546875 0.05703125
9 0.5671875 0.24140625 0.059375 0.075
9 0.1328125 0.10859375 0.03984375 0.07890625
0 0.846875 0.23515625 0.0859375 0.08828125
0 0.66484375 0.2625 0.09140625 0.0328125
9 0.74765625 0.25625 0.04765625 0.04609375
8 0.4125 0.63203125 0.05625 0.08046875
8 0.28828125 0.56796875 0.09765625 0.13359375
8 0.23125 0.77578125 0.04921875 0.075
0 0.1546875 0.7984375 0.040625 0.07734375
0 0.20234375 0.8328125 0.05234375 0.06796875
0 0.234375 0.71953125 0.0875 0.08046875
0 0.21640625 0.64296875 0.040625 0.0421875
0 0.2125 0.459375 0.090625 0.0515625
0 0.38828125 0.4703125 0.03828125 0.071875