8 0.17642090061125543 0.28036814693872153 0.09306832654882316 0.10879598997087019
8 0.11069075927225416 0.18009301379005355 0.08056832654882311 0.10843227711788872
8 0.37316086103584795 0.04510124251140611 0.08336577792830413 0.09020248502281222
8 0.2607150927184822 0.10084211982083287 0.04332727611928178 0.05274456677218971
8 0.14916011702874174 0.10096780344435456 0.056728034825709095 0.07029577962517117
8 0.16426281659920045 0.15513246621819374 0.07753185775648763 0.080261813011266
7 0.9615605404799187 0.183417343627381 0.06050148801421216 0.11252874373179385
7 0.6574484933297378 0.3747998277257564 0.24691037878738661 0.21624008010002482
7 0.9474205546134129 0.03605689113273382 0.0957838907731741 0.07211378226546764
7 0.8712531230216356 0.1353412079714305 0.10326219810012063 0.12469377461060623
7 0.7186537454774442 0.09999840452707595 0.20859150723608924 0.1995239415410805
7 0.7851285945275046 0.05038146707612355 0.23911781094499088 0.1007629341522471
7 0.3712222297620703 0.7458554399582349 0.06018058344622803 0.07663670783841639
7 0.3173170590244269 0.5687904862764535 0.09940021370395291 0.11054034639736088
7 0.3890625842391976 0.5394008514784329 0.06141553482570909 0.0704321719450391
7 0.372795775103229 0.6116395643314142 0.06018058344622812 0.07663670783841639
7 0.38631720601763775 0.9490115321989606 0.06807497060135788 0.07842652837152997
8 0.8407335476044662 0.6432673682379872 0.04669793758467122 0.057522994985435005
0 0.757296927862191 0.6129326620489234 0.056891809135968606 0.07342077962517131
0 0.7463041169172001 0.7333815543687914 0.040857373360319825 0.06515363855894432
0 0.8121781004088569 0.7416055798373274 0.042999727498762755 0.04649456677218975