8 0.7499334752354553 0.8114654494589171 0.06988313206674697 0.08468926051544941
8 0.8218837183380504 0.8390305274780783 0.06692190637700648 0.08765048620519025
8 0.7977291660994867 0.7368881733396353 0.06034435775648746 0.08107293758467105
8 0.6555659995457148 0.819544622344267 0.025068599050060314 0.06208392017181659
8 0.8772949146291487 0.9097657513587964 0.08303822930778501 0.09784435775648745
0 0.5462186550182102 0.8855967475136092 0.05845430913596843 0.0747410504295413
0 0.5363545748513425 0.6824308039360443 0.050068599050060315 0.06339411465389269
0 0.441234583896454 0.9302685176399972 0.057635437584671045 0.05911605042954129
0 0.48828332428551563 0.88628282225341 0.058781857756487456 0.08099105042954129
9 0.3975510244218012 0.6348674864323327 0.05171298620519007 0.06503850180902226
5 0.5748947744218011 0.6255732943251058 0.03888543758467122 0.058133404567984215
5 0.14041463308279992 0.750968278494131 0.041846663274411534 0.05517217887824373
1 0.24320876243601353 0.7541984198331322 0.049079309135968606 0.07424972749876275
8 0.16564592718076315 0.6344867853915359 0.0629780348257091 0.07186171189493056
7 0.36635193407816813 0.5926323988022331 0.04012038896415202 0.05196529172311415
0 0.24161968622587465 0.873357855608781 0.06346935775648763 0.08123671189493038
8 0.6205658847802805 0.12180648518913725 0.030568326548823067 0.10756019448207602
4 0.8587043718899817 0.19628310549723937 0.09814533016686795 0.20771068068726609
8 0.33081838930283636 0.2584178510862253 0.06215916327441153 0.056236711894930555
8 0.3393158847802805 0.13654617311249262 0.042917840343632996 0.04587906603337357
8 0.24049220318850334 0.029699708842712835 0.042754066033373485 0.04275406603337355
8 0.21042292288534997 0.08376308910043764 0.049659163274411534 0.05558161465389255
8 0.34644114653892555 0.4518812460432711 0.06890048620519007 0.06593926051544959
8 0.31446080619529254 0.4096871019907364 0.05887038896415202 0.05294793758467105
4 0.3537756117132165 0.3825580359573629 0.05294793758467105 0.05887038896415211
1 0.25933289292088096 0.3593053216875831 0.02631019448207601 0.02631019448207601
1 0.2663298433958508 0.3283861923343695 0.04555151741285455 0.036667840343633
8 0.28168260572032267 0.4419573694035909 0.04398901741285455 0.03658595318850324
8 0.21469982360814704 0.4493847670741703 0.04398901741285455 0.03658595318850324
8 0.25705334068231733 0.2560165473773236 0.049331614653892505 0.049331614653892505
8 0.29966464382539215 0.3814768928093393 0.08387038896415203 0.05425813206674705