8 0.03285904801877186 0.13718997595338286 0.06369996801399935 0.10530754809323425
0 0.02719139803468022 0.2546230126138717 0.04947383601209036 0.09075397477225655
9 0.15455661342295043 0.6550272619808994 0.06802384134309047 0.07422123920022691
9 0.21360434941913242 0.6248288412923271 0.06631589067472685 0.06166667549789597
9 0.19764408943344994 0.7308977920179665 0.07783519334818112 0.11204862141421187
8 0.30875431210213167 0.7418675191524757 0.12100448535963518 0.19789684137714508
0 0.6009754380569519 0.3987151975607785 0.15784995735199914 0.14295637023308555
0 0.7716810260979955 0.6952206314113769 0.07007723734881743 0.11646330290255769
0 0.8262054414385407 0.7464631836809624 0.07921588001272681 0.09647818511654283
0 0.8180576814528582 0.8522593158949476 0.05385225334181776 0.06435516587924894
9 0.8860446127864037 0.8514482948435553 0.06497156667727211 0.08036211179556503
9 0.7383332714433131 0.7847022828626558 0.041134077339272324 0.04516865626060227
9 0.7064923781030862 0.7350123069092729 0.044404528007635946 0.05777778366526398
1 0.9436009320894051 0.6259100923038174 0.06475339067472703 0.06161211179556503
1 0.8684827534213596 0.6183729000156984 0.05059998400699968 0.05330853847458741
1 0.9090083034293137 0.6755752756062616 0.05545111600890849 0.06753472958158006
1 0.9182747627704952 0.7330876752434419 0.038027258672817865 0.04662202885594056
1 0.9899419387133843 0.67260155382923 0.020116122573231365 0.038482146641955414
1 0.9982129700429525 0.6199577034664102 0.0035740599140950736 0.044131945916316084
1 0.7381412727561777 0.6338664691603249 0.050654528007635945 0.05799603847458741
6 0.8581565174649484 0.9399577233366762 0.06475339067472703 0.06161211179556503
8 0.6283839174092692 0.5376586464723194 0.06181020401018138 0.07712798439090332
1 0.9973277247175204 0.7301685171687412 0.00534455056495915 0.03174107332097762
1 0.9380514607733588 0.7534993789643062 0.028470445337363516 0.030669646641955418
1 0.9821014527768586 0.7777528452990422 0.03477498933799979 0.03557540145127884
1 0.9057116754455403 0.7952702167132542 0.031649989337999784 0.03546627404661713
1 0.827131047421996 0.6245063381274661 0.0348477146721816 0.041825401451278665
1 0.8338446714274047 0.6641318333181427 0.05390679734245403 0.06904266587924894
1 0.8735611520925867 0.6518029589087059 0.031649989337999784 0.03546627404661713
1 0.8671667961091313 0.7739507774203601 0.031686352005090866 0.03859127404661713