0 0.06253384010976767 0.8113779132744116 0.06304544000636333 0.05015048620519025
0 0.07143503075267786 0.6369511233603198 0.056649989337999786 0.03732293758467105
0 0.17641562145922146 0.9360237884437538 0.07272952267663588 0.07720430913596843
8 0.27162812412472154 0.9324251549066686 0.08497498400699968 0.05598440637700648
5 0.2794389820973592 0.731394921415012 0.04585794000636332 0.04924972749876275
5 0.15197650608685964 0.647418311849502 0.041279528007636034 0.05837906603337366
9 0.03379429201145402 0.08609463025772479 0.06678860534690848 0.10343926051544958
8 0.4914299047580867 0.6987815745126582 0.07587270401018138 0.07893058344622812
8 0.6161582794398133 0.8161881597679086 0.06642497867599957 0.07218926051544976
0 0.7284026460852688 0.6659159220923805 0.06337270401018139 0.07827548620519006
0 0.49559288279753944 0.9758542503386842 0.06958634134309047 0.04829149932263164
0 0.7736980594366316 0.8010212624360136 0.09702154535327186 0.15187011646291496