8 0.49110030307637575 0.7644535046527435 0.056704517953980904 0.07943423328249999
8 0.7864622791704665 0.645563913181459 0.05032725292686635 0.05741376291777787
8 0.3515832851223949 0.6830917890376739 0.044122704722264317 0.06508079255305557
1 0.06250819134546967 0.9427336670780904 0.04580337939029935 0.08542966014423606
1 0.02414512811375312 0.9277801610941667 0.03637383723582165 0.07583645459715278
9 0.47840784289316235 0.3282796153100699 0.07696247579950324 0.07053201196784728
8 0.6593169544276767 0.2739045058870144 0.08789088544042353 0.06922408510611114
8 0.6286214663315335 0.3684896540634033 0.10976588544042354 0.06973323138263901
0 0.18974934299135826 0.25672604473725713 0.06481699980360829 0.13117857123840276
0 0.1291022136010589 0.17095089247680567 0.08814541549465282 0.11297408510611118
0 0.19949146077238852 0.051511867875521 0.04585792154477706 0.09480466014423614
0 0.05221350243588692 0.3816325129177779 0.08369426483072291 0.1534899823325695
0 0.11676233664664645 0.46671733415618066 0.05654998184962738 0.052871733282499986
0 0.17856289987836305 0.4822163540078126 0.05795794574527387 0.026345600873680652
0 0.060520385244031825 0.19825696846486118 0.037809072208706995 0.05399782218833336
0 0.12740738251355732 0.013901458681215385 0.05793976502711464 0.023220600873680608