4 0.11484375 0.16640625 0.2296875 0.3328125
1 0.278125 0.14296875 0.10234375 0.28515625
8 0.69921875 0.22734375 0.05390625 0.02890625
1 0.71015625 0.103125 0.05703125 0.02109375
1 0.83046875 0.15703125 0.03984375 0.01640625
1 0.59765625 0.1578125 0.04765625 0.03046875
1 0.34375 0.1125 0.0296875 0.0265625
0 0.83203125 0.0953125 0.06328125 0.03203125
0 0.5671875 0.20703125 0.03828125 0.03046875
0 0.64140625 0.18984375 0.06640625 0.03046875
8 0.809375 0.17578125 0.04453125 0.02109375
1 0.3078125 0.71328125 0.04296875 0.0609375
1 0.1734375 0.6265625 0.03828125 0.04453125
1 0.27109375 0.578125 0.021875 0.03359375
1 0.240625 0.64921875 0.08984375 0.06796875
1 0.234375 0.59375 0.03984375 0.05859375
1 0.06328125 0.665625 0.04296875 0.0515625
1 0.10078125 0.4375 0.0359375 0.0359375
1 0.246875 0.75078125 0.03671875 0.04453125
1 0.29375 0.49765625 0.03828125 0.04453125
1 0.1640625 0.6875 0.0359375 0.0734375
1 0.10703125 0.64453125 0.03125 0.0359375
8 0.12421875 0.88515625 0.04765625 0.07109375
8 0.259375 0.93828125 0.034375 0.0484375
8 0.07890625 0.79921875 0.05390625 0.0390625
8 0.31796875 0.58125 0.0234375 0.053125
0 0.24609375 0.82109375 0.06015625 0.05
8 0.7390625 0.63828125 0.07734375 0.103125
0 0.60390625 0.64921875 0.09140625 0.16953125