9 0.40291974606140624 0.47550458909548554 0.0364102146721816 0.042718121018452494
9 0.3661180853755435 0.332050720707869 0.04104317067154524 0.038303636803468065
9 0.19411745806808778 0.5125286340314578 0.031577264003817974 0.02994510523343692
8 0.2601226240451798 0.3477373629141832 0.031613626670908876 0.03307010523343701
8 0.12204191605663375 0.4240128946253886 0.056649989337999786 0.037651189420186526
8 0.3281282840547248 0.4219630891660728 0.04405908267027261 0.0291106473268119
8 0.20226576539622437 0.474747912970653 0.04087953866963625 0.024241136803468066
7 0.4340633947724042 0.803659681174743 0.09782042934436319 0.08689232622365459
7 0.40863503874917806 0.6312008522496652 0.05843066534054504 0.05649219468185844
7 0.30018947612981217 0.9722151761954198 0.07249316534054513 0.05556964760916046
7 0.3548838774267684 0.7084844180911505 0.05861247867599957 0.07211719468185844
0 0.30710944875872304 0.6955525076101591 0.05666817067154515 0.03921368942018653
0 0.32825883744426765 0.8357525733810572 0.05359771467218159 0.043719178896842695
0 0.33755147410085906 0.7621253575819242 0.05852157200827239 0.06430469468185844
0 0.6684260200509067 0.41367723621053587 0.05367044000636341 0.04996917889684287
0 0.6668186140594973 0.4768219783180281 0.03782726400381797 0.03030912628012441
0 0.6931089413987698 0.5220735651356135 0.040861357336090795 0.022678636803468065
0 0.7230504327259518 0.4785356677382147 0.031649989337999784 0.03619510523343692
0 0.8969590053707709 0.32783625967629765 0.0441318080044546 0.035360647326811726
0 0.8703794187221338 0.45901066496620435 0.0441136266709087 0.033798147326811724
0 0.9326499626829993 0.17455163595642204 0.047420440006363404 0.04960515785015547
9 0.567652218690317 0.20716265472520937 0.031577264003817974 0.02994510523343701
9 0.8270090373567717 0.2207070281627363 0.033212489337999786 0.03628611049510884
9 0.8917897000318167 0.28615699389128213 0.029978401336727245 0.02672909997176518
4 0.8356658746817265 0.15953430973276742 0.03951703333863606 0.04133763154179624
4 0.7608385973504083 0.17000980717251862 0.06620680267345413 0.053822220990217676
0 0.5376294587046345 0.31081129949177233 0.06604317067154533 0.03975972099021767
0 0.7887556066995439 0.2879631466209401 0.047165901336727066 0.02773015785015547
1 0.8294924314130873 0.6354142702702286 0.09909202800763595 0.06198333148532651