8 0.8156323912886811 0.8987184560135784 0.08267526308359266 0.08221935775648745
8 0.7886673438630473 0.9572779064885483 0.0504242052052021 0.06339411465389269
8 0.704103357087814 0.8827482179993659 0.06210515785015538 0.04998671189493038
8 0.5701624546405049 0.6825700763216804 0.06668624203690499 0.07515048620519008
8 0.7827674124059556 0.829234793643678 0.08387374203690516 0.07605124491161738
8 0.6420983678229193 0.6606375226127789 0.06466871572854575 0.06725609905006032
0 0.6393898677523321 0.734487780414695 0.11741428413027996 0.0902708751693421
0 0.6387521018967293 0.8037733689493057 0.14183743145709152 0.13516729534115868
0 0.6975873175546881 0.9415273775999623 0.15360938936371688 0.11694524480007544
4 0.8340752232681178 0.4798766027796466 0.27046223137238706 0.23069888059640906
4 0.9237483131400623 0.2186668651041185 0.1525033737198754 0.27373182835784543
8 0.3858589891943076 0.31307536861062146 0.13256884727034207 0.1097578595655099
8 0.18110214171220407 0.42151090909054006 0.07559080517696729 0.09430992198083885
8 0.4178230787839034 0.19324754748886525 0.05407982622365459 0.09941350180902231
8 0.34179890507814525 0.2118503833099425 0.09691977360693613 0.08608134215265535
8 0.21012251280124375 0.3848674021931351 0.09314232622365459 0.10146068068726617
8 0.1481105472844595 0.09577392469437229 0.08736276308359248 0.08246501922187685
8 0.37858002630835924 0.02762919154139995 0.06966005261671845 0.019228034825709082
8 0.27778961298477045 0.19603395352718755 0.0757882262518895 0.0709543091359686
8 0.3225714919663179 0.16255306818108012 0.06944722099021768 0.06906426051544959
8 0.1849867339326358 0.30099036917644834 0.06274219468185845 0.06092421189493056
8 0.19886024715740255 0.23161957146044046 0.061179694681858396 0.0608423247398008