0 0.7548710715916972 0.2917621938985621 0.11061509618646852 0.1256181444174141
0 0.5809672909216581 0.21228883821778027 0.09084823320977709 0.14112496974937896
0 0.6959226244094369 0.03795068272166961 0.09028274881887377 0.07590136544333922
9 0.2670660259455337 0.39774611182910197 0.08474207694917482 0.10047269867214012
9 0.12769595798203354 0.18835799717132964 0.07218751324684392 0.0988374757995032
0 0.12687252404661714 0.030979561817381374 0.06780754809323426 0.06195912363476275
0 0.0760639921954517 0.03003241276417835 0.08019842068857252 0.05982951795398088
0 0.05497522059590528 0.16455740368899202 0.10389387023308558 0.15682269262201592
0 0.3345858203257528 0.049994933939613066 0.1285466406515056 0.09998986787922613
0 0.2271776028098904 0.17293246419023411 0.1723908990890261 0.19471357806243947
8 0.728323506793058 0.6951235432346323 0.07520338584218215 0.09573065651766229
8 0.8476216330165933 0.7772588114832006 0.06484623920022656 0.06755111436318462
9 0.6134227370076102 0.8731717960633028 0.05127481252120454 0.08153180113146803
0 0.18583593954734806 0.9358278948101976 0.11842759618646843 0.12566359621281223