0 0.196875 0.125 0.04296875 0.02421875
0 0.14609375 0.1671875 0.046875 0.0265625
8 0.084375 0.20234375 0.028125 0.01796875
9 0.12578125 0.353125 0.0359375 0.025
9 0.16484375 0.20234375 0.0296875 0.028125
9 0.18828125 0.090625 0.0296875 0.021875
8 0.31015625 0.090625 0.02265625 0.015625
8 0.35390625 0.05234375 0.0203125 0.01796875
8 0.24140625 0.01171875 0.02109375 0.015625
8 0.159375 0.06796875 0.02109375 0.0140625
8 0.29453125 0.059375 0.0234375 0.0171875
8 0.31171875 0.0578125 0.0234375 0.02265625
8 0.3265625 0.1328125 0.03125 0.02265625
9 0.20078125 0.18515625 0.02109375 0.015625
9 0.203125 0.2 0.02109375 0.01484375
8 0.240625 0.0765625 0.03046875 0.02265625
8 0.134375 0.1265625 0.02578125 0.0171875
9 0.134375 0.225 0.015625 0.01171875
9 0.1609375 0.228125 0.01953125 0.01328125
9 0.14921875 0.2203125 0.0171875 0.01328125
9 0.13671875 0.20390625 0.0171875 0.01171875
9 0.18203125 0.10390625 0.02421875 0.0140625
8 0.1296875 0.19453125 0.028125 0.01796875
8 0.159375 0.134375 0.01796875 0.01484375
8 0.178125 0.0734375 0.03984375 0.0296875
8 0.86015625 0.12890625 0.11484375 0.0578125
0 0.58984375 0.12890625 0.0984375 0.09765625
0 0.7 0.2515625 0.07890625 0.06796875
8 0.2234375 0.79453125 0.05859375 0.11171875
4 0.18515625 0.65859375 0.0296875 0.07265625
4 0.2484375 0.746875 0.0234375 0.06640625
4 0.21953125 0.50234375 0.06796875 0.12890625
4 0.1546875 0.4515625 0.034375 0.04765625
9 0.24453125 0.40078125 0.03125 0.02265625
0 0.3015625 0.778125 0.025 0.06796875
0 0.290625 0.87109375 0.02421875 0.08125
0 0.31484375 0.86796875 0.02109375 0.05546875
0 0.240625 0.89140625 0.02734375 0.05703125
6 0.6796875 0.6203125 0.37578125 0.42109375
6 0.97578125 0.75859375 0.0484375 0.13203125