9 0.32012003981678666 0.44344740757878504 0.08475679508134401 0.06758884992375017
8 0.14363532874981053 0.2916634359797918 0.10219882513557325 0.11173889342673622
8 0.12948594945770703 0.44057306145475705 0.1222386143631847 0.06533667211208342
8 0.9089855344540336 0.8939312908406258 0.07547269867214013 0.08299564437666689
8 0.8532077122453264 0.9457652413537161 0.044149975799503235 0.06976829255305575
8 0.8007417632785987 0.8312474932535772 0.06277271077238851 0.04832970364722229
8 0.757774055040293 0.5614610169049312 0.06294542759490121 0.07801720364722228
8 0.9079320945624921 0.8063949232494452 0.08170451795398108 0.08001611474138884
8 0.8436797387835144 0.5689299844198619 0.06290906615858276 0.07176720364722229
0 0.8049439708295335 0.6461639784359382 0.11769656010845857 0.09022756933854179
0 0.7709138835937118 0.7203820752255561 0.13673745159900647 0.1406639804327085
0 0.7644224681972549 0.8960360386564243 0.1507090480082102 0.12536628875333378
9 0.10503383265863542 0.8830326651782293 0.1475931383672898 0.12685605357097246
9 0.14989285646634878 0.6934259577312849 0.0817045179539809 0.08001611474138884
9 0.4252791967272326 0.633420403779063 0.08019656010845858 0.08935474715020852
9 0.08679393452878825 0.526309886492882 0.09418633723582163 0.07718205547083343
0 0.4932792421031641 0.7639268277910073 0.06980448165323558 0.1828501740119446