9 0.793474210097041 0.6736954545472996 0.06631589067472685 0.06281426051544958
8 0.820454333426132 0.641012429332529 0.0661704400063634 0.050314260515449585
8 0.9918549767265882 0.8600070115355617 0.01629004654682369 0.059204581637205676
0 0.7072596113542262 0.11693419945891703 0.16406359468490841 0.1428912641334942
0 0.823976038709407 0.27185299355688025 0.23230451734563573 0.1027442989592033
9 0.8602493460375438 0.23164739541133111 0.0882454346753633 0.06864818068726616
0 0.7506390833863612 0.35152388342554347 0.10730451734563573 0.09619332654882307
0 0.6636630580044544 0.016557899706744254 0.08670111600890866 0.03311579941348851
0 0.4375925486950896 0.1865694272963641 0.06024770401018138 0.07811171189493056
0 0.41953343936981646 0.24692707315792112 0.060174978675999566 0.07186171189493056
0 0.47283116203849823 0.2589866598835096 0.05893974267981754 0.09990482473980081
8 0.4928902180537703 0.37050401402195254 0.04600339067472703 0.06174972749876275