9 0.5431401785424498 0.6234375 0.06639788981258547 0.0265625
8 0.4928951037861943 0.9640625 0.08959134890464338 0.071875
8 0.21941213967957154 0.9625 0.08343227711788863 0.075
8 0.19139347360702713 0.69765625 0.06633570533113406 0.078125
0 0.4299953208623178 0.628125 0.08229567445232178 0.0359375
0 0.972950732844734 0.659375 0.05409853431053193 0.096875
9 0.9352545045523465 0.271875 0.06789820533113407 0.078125
8 0.9128961197543258 0.2015625 0.05172763605166182 0.059375
8 0.844786280416594 0.3578125 0.10689852084968265 0.1296875
0 0.8030510729738889 0.45390625 0.08379598997087001 0.0875
8 0.7738911072179135 0.3109375 0.0942621285298145 0.125
8 0.8692286877801567 0.23125 0.07129598997087001 0.0875