8 0.15859375 0.29296875 0.0421875 0.04765625
8 0.07421875 0.2296875 0.04921875 0.03671875
8 0.06015625 0.17578125 0.0421875 0.0390625
8 0.1078125 0.171875 0.059375 0.05703125
8 0.075 0.121875 0.05390625 0.05
8 0.134375 0.2375 0.04765625 0.03984375
8 0.1265625 0.20078125 0.03046875 0.03359375
8 0.18984375 0.2078125 0.06171875 0.04296875
0 0.29453125 0.18125 0.05 0.04375
1 0.93515625 0.23125 0.053125 0.07109375
1 0.75390625 0.046875 0.071875 0.09375
0 0.26875 0.7671875 0.0890625 0.1359375
8 0.60546875 0.67890625 0.1890625 0.25625