8 0.45546875 0.6198798942796774 0.1546875 0.12373182835784532
0 0.5546875 0.24749255992893807 0.084375 0.11067190637700666
0 0.421875 0.46460921811496697 0.078125 0.07909435775648763
0 0.3671875 0.21747526854450833 0.0640625 0.09398237336031982
0 0.32421875 0.09238341531057649 0.09375 0.12678822930778513
0 0.9015625 0.23634486149013317 0.103125 0.08977955223856364
0 0.81171875 0.1887096229100939 0.04375 0.13666784034363305
0 0.75078125 0.38799697196015426 0.09375 0.0846007293077851
0 0.68125 0.11585970036342816 0.103125 0.10227955223856364
0 0.5703125 0.4419861883776406 0.0625 0.10327548620519007
0 0.1125 0.5144166248306579 0.1 0.12711577792830403