8 0.14453125 0.4828125 0.0578125 0.09453125
8 0.03671875 0.47890625 0.04453125 0.053125
1 0.0796875 0.46953125 0.01875 0.05
1 0.09765625 0.42890625 0.0265625 0.0484375
1 0.15703125 0.31171875 0.03671875 0.0640625
1 0.19296875 0.284375 0.02421875 0.05703125
0 0.0296875 0.5125 0.03828125 0.034375
0 0.434375 0.2546875 0.0578125 0.046875
0 0.5671875 0.21640625 0.2375 0.17109375
0 0.68671875 0.28671875 0.1375 0.07890625
1 0.415625 0.309375 0.04453125 0.02890625
1 0.47734375 0.434375 0.059375 0.0328125
1 0.54453125 0.4125 0.04609375 0.01875
1 0.50234375 0.39296875 0.03515625 0.0296875
1 0.61875 0.453125 0.0421875 0.0359375
1 0.67890625 0.12421875 0.046875 0.03828125
1 0.746875 0.24609375 0.05390625 0.03828125
0 0.0515625 0.9390625 0.06484375 0.09296875
0 0.03125 0.59140625 0.0484375 0.10546875
0 0.23046875 0.79296875 0.0453125 0.06875
0 0.1890625 0.5765625 0.05234375 0.065625
0 0.265625 0.6765625 0.03671875 0.1
9 0.16015625 0.9078125 0.053125 0.10546875
1 0.3625 0.76640625 0.04140625 0.0796875
1 0.4015625 0.77265625 0.03359375 0.07265625