8 0.784653463879148 0.13736591509339013 0.09325116801906326 0.0646938527754691
8 0.6777994918823251 0.1431609758540743 0.08250458279171564 0.07518568380210837
8 0.8806904870110612 0.31693535136695644 0.08557503571381489 0.07218801779449713
8 0.9172631866867498 0.2653383592756218 0.05095457386326174 0.05672484387822054
8 0.8540853023529064 0.17922976292594334 0.05103639448011279 0.061412343878220546
8 0.9863912648123675 0.33539087410436946 0.027217470375265052 0.040335839923887826
0 0.9640312723211345 0.15018820315384235 0.07193745535773104 0.05299234882113639
0 0.9688102755675452 0.2769098706443283 0.06237944886490965 0.10579901384016441
8 0.4387893591700397 0.31532384144394365 0.18201365909060954 0.051135371558549456
8 0.7038293469918798 0.7398913958160183 0.06715231818121907 0.09017401384016441
8 0.8393885661460336 0.9747651670333755 0.059257997564368024 0.050469665933249176
8 0.25742590543386623 0.6592463019006166 0.18047052434972927 0.14163303756616052
0 0.2622260482891261 0.9265585121101438 0.265145533278183 0.1468829757797124
0 0.05993111687738223 0.8393463428896373 0.09329780681713332 0.15681768577927463