8 0.1484375 0.1953125 0.08671875 0.0375
8 0.284375 0.1703125 0.0796875 0.03515625
0 0.18359375 0.1015625 0.0828125 0.03515625
0 0.40390625 0.24765625 0.08203125 0.03671875
0 0.31484375 0.11015625 0.15390625 0.05625
1 0.63359375 0.06015625 0.05078125 0.08515625
1 0.6703125 0.08203125 0.04140625 0.07578125
0 0.165625 0.62890625 0.09296875 0.14140625
0 0.2140625 0.4421875 0.1078125 0.1265625
8 0.9625 0.58125 0.075 0.10546875
8 0.75 0.6609375 0.053125 0.078125
8 0.70859375 0.521875 0.0390625 0.07265625
8 0.58671875 0.49296875 0.046875 0.08203125
8 0.69453125 0.471875 0.06015625 0.10078125