0 0.8182689165970393 0.5194196404800354 0.1731696598887993 0.13049019984750015
0 0.5532862681409854 0.44221613516170183 0.11541172359113024 0.1307070989738195
0 0.6047917483555375 0.620614545305938 0.1431002139724832 0.11886171561506949
9 0.9476302127489479 0.15170807645982717 0.10473957450210421 0.13059799620027784
9 0.7347098498146656 0.22786661369454922 0.14304565027015242 0.11729921561506958
9 0.6124504146981227 0.14695949296923663 0.07405754809323425 0.0641729091943056
9 0.72743807467174 0.600831335009202 0.135014895460829 0.11086737765916688
9 0.8094246515360968 0.377922471502084 0.11911707694917481 0.10269120174736113
8 0.4714410458157996 0.5574034176467711 0.025729175497895794 0.06617051386770836
8 0.9179960649682751 0.2680409380670841 0.10338294954451328 0.09920252583555564
8 0.7431101376562808 0.15546493683281312 0.1056349303072194 0.07427526101791675
8 0.7130333234906138 0.6801187915062158 0.14086310217691816 0.05479921561506949
8 0.5946205962712865 0.4634741925323963 0.21537700725639403 0.17674825721819457
9 0.8404316040758347 0.4387515219389243 0.1061260036281972 0.08833776101791671
4 0.7396528763931713 0.7494324891695145 0.14987600362819703 0.08935605357097245
0 0.800163790458322 0.760988891429966 0.05563493030721922 0.07311149810013902
8 0.8865551582443368 0.7536322927404868 0.06419147477225665 0.049892203647222286
9 0.029833899173844138 0.5190227569338541 0.026274812521204505 0.08179551386770836
9 0.3749082638798161 0.22964013392743085 0.11253969473518968 0.09317073138263901
9 0.18228923266162284 0.3469328174386807 0.08710318511654278 0.08008884992375007
0 0.04806800008481801 0.3258546383927431 0.07600199400955022 0.07514677678548623
0 0.04601691596406711 0.3788887194147917 0.06868056733052794 0.08902743882958335
0 0.15711067258748906 0.43065320079743064 0.13895835099579185 0.13437761284152785
0 0.07006201805616734 0.10623312262517366 0.13616073320977704 0.1436798776591668
0 0.18011411905195923 0.23993793502986124 0.17507938947037927 0.18517769984750015