8 0.7320710592778095 0.09691518075836744 0.10439302273741298 0.11014002583555563
8 0.6478420730436117 0.8231880464496868 0.12033635771838505 0.11831620174736131
0 0.49064899695988834 0.7925043569545135 0.13225803756616053 0.1810344072944446
4 0.07006451330869182 0.3300855838718402 0.05630834980971957 0.07936149810013893
9 0.13447718178776097 0.3200007626334374 0.04853034190105419 0.041716027735416716
8 0.30948379346047866 0.18167987899034696 0.044861513840164416 0.066606924961875
8 0.15924371292813094 0.1719081015392707 0.06086851581733077 0.07634560087368061
0 0.20454830676917046 0.5158386330744096 0.07917284684397004 0.0658445119678472
0 0.29640820152224345 0.6175082762168053 0.07142401384016442 0.06722517401194458
7 0.15632968817637055 0.6839898742406942 0.0991670118629981 0.05850479065319458
7 0.4015692509142211 0.7758454934473955 0.045150673916276675 0.035393292553055566