8 0.651203203352577 0.6992136304120492 0.08950042069139794 0.07078658510611113
0 0.6292720305496079 0.5931629989531603 0.14317098997087002 0.09077308320625015
8 0.8383504800082473 0.31267998441986183 0.05485263605166182 0.060611498100138925
0 0.25473005397307996 0.9448456002080905 0.09643238229073817 0.09436955547083344
0 0.38833949049959554 0.7056038750937157 0.08705738229073816 0.09415134992375015
0 0.21248638117011093 0.8383221900638544 0.09285274122451134 0.07867182028847211
8 0.11597979104095626 0.982550141384705 0.06671613855894432 0.03489971723059
8 0.10186712991646973 0.824802591090035 0.055398205331134064 0.07936149810013901
8 0.01730454262380189 0.77877961664125 0.03460908524760378 0.0700592332825
9 0.2436862200456244 0.6795654391139239 0.07948892319868044 0.04869337955902786
0 0.4089969152811216 0.049390242684896175 0.08513116943775678 0.0816149823325695
0 0.1831414574427051 0.10042149335048627 0.0973871285298145 0.1271820554708334
0 0.32954979301951326 0.22735028210381972 0.132688131037097 0.10614351006798621
9 0.4021582304039587 0.15008057370694478 0.09188127461060631 0.09894795269729176
8 0.15439902883374834 0.25532654568718766 0.08601170783841652 0.058213849923750074
8 0.4265013493668617 0.2538420065526045 0.03746655925034226 0.1070500870059723
8 0.22937159976257315 0.0968068372903127 0.2013304824490228 0.1577073164887502
0 0.1085416168845855 0.4206054003605903 0.217083233769171 0.1896483007211806
0 0.2670090259307545 0.38850468123013915 0.2324561134861197 0.26148693313000015