8 0.08115914178922719 0.7753296397847522 0.08163285956550989 0.13005568114108107
8 0.05693931252687059 0.5957320310172467 0.05475609905006031 0.06333906203449331
8 0.04839979420950489 0.5368835698923762 0.043245388964152066 0.05189213978475227
1 0.33670869968200035 0.6103211856891951 0.06281426051544958 0.06839043507002263
8 0.051253720035530956 0.2790539532669877 0.0780231806872661 0.0909204065339753
8 0.13865522274906442 0.355603644747151 0.07218926051544958 0.06882708271265772
8 0.8275505421733399 0.9495957789458227 0.1203744549975255 0.09601032092583353
0 0.8423046817033188 0.7998697607488578 0.19652087516934208 0.12137850206691461
0 0.6005510351643933 0.32100409036114363 0.07909435775648763 0.08161818114108117
0 0.5337619255988834 0.1916397679875681 0.058529552238563556 0.10559933664159918
0 0.6137138557203227 0.48294116418246114 0.07218926051544958 0.06882708271265763
8 0.8637271438253921 0.43535565053361014 0.06963747060135787 0.0796190334984459
8 0.7860458791260709 0.4699253955712114 0.06158595318850324 0.044952935070022626
8 0.8125088025772479 0.36516727501688145 0.0922494549975255 0.09470037799792799
0 0.4183372421980839 0.026498457400816855 0.06479948439616781 0.01704625889134015
8 0.832498155245353 0.5235255845701754 0.0619953889641522 0.052765435070022626