8 0.09921875 0.43828125 0.11484375 0.10390625
1 0.84609375 0.31796875 0.05234375 0.07109375
1 0.72578125 0.271875 0.03515625 0.05
1 0.7921875 0.20078125 0.02265625 0.03671875
1 0.7796875 0.2765625 0.07734375 0.08515625
1 0.76640625 0.22421875 0.0390625 0.0640625
1 0.646875 0.33671875 0.0390625 0.05703125
1 0.64140625 0.1109375 0.03203125 0.04296875
1 0.80078125 0.37109375 0.03359375 0.05
1 0.796875 0.11796875 0.03515625 0.05
1 0.7265625 0.33203125 0.03828125 0.0765625
1 0.67734375 0.30625 0.028125 0.04140625
8 0.72734375 0.53046875 0.04609375 0.0796875
8 0.83828125 0.54765625 0.03203125 0.05390625
8 0.6796875 0.4609375 0.04609375 0.05
8 0.83671875 0.1890625 0.0421875 0.0609375
0 0.809375 0.4390625 0.05234375 0.0609375
9 0.5265625 0.684375 0.0671875 0.07265625
9 0.51875 0.775 0.071875 0.0953125
9 0.41796875 0.978125 0.04921875 0.04296875
8 0.334375 0.8359375 0.053125 0.06796875
1 0.48984375 0.65 0.02421875 0.04140625
8 0.76484375 0.95078125 0.13046875 0.0984375
8 0.690625 0.6671875 0.09296875 0.096875
0 0.690625 0.9109375 0.05078125 0.0828125