0 0.3266840734057957 0.3317344303771178 0.07671132213985139 0.09545927678548623
0 0.41369300008481796 0.3156353452710066 0.09011905771188111 0.07703658510611122
0 0.45848465571244806 0.23249488373999966 0.06112103847458741 0.051381968464861136
9 0.532931584205569 0.2596918569545134 0.07405754809323425 0.06417290919430556
9 0.3348388245869221 0.2517923572388539 0.048075401451278844 0.03546602773541672
9 0.27630956197305034 0.277393075703715 0.05152778366526398 0.044913762917777864
1 0.48333835588993335 0.4516260902370135 0.07663691106992569 0.04862064437666671
1 0.39571930480147416 0.4278632415475344 0.05766865626060227 0.04193423328249999
1 0.46906503556418055 0.4011357809664579 0.06430060217691817 0.05301720364722229
1 0.5091344748570745 0.3618907898001732 0.04495040145127884 0.035393292553055566
1 0.5610814099736173 0.43887021067798565 0.029107146641955416 0.028779616641249995
1 0.5575397477225653 0.47179181345152726 0.03782738221398514 0.010247822188333445
1 0.2574901293035783 0.3654022219802428 0.05777778366526398 0.045059233282499986
6 0.5351686628840242 0.07746058520302038 0.057633939925866254 0.08564786569131948
6 0.5467361346610559 0.1624168134515273 0.040719258437520445 0.09306032218833335
8 0.08802336668970653 0.39358503941892353 0.07082342068857253 0.06097517401194459
1 0.5417014381965857 0.35409582038538157 0.035248019237293704 0.025800087005972295
1 0.5260838726801562 0.30989187870600654 0.035248019237293704 0.025800087005972295
1 0.3535491629688422 0.40695198271381916 0.03859127404661713 0.03212282218833344
1 0.38074658002921763 0.3797348660725691 0.06123016587924912 0.05450696846486114
1 0.4183656311176768 0.404661477679826 0.03686508293962447 0.027398954597152782
1 0.4737128408289909 0.31032894301055514 0.03691964664195542 0.02896145459715278
4 0.30468763246843916 0.9780834067257637 0.19171627404661712 0.03568684612402784
0 0.5292114281146028 0.8696487384134024 0.12536707694917482 0.10283667211208325
4 0.7067832572563941 0.15556413535552024 0.21143355172143127 0.1532380220358335
9 0.5851835649682752 0.2334553588543745 0.036830366604888455 0.0711125870059723
8 0.9794816911918105 0.682157777263645 0.04103661761637909 0.09211607123840296
0 0.9338493096956156 0.7468573633196868 0.10623513103285873 0.0914627610179167