0 0.1546875 0.2453125 0.17109375 0.07421875
8 0.58359375 0.02421875 0.1109375 0.0484375
8 0.059375 0.109375 0.11875 0.05
0 0.07890625 0.17734375 0.1578125 0.0578125
0 0.81875 0.371875 0.0796875 0.09609375
0 0.98671875 0.30625 0.0265625 0.134375
0 0.1515625 0.76796875 0.04453125 0.0703125
0 0.1875 0.83125 0.05 0.0703125
0 0.6734375 0.6390625 0.05 0.06484375
0 0.20234375 0.93515625 0.0515625 0.08046875
0 0.72890625 0.7453125 0.06484375 0.07421875
0 0.7125 0.67578125 0.05390625 0.0546875
8 0.25234375 0.50625 0.053125 0.08046875