8 0.24375 0.334375 0.09296875 0.0515625
9 0.7140625 0.1546875 0.15546875 0.15859375
8 0.734375 0.334375 0.23671875 0.0515625
0 0.49921875 0.2859375 0.1265625 0.07265625
0 0.46953125 0.1546875 0.14921875 0.11484375
7 0.14921875 0.87109375 0.07109375 0.23515625
7 0.2234375 0.8859375 0.06171875 0.15625
7 0.203125 0.74296875 0.03828125 0.09765625
7 0.1375 0.65234375 0.0328125 0.12890625
7 0.1078125 0.73125 0.0375 0.1234375
7 0.1140625 0.4453125 0.04453125 0.11875
7 0.19609375 0.54453125 0.02734375 0.0765625
7 0.16015625 0.5578125 0.02890625 0.07890625
7 0.23359375 0.7078125 0.03125 0.09765625
7 0.27578125 0.84296875 0.025 0.08515625
7 0.296875 0.775 0.02421875 0.07109375
7 0.2671875 0.7453125 0.03515625 0.1109375
7 0.303125 0.65859375 0.02265625 0.0765625
7 0.06171875 0.4453125 0.03046875 0.06640625
7 0.1578125 0.4234375 0.02734375 0.07890625
7 0.090625 0.60234375 0.03984375 0.11640625
7 0.04453125 0.87734375 0.021875 0.0734375
7 0.0734375 0.6453125 0.0203125 0.06015625
7 0.21640625 0.7984375 0.02734375 0.07109375
7 0.1953125 0.81171875 0.021875 0.07109375
7 0.23125 0.5640625 0.03125 0.08515625
7 0.13515625 0.7890625 0.0375 0.10859375
0 0.3578125 0.4203125 0.0375 0.12109375
0 0.42265625 0.62890625 0.12265625 0.15625
6 0.60859375 0.628125 0.140625 0.18125