9 0.736151133841477 0.5949643045416828 0.08392401384016442 0.07035727360693614
9 0.8766792692401909 0.3556882438912821 0.04346083992388792 0.033707142065139896
8 0.8688932855518132 0.27770745705957917 0.07403967787060921 0.057311242036905075
8 0.8196347262740039 0.16050527553190036 0.10599001482874755 0.07631884727034204
4 0.7738116654389575 0.8430524650226742 0.20298703163466172 0.161466662970653
0 0.8268278719784788 0.6566291176111577 0.08188666996194413 0.020357273606936132
0 0.9450685360089238 0.6760455174982182 0.061030341901054184 0.04408319994353036
8 0.4986709688596299 0.17705094952000727 0.1561465237259963 0.12132751038216938
8 0.5262667978719218 0.5952695994776549 0.14824118182494211 0.08033848933548207
0 0.30394605927780943 0.1320360391801902 0.22262836958138302 0.18443372611071518
8 0.05336712669283951 0.8446747341443974 0.10673425338567902 0.14082096302712266
8 0.16307177810025839 0.6680883892931296 0.1829000247145794 0.12756209983059072