9 0.9648214465492881 0.10006435491768909 0.04155258293962447 0.02798115626060227
9 0.5106944856568477 0.28878961525412616 0.03782738221398496 0.010684528855940557
9 0.6010441779449667 0.21054307496544022 0.045858137023308564 0.017207347367594838
9 0.7272792957309815 0.1967484150766409 0.05690476442797028 0.020714293283910834
0 0.7168527164195541 0.25655992469528777 0.10388889183263199 0.02547620435383653
8 0.8169891256753813 0.25697409774611296 0.03955357332097762 0.015426592558271413
8 0.6589980324841376 0.10057530872337139 0.0414980192372937 0.026418656260602268
8 0.54101939191745 0.3284051867610053 0.053670637023308564 0.01748016587924912
8 0.6580704826616228 0.32040665908619115 0.04731150961864685 0.014136911069925696
8 0.7975050048941414 0.3038044577275795 0.06940476442797028 0.021150802902557685
9 0.6232788866447904 0.8472618249654402 0.04941964664195542 0.02981647477225664
9 0.5512327279371174 0.6432762186121707 0.04516865626060227 0.04215278366526398
9 0.6844643462712865 0.4266467354023937 0.04834821996293322 0.0438244110699257
9 0.6190228847458739 0.4789929746026205 0.041825401451278665 0.03579365626060227
0 0.8591494100584353 0.7475073285088193 0.04042659255827132 0.04042659255827132
0 0.8911459437236993 0.7901933363133675 0.03245040145127902 0.03546627404661713
0 0.8325521937236993 0.7922394751507746 0.03557540145127902 0.03557540145127884
0 0.7501935615097143 0.7857290695231447 0.044786710344286364 0.031215283665263983
0 0.78308043946253 0.5851189451137078 0.04237103847458741 0.05141865626060227
0 0.8138666479927178 0.5707464210670906 0.03908234736759475 0.04662202885594056
0 0.7386136768486583 0.6109200424813026 0.052926592558271326 0.04086310217691817
0 0.7824554460859521 0.6344195406672041 0.0414980192372937 0.026418656260602268
0 0.5410913800213685 0.8008531056354793 0.04776786660488845 0.07189484736759474
0 0.4984326540679856 0.8336308893007432 0.06391865626060227 0.04280754809323426
0 0.7221330157787327 0.5645633976534457 0.03880952885594056 0.03880952885594056
9 0.1780258293962455 0.2597321201482676 0.09669643992586621 0.0876488221398514
9 0.24712551506094246 0.13294887613871734 0.05799603847458741 0.051964293283910834
9 0.13718755298737567 0.3894394675158624 0.04640377404661713 0.03283234736759484
9 0.06278526451278829 0.3419766796742472 0.10418155771188109 0.07854664065150559
9 0.14174607821511914 0.340783712706539 0.06010417549789597 0.0676438569862416
9 0.1802108666897065 0.3895014657017638 0.047857146641955416 0.029761911069925696
9 0.2817460848385411 0.3851735750502582 0.14166171034428626 0.03459823320977699
9 0.017194967600680403 0.20120783593484942 0.023258939925866213 0.08508432813030113
9 0.09686510943331239 0.22032736896714122 0.0747123125212045 0.0837599303072194
9 0.048688048178052244 0.3862723166975558 0.07027778366526397 0.046150802902557686
9 0.30935024046617116 0.3020783328548065 0.08392362141421197 0.07939981252120454
9 0.14302829210278445 0.13110861234371923 0.1284375132468439 0.10280259618646843
9 0.3159226442797027 0.17669638693849055 0.07929068511654283 0.08079862141421197
9 0.3942559754052287 0.1575346699707823 0.06815477767481415 0.11942461179556507
9 0.33910219473518965 0.07889380399886599 0.11555556733052796 0.09142858656782163
9 0.4000744110699257 0.040327355720297296 0.05014882213985139 0.08065471144059459
9 0.40707097785229945 0.3229141333102935 0.05158234736759475 0.04705853847458741
4 0.18172875978828287 0.6569617842134182 0.1693353317584982 0.11203375244707062
9 0.2741543619652011 0.7053595894782285 0.07351191106992569 0.049384930307219396
0 0.2971975362819707 0.8500446069014238 0.09302580290255769 0.0719146947351895