1 0.11910608664664646 0.4633852682485685 0.1019715661585828 0.07090337334017516
1 0.1777049027070334 0.5982051749626226 0.08175906010845861 0.08797269867214012
1 0.416972456667172 0.766350145202981 0.08788179508134383 0.06613406010845857
1 0.4844457820973328 0.6807984645830175 0.09242384933607006 0.041161331185697494
1 0.5394231318261863 0.46172121165615126 0.13504768657189176 0.11640677088084708
1 0.6180526467551051 0.5479854437021704 0.053897680521767556 0.13312157220870696
1 0.6038431383672898 0.11992862139526754 0.05673178903121982 0.08313975292686626
1 0.34921576746300154 0.40032569028432485 0.06922269867214012 0.08164997579950324
1 0.30941799013924676 0.542749539620395 0.0690227107723885 0.04727497579950324
1 0.7046794514026147 0.26309683841417203 0.06426248789975161 0.034747704722264315
1 0.7675067043294809 0.31898322405098734 0.06271816861791084 0.03786361436318479
1 0.5581220930895541 0.18425928698811628 0.08152271077238851 0.04734769867214013
1 0.5678491554375078 0.7818791755517978 0.0597386143631848 0.0628454336450254
1 0.5707519625209044 0.8779592900131783 0.0690227107723885 0.04727497579950324
1 0.8942616645126943 0.7541980405041577 0.05982951795398108 0.0784704336450254
8 0.7875980531745717 0.6837224349215717 0.09419542759490121 0.07710792154477701
8 0.7758985256544252 0.9556747029737485 0.13939884328594587 0.058621541958086