0 0.0734375 0.30546875 0.08125 0.1171875
0 0.25078125 0.196875 0.065625 0.05546875
0 0.28203125 0.16015625 0.0546875 0.06015625
0 0.34140625 0.17109375 0.03671875 0.040625
9 0.3453125 0.12109375 0.0453125 0.04921875
9 0.2984375 0.2265625 0.02578125 0.03125
9 0.26875 0.24609375 0.03203125 0.034375
1 0.22265625 0.06640625 0.03671875 0.04921875
1 0.21328125 0.12109375 0.0296875 0.03828125
1 0.24765625 0.09453125 0.0375 0.0421875
1 0.28046875 0.090625 0.0265625 0.0296875
1 0.25234375 0.0265625 0.021875 0.0296875
1 0.2234375 0.01328125 0.02578125 0.02578125
1 0.21328125 0.21875 0.0328125 0.03828125
6 0.4546875 0.1890625 0.06015625 0.06328125
6 0.4078125 0.14765625 0.06328125 0.0515625
8 0.153125 0.29375 0.04296875 0.046875
1 0.28515625 0.02421875 0.01875 0.021875
1 0.29296875 0.07734375 0.0171875 0.0234375
1 0.309375 0.0453125 0.02109375 0.025
1 0.31484375 0.10390625 0.01875 0.0234375
1 0.2140625 0.1515625 0.0234375 0.02578125
1 0.23671875 0.14921875 0.03828125 0.0421875
1 0.23203125 0.11875 0.0203125 0.025
1 0.30078125 0.13125 0.02109375 0.025
9 0.76484375 0.06640625 0.06171875 0.0640625
0 0.73671875 0.346875 0.0734375 0.07421875