4 0.3484375 0.42578125 0.23984375 0.18984375
4 0.48671875 0.1796875 0.10390625 0.2546875
4 0.82421875 0.2359375 0.18203125 0.13671875
0 0.809375 0.325 0.09609375 0.040625
8 0.86953125 0.40703125 0.0515625 0.06640625
8 0.43359375 0.79609375 0.05625 0.0734375
8 0.07734375 0.8875 0.1546875 0.225
8 0.23515625 0.653125 0.0875 0.0890625
8 0.190625 0.98515625 0.06484375 0.02890625
8 0.384375 0.834375 0.06640625 0.0859375
8 0.29921875 0.9640625 0.053125 0.06484375
0 0.72578125 0.91875 0.12578125 0.13125
0 0.725 0.784375 0.053125 0.046875
0 0.61796875 0.76328125 0.0515625 0.0484375
0 0.63125 0.86875 0.0515625 0.0765625
0 0.81796875 0.784375 0.04453125 0.03046875
0 0.87421875 0.81875 0.04140625 0.06328125
8 0.66875 0.703125 0.05625 0.05859375
8 0.7609375 0.62734375 0.08125 0.0375