8 0.89453125 0.3453125 0.19921875 0.13046875
8 0.9203125 0.50078125 0.06953125 0.0359375
8 0.71796875 0.46171875 0.11953125 0.1015625
8 0.628125 0.50390625 0.13984375 0.03046875
9 0.62265625 0.296875 0.078125 0.06015625
9 0.80390625 0.009375 0.06328125 0.01796875
1 0.925 0.0078125 0.06015625 0.01484375
1 0.7296875 0.03828125 0.06015625 0.059375
1 0.83203125 0.128125 0.04453125 0.04375
1 0.97890625 0.0359375 0.04140625 0.06796875
1 0.98515625 0.11484375 0.0296875 0.03046875
1 0.94609375 0.4484375 0.03984375 0.0484375
1 0.9828125 0.40703125 0.034375 0.0484375
8 0.8171875 0.44453125 0.109375 0.0890625
8 0.9734375 0.2359375 0.053125 0.12421875
8 0.3625 0.80546875 0.18125 0.11171875
8 0.4859375 0.8859375 0.128125 0.11015625
8 0.34921875 0.903125 0.12109375 0.0953125
8 0.2328125 0.85546875 0.09296875 0.08359375
8 0.2875 0.73203125 0.06328125 0.0546875
8 0.384375 0.75390625 0.0828125 0.053125
8 0.25 0.78984375 0.0578125 0.059375
0 0.9515625 0.95625 0.09609375 0.0875
0 0.82578125 0.975 0.16640625 0.05
0 0.81484375 0.75 0.1609375 0.16484375
0 0.975 0.64609375 0.05 0.2296875
9 0.60234375 0.68203125 0.1046875 0.1
9 0.96328125 0.60703125 0.0734375 0.090625
0 0.72890625 0.9296875 0.07109375 0.059375
0 0.62890625 0.796875 0.1578125 0.11640625