8 0.10390625 0.2953125 0.16875 0.1546875
8 0.05859375 0.60234375 0.1171875 0.0984375
0 0.22578125 0.5453125 0.115625 0.09375
0 0.89296875 0.44765625 0.14765625 0.1921875
0 0.7671875 0.31796875 0.171875 0.18359375
0 0.790625 0.02421875 0.19296875 0.0484375
0 0.64609375 0.42578125 0.1828125 0.19375
9 0.01015625 0.76640625 0.0203125 0.0890625
9 0.01640625 0.9671875 0.0328125 0.065625
8 0.3265625 0.9453125 0.06328125 0.109375
9 0.58515625 0.82578125 0.1390625 0.11953125
8 0.40390625 0.71875 0.09140625 0.0984375