8 0.7856958289886041 0.4856906404103933 0.10730738585581072 0.05685905405833438
8 0.9611655170588094 0.3867860286794872 0.07766896588238126 0.13957156010845856
0 0.9013936035957097 0.4879258269822849 0.08372433664159899 0.05359769867214013
8 0.19845473242220746 0.2698317527304745 0.036412688998963993 0.043949987899751616
8 0.23452712716935853 0.3903215147325271 0.030890435070022627 0.05953862646343318
8 0.2734740031003719 0.2874510447867563 0.023767139784752266 0.04075226502711464
8 0.2642573608344202 0.2069504785299777 0.023330492142117087 0.031377265027114645
9 0.8300452582676584 0.7671224475919856 0.08071496071058562 0.15667724687674198
9 0.33058891376817645 0.7423476230455875 0.09811647642635143 0.09429542154477702
9 0.42784059532354235 0.6671527012062229 0.07195208271265781 0.06914997579950324
9 0.30069159036114357 0.5867470628389331 0.05432793507002263 0.059674981849627426
9 0.1200558664159915 0.5318045119038567 0.05218323821317572 0.04716589149054791
9 0.5348568827509297 0.7177617552645573 0.02224318114108108 0.07510908430895533
0 0.0623761071103666 0.6181641927202118 0.07224748924663302 0.14256929508134383