9 0.18515625 0.37734375 0.0625 0.10546875
9 0.13828125 0.21171875 0.071875 0.10703125
9 0.15703125 0.11328125 0.06484375 0.109375
9 0.33125 0.0984375 0.0375 0.13984375
9 0.22578125 0.02109375 0.0671875 0.0421875
8 0.8765625 0.4765625 0.071875 0.103125
9 0.79453125 0.19921875 0.07578125 0.115625
9 0.51953125 0.35234375 0.05546875 0.07890625
0 0.82265625 0.3625 0.07265625 0.1015625
0 0.85625 0.5140625 0.1015625 0.028125
5 0.29296875 0.80390625 0.07265625 0.05078125
5 0.24765625 0.7046875 0.04453125 0.0421875
5 0.19375 0.63359375 0.0609375 0.046875
5 0.1421875 0.79765625 0.05703125 0.0484375
5 0.0453125 0.7453125 0.04609375 0.03671875
5 0.07578125 0.71328125 0.0515625 0.0421875
5 0.08671875 0.7578125 0.05703125 0.03671875
1 0.7453125 0.753125 0.0984375 0.14765625
7 0.91953125 0.91875 0.06875 0.0828125
7 0.9078125 0.7734375 0.06328125 0.1171875
1 0.76328125 0.9078125 0.11328125 0.16796875
1 0.6828125 0.91796875 0.1 0.15625
1 0.55 0.86328125 0.11640625 0.178125
1 0.64765625 0.79453125 0.140625 0.190625
1 0.5515625 0.7046875 0.1515625 0.1921875
1 0.60234375 0.9453125 0.12578125 0.109375
1 0.47265625 0.88671875 0.09453125 0.14765625
1 0.8328125 0.68125 0.12265625 0.178125
1 0.85 0.8515625 0.1015625 0.1515625
1 0.83515625 0.9640625 0.1421875 0.071875
1 0.50625 0.965625 0.10390625 0.06875