8 0.9724840540583344 0.20589472724010988 0.05503189188333124 0.10952618942018652
0 0.7357749152982611 0.19785252701423092 0.09570338544042353 0.07273882096198277
0 0.9137362888348279 0.15935292718364016 0.07221134328594588 0.06199874203690507
0 0.7671743853422278 0.08739316914995804 0.07843407220870695 0.05767526308359246
0 0.6965800842107596 0.04305090592519124 0.10981133723582168 0.08137036831702943
0 0.6353032583878153 0.3912678690229011 0.08791815651766247 0.07697129465362344
0 0.6279311199223295 0.33308364270042445 0.10185339149054791 0.05591534200867017
0 0.7748515717177277 0.3323416481032706 0.08164088544042336 0.07191977360693613
0 0.6157078549934109 0.24704743216296335 0.09574883723582168 0.08055132096198285
0 0.8587129664297294 0.23914611397299082 0.0846840722087073 0.05803928413027979
0 0.9875431792056283 0.018090733358383092 0.024913641588743474 0.036181466716766184
5 0.9563298724564124 0.6296885430110081 0.06289997579950324 0.07239021046687384
5 0.7598003061014378 0.7005302059816609 0.06604315651766228 0.07569722099021767
5 0.7985042577986401 0.7709568270707007 0.048782933645025575 0.062196163111827296
8 0.7514423845566608 0.6072352322900203 0.059756795081343836 0.06908319994353036
0 0.2788754755049156 0.2471278160532468 0.18991699375348406 0.1578866366622938
8 0.2105062288245653 0.0479160423051363 0.07217498184962734 0.05574874203690505
8 0.5001999878997516 0.01674585416507411 0.08467498184962743 0.03349170833014822
1 0.4905209817514315 0.08787610046587532 0.0690227107723885 0.05087923151356135
1 0.3964573643631847 0.03943016616618626 0.06904089149054773 0.05400423151356135
9 0.11702141188041557 0.501950365897955 0.12823408430895541 0.026212431457091512