7 0.7399912943006877 0.4336854198859643 0.05658319994353036 0.06123016587924912
7 0.8144445337067567 0.5023238032810757 0.05538472099021767 0.06742560217691818
7 0.7641337205666947 0.4852925599044978 0.04996917889684287 0.05476191106992552
7 0.7085145101704079 0.35023800282558887 0.05244173151356133 0.07044147477225646
7 0.7543660654885495 0.2907067462021669 0.05309417889684287 0.05487103847458741
7 0.6914998573701627 0.5285366176163788 0.04004814732681172 0.045059528855940556
7 0.8549477073419279 0.5525767744251352 0.05749325256024882 0.07685516587924894
7 0.7309663628435962 0.3056149835882952 0.040503173635170954 0.052872028855940556
7 0.7451514182323248 0.17281984175566317 0.05436825256024882 0.07674603847458741
7 0.7830154392790123 0.17776031289972266 0.05905575256024882 0.07690972958157993
7 0.8142492997035339 0.2839185436624289 0.08173438936371688 0.11824405771188111
7 0.7619580285862593 0.3538515869463398 0.06796031570031094 0.09593254809323426
7 0.7149689074972196 0.3938515935697617 0.05418624203690499 0.07362103847458741
7 0.9060937074125149 0.47642101299238987 0.04004814732681154 0.045059528855940556
8 0.6701000834102907 0.8197171783234849 0.05807010523343692 0.03321429328391083
8 0.955082757186636 0.7126933296899456 0.05476309471009344 0.02998016587924912
8 0.9689085807088678 0.8828694204341186 0.0551271157567804 0.036230165879248946
0 0.7027768045416828 0.7355951494675443 0.0806731473268119 0.04647818511654265
0 0.9177941307653373 0.8251586133552096 0.06301521046687383 0.06457342068857272
9 0.11812764469597585 0.03893103602751667 0.04308214206513994 0.043606156260602255
9 0.2761779652344356 0.5751363761387174 0.030491136803468065 0.04160714664195542
9 0.2263852786568465 0.29818449573883077 0.03278167889684287 0.054161710344286275
9 0.08409906811938536 0.314895824502104 0.0330546946818584 0.05884921034428618
9 0.22756761803468076 0.39912943684582325 0.04399219468185844 0.05923115626060227
0 0.14028044966118158 0.3520758767716895 0.04314232622365464 0.09818452885594056
8 0.20811414981647336 0.18609372350631218 0.03783319994353027 0.06057540145127884
1 0.07190404906824936 0.979169144827857 0.032053636803468066 0.04166171034428601
9 0.30960292819097124 0.7861185161572508 0.13414675782192056 0.081091287293461
9 0.18950325981747201 0.740210793832065 0.13610409997176517 0.03437997840045348