3 0.20302438896142397 0.42191818634147565 0.06522756933854179 0.12046298620519007
3 0.18662140501333382 0.5909514693581623 0.13619337955902786 0.08516729534115867
3 0.5364233428929868 0.6649190773417926 0.09436955547083344 0.09858134215265543
8 0.17112565121361173 0.6981431716421546 0.07064111474138893 0.08485303482570909
8 0.4020431172099309 0.4028838240624323 0.04604115824437507 0.10073034034363318
9 0.4501318590418057 0.2173281043655856 0.06075696846486132 0.06248671189493056
9 0.31503473290125045 0.46219794832726324 0.07340243882958344 0.06939180913596843
9 0.26428723765090306 0.3318830065587207 0.064391114741389 0.08452548620519007
0 0.6446111704965628 0.339328177862191 0.08052526101791671 0.10721935775648764
0 0.754381641526875 0.11534072196015424 0.1765638064207639 0.07635886137453221
0 0.6657276767648269 0.5744468063108934 0.09491376291777787 0.054913229307785014
0 0.5838094488006604 0.7852415434205946 0.07939917211208343 0.12588747060135788