0 0.8262448740054088 0.03984375 0.04936474801081765 0.0796875
0 0.6233931413510446 0.13046875 0.06984088001272663 0.09375
9 0.7212970287237247 0.4203125 0.044513616008908664 0.065625
8 0.8122647373488174 0.1140625 0.04142497867599957 0.06875
8 0.683297589393679 0.44453125 0.03493862133990877 0.0484375
8 0.780045867401315 0.50078125 0.04600339067472703 0.059375
8 0.7144737693745891 0.30390625 0.07619996801399935 0.103125
0 0.8731680640515431 0.3796875 0.06366360534690826 0.1
0 0.7337772053628168 0.2171875 0.05094542934436319 0.08125
0 0.6590493780235444 0.1734375 0.03664657200827239 0.0609375
8 0.6578601427036801 0.27265625 0.07318405601527189 0.1125
8 0.6749032867202248 0.39453125 0.05079997867599957 0.06875
8 0.7298698606779086 0.0828125 0.06669769867918127 0.0921875
8 0.9510594434277229 0.6953125 0.06962270401018138 0.075
8 0.9761385227164068 0.7671875 0.04772295456718645 0.06875
8 0.7647497734324954 0.73046875 0.07579997867599957 0.06875
8 0.791484448758723 0.678125 0.0583215773392725 0.04375
8 0.8875145640913139 0.67265625 0.06302725867281786 0.0453125
8 0.6959537727561778 0.659375 0.04749316534054522 0.053125
8 0.49926967675840483 0.67578125 0.04287839067472703 0.059375
8 0.6993065867679499 0.74609375 0.07271134134309047 0.071875
8 0.5101713614337682 0.73984375 0.06315452800763595 0.05625
0 0.8654117500795419 0.5859375 0.05850339067472703 0.059375
0 0.5588810340944956 0.69609375 0.08866360534690845 0.1
0 0.6068549100890868 0.65625 0.12641814401654478 0.121875
0 0.7361242394175416 0.6203125 0.12027723201781733 0.13125
0 0.22329478604390704 0.3234375 0.14996473201781732 0.13125
0 0.21154985872849713 0.45546875 0.13452154535327185 0.146875
0 0.04224532805536109 0.4078125 0.0767090453532718 0.146875
0 0.43089020472627004 0.4390625 0.09077154535327167 0.146875
0 0.144124359365044 0.23359375 0.10737724267981759 0.096875
0 0.21003007535009016 0.1234375 0.07616360534690844 0.1
0 0.15247211401972635 0.1453125 0.07589088534372683 0.0765625
0 0.44293402936027154 0.1984375 0.06053860534690862 0.1
0 0.3036197274029059 0.5125 0.06289998933799978 0.034375
0 0.05526404340386039 0.51953125 0.08462953866963623 0.021875