9 0.7179363234115421 0.7539123647678709 0.11944782092583353 0.12093754631872748
8 0.864610116215613 0.7681289143963674 0.07609592721213972 0.09397263192686936
8 0.9190193263070261 0.8552436166298977 0.08270980024766886 0.10207623035529281
8 0.4991263573242728 0.8490751232449263 0.08190927956950453 0.0848887303552928
0 0.06332159801864787 0.7828424251452251 0.033869885855810855 0.057705492142117266
0 0.08647230769577631 0.720958855252849 0.03997433664159915 0.05487159057054054
0 0.08344366108659847 0.6353488409848254 0.04033820967712844 0.06268409057054054
1 0.026635043013467908 0.5662756633584008 0.04535104135632886 0.036412688998963993
8 0.19788488089792133 0.9566522985950392 0.041900709677128445 0.0627568651776464
9 0.6876647040955571 0.2322407260165759 0.06392125889134022 0.0669007096771284
9 0.8229708114153208 0.15577877171613094 0.061994885855811074 0.05901543507002258
0 0.22312282278786028 0.08003629466609775 0.060976041356328815 0.037140435070022584
0 0.2613655314315314 0.11255554218489838 0.05472604135632882 0.03684933664159917
9 0.4290473753118409 0.32847798697483066 0.047786836641599176 0.05523546360606986
9 0.20790658354122726 0.22262405500517995 0.05330909057054054 0.03990156203449331
9 0.22443480397172264 0.30292798511280383 0.049203787427387444 0.05218323821317572
8 0.36762833995136807 0.19101868238393543 0.06377570967712849 0.0637757096771284
8 0.27496134284685214 0.3060315603818634 0.059015435070022625 0.0619948858558109
8 0.21574050827216765 0.17158809388030946 0.059850188998963993 0.046442660462916716