8 0.10116986364988403 0.1376420974713914 0.06785334486680368 0.058892941085271475
8 0.2755199007217531 0.30270948565891403 0.05752333992388783 0.03485466378737554
9 0.36293898767989136 0.3143397956533767 0.04527800790866543 0.040303627390180986
9 0.12463122136826899 0.25206554287559957 0.05140067391627663 0.037579145588778215
9 0.22806528608328586 0.15692541872462104 0.03239600593149907 0.030127590992986432
9 0.15010477076024667 0.08907538710778848 0.05127333992388783 0.03445414558877828
9 0.19940838688158863 0.24179057449243216 0.05439833992388783 0.03465440468807692
9 0.8967900642579064 0.24801417489848426 0.050249350798302575 0.08581638648947969
0 0.9554766561589606 0.28498444633628406 0.06179434585538672 0.06317992288667415
0 0.9577143409124709 0.006199023754151628 0.05917868182494175 0.012398047508303256
0 0.9561093730414243 0.1275026133628621 0.042211357718385044 0.11802810919158371
8 0.4339345089716106 0.8071793352897737 0.05509867688202626 0.05184190468807692
0 0.8797988128122125 0.6383981454411201 0.09795202174883003 0.10913277297895937
9 0.7381339417479549 0.46810303671096154 0.05755251482874755 0.07381703423772627
9 0.7143210514435061 0.594955433379474 0.05088602076024671 0.10144138648947951
8 0.9240687831547174 0.49456899985234165 0.05391286167271758 0.13747901603912888
8 0.8414618715957303 0.5241446807585805 0.07138952174883002 0.10743057063492074