8 0.4634081795321274 0.5915922630296786 0.11941639988706054 0.1239897717116218
0 0.6340623137753467 0.6179256689444813 0.16680661035393457 0.18852746071058563
1 0.3882093004094056 0.4112198664205008 0.1877267841302798 0.09288962903138528
1 0.3232499712725663 0.2155670721686877 0.07387711575678076 0.03772263192686944
1 0.6498972293062485 0.34605066894448133 0.07314907366340577 0.025222631926869445
1 0.7828587316547357 0.04300909801864787 0.20309417889684286 0.06244014970954974
1 0.870488263295354 0.10359553350295521 0.12387711575678076 0.04005141935425689
1 0.5742231241433986 0.4547578889606919 0.1575996683734992 0.05720468610347993
1 0.8544027187829049 0.339642195413614 0.17515118942018654 0.06425520678164434
8 0.032871747616219166 0.5491245506619538 0.06574349523243833 0.06501287799792799
8 0.05023042924977872 0.7069541672873423 0.10046085849955744 0.15484166542531544
1 0.0920440158556027 0.06505561166298976 0.06513915258848364 0.04822348428423431
5 0.1367965317817926 0.2063312750213906 0.05218412628012441 0.03982878742738745