8 0.4234375 0.3125 0.11875 0.05546875
9 0.475 0.23359375 0.0859375 0.0421875
9 0.3015625 0.2765625 0.0640625 0.0265625
1 0.09609375 0.11875 0.05625 0.03828125
1 0.62265625 0.32421875 0.0609375 0.03125
1 0.44375 0.18125 0.07734375 0.0328125
8 0.80625 0.0140625 0.04140625 0.028125
9 0.7046875 0.26015625 0.03125 0.06953125
0 0.090625 0.6125 0.1109375 0.1328125
9 0.7046875 0.56953125 0.0296875 0.05390625
9 0.7484375 0.5734375 0.0359375 0.05390625
9 0.86171875 0.95234375 0.04296875 0.0578125
9 0.9640625 0.9578125 0.034375 0.05078125
0 0.7453125 0.68203125 0.0625 0.075
0 0.94453125 0.5984375 0.1109375 0.06640625
0 0.9578125 0.71796875 0.06640625 0.05546875