8 0.3057910879217309 0.5911174214211715 0.05763178134945379 0.1213698858558109
9 0.22748482192873057 0.5358798037623257 0.043187473344999464 0.08790241439185813
9 0.2684354439051862 0.7113186054577367 0.02730793467536321 0.0652996683207995
1 0.10823209854396018 0.9094371201400453 0.03815452800763604 0.05799659057054072
1 0.31982795794877505 0.39244448097446544 0.031959072008272395 0.062392992142117173
1 0.17477744525782166 0.5646918544242794 0.03372156667727224 0.07965326674922295
8 0.013053435988227816 0.19440497146395272 0.026106871976455632 0.04193494292790545
9 0.2567199779599109 0.30742947208312527 0.06911362667090888 0.03445208271265772
0 0.6019184638765511 0.9379026459854961 0.1341033746817267 0.11712334160399784
9 0.5660949779599109 0.321838844290085 0.05347044533736352 0.032161836641599176
9 0.5705103052991835 0.27827078080784967 0.05354317067154533 0.038411836641599174
9 0.9507347019812282 0.18263737303102007 0.058321577339272325 0.046442660462916716
9 0.9573943293284548 0.08054833415589058 0.05039998933799979 0.036703787427387446
0 0.6790676926320925 0.2864536160017067 0.07572725334181776 0.06599318114108108
0 0.5977920626591366 0.08334142452154339 0.0669158746817267 0.11399403349844603
0 0.717477853994273 0.07562743196514148 0.05701361600890884 0.06824488585581086