4 0.1390625 0.371875 0.18203125 0.13046875
0 0.171875 0.28359375 0.09765625 0.0359375
8 0.1234375 0.1875 0.05 0.06640625
1 0.77109375 0.47265625 0.0203125 0.06953125
8 0.71796875 0.2625 0.02421875 0.0828125
8 0.22265625 0.89140625 0.08046875 0.12421875
8 0.45859375 0.79375 0.13203125 0.075
8 0.48984375 0.93515625 0.07578125 0.06640625
8 0.2484375 0.984375 0.053125 0.03046875
8 0.321875 0.9828125 0.05703125 0.03359375
8 0.5375 0.87109375 0.0703125 0.06484375
8 0.5609375 0.9734375 0.0359375 0.05234375
8 0.5 0.7 0.09296875 0.075
8 0.32265625 0.85546875 0.0703125 0.05625
8 0.78828125 0.97109375 0.0859375 0.0578125
8 0.66640625 0.86015625 0.07890625 0.0625
0 0.84453125 0.75625 0.0859375 0.059375
0 0.6953125 0.7125 0.16484375 0.09375