9 0.7111431310982999 0.4017056463103098 0.03005568114108108 0.07608233893530461
9 0.844867583536718 0.7447937545229864 0.02166098428423453 0.06326400395433271
4 0.8845614762169545 0.6762320969183321 0.04172092721213971 0.09215300790866543
0 0.8243688389134014 0.6729996675648481 0.06050946856846835 0.12722834486680376
1 0.9523290190210254 0.6579396947508853 0.014974336641598996 0.053634335969555205
1 0.9737502547530017 0.6658304491995096 0.016934942927905185 0.02876166996194396
1 0.8563358147205804 0.5222475924697079 0.016682385855811076 0.05682300296574958
8 0.7439622090534467 0.7882479827741565 0.025077082712657805 0.06964133794672148
8 0.7490177743977089 0.5786965692380033 0.03049232878371626 0.0854573389353046
8 0.7768772930089587 0.40672341015047425 0.038013730355292805 0.07952567391627667
7 0.477037688998964 0.06310476684309502 0.07907537799792799 0.09055601581733079
7 0.6669457131917851 0.22289755539783881 0.04960620181924558 0.09403384288963731
7 0.6677590423897861 0.1566504728883248 0.0405565334984459 0.06715300790866538
0 0.36701633374611503 0.17870590912471002 0.09884422249741007 0.11319501977166349
0 0.38789822208312524 0.27546816258475115 0.12740587014004526 0.12371602570316256
0 0.3603403405705406 0.05211157562661284 0.07536818114108117 0.07792868182494202
7 0.4802656203449329 0.5342157628887623 0.10589043507002263 0.06357702174882984
7 0.5857943364322022 0.6235103676413978 0.07122433664159918 0.05592634783255335
7 0.4373397198068137 0.6338364195048334 0.055162688998963996 0.04591467787060921
7 0.49202937385958967 0.6695948473754427 0.0643193651776464 0.04160917984777566