8 0.2265625 0.3921875 0.0828125 0.10625
0 0.31875 0.12109375 0.11875 0.0921875
0 0.2328125 0.07734375 0.09609375 0.075
8 0.896875 0.39921875 0.09453125 0.11640625
8 0.734375 0.0234375 0.12890625 0.046875
0 0.84453125 0.13125 0.12578125 0.1703125
0 0.790625 0.22734375 0.10625 0.10078125
0 0.734375 0.29453125 0.07421875 0.11796875
0 0.67265625 0.3328125 0.0671875 0.11328125
0 0.24609375 0.8125 0.16171875 0.1375
0 0.50234375 0.6984375 0.16328125 0.153125
0 0.2875 0.55546875 0.13203125 0.07109375
8 0.67734375 0.89921875 0.07578125 0.18125