8 0.19027242866468796 0.5472088320934851 0.09891289152687514 0.15912675103345714
8 0.2245175292540281 0.4056184915229446 0.09764002583555564 0.1044392510334573
8 0.5708003025241327 0.7672429263880793 0.0627195119678472 0.07940070967712849
8 0.6754150673417716 0.759242027711987 0.06490026101791671 0.10603598428423436
8 0.9578216449453476 0.42621108809385044 0.0550524823325695 0.08528683664159917
8 0.8917803772779171 0.5121892835029552 0.04560474715020853 0.081725188998964
8 0.695085908813056 0.4619111093911874 0.055379790653194406 0.09934933664159917
8 0.8204353201915631 0.6727137146440364 0.06264677678548622 0.07627570967712849
9 0.9171089920193062 0.5923476643963673 0.06435474715020817 0.08259848428423436
8 0.4346659407294444 0.0032030439422267173 0.07089438145888885 0.0064060878844534345
8 0.07965178561920142 0.030458037634529818 0.057704703647222286 0.060916075269059636
9 0.10480182845659744 0.26885269975233095 0.05803201196784728 0.0791823858558109
9 0.3732245201359724 0.24227296733012352 0.04335126291777787 0.05196491439185813
0 0.10790603181947929 0.13340535132390757 0.057704703647222286 0.0651198858558109
0 0.29474945554708337 0.0034802568244255505 0.08324891109416672 0.006960513648851101
0 0.3830865633546181 0.061149245866170786 0.05763196846486114 0.06199488585581085
8 0.9131396988975695 0.1529940659679439 0.03553876291777769 0.051601041356328856
8 0.739919751234271 0.13681691005314117 0.032413762917777866 0.05145549214211718
4 0.8538023729095141 0.22458227564507238 0.03710126291777769 0.05167381596343468
0 0.8023463628415278 0.09715078846535394 0.06053876291777769 0.052765435070022584