4 0.84140625 0.4140625 0.23125 0.17578125
0 0.8546875 0.32421875 0.11015625 0.0640625
8 0.95078125 0.2625 0.07578125 0.07578125
9 0.40859375 0.75546875 0.10625 0.08984375
1 0.47265625 0.6546875 0.053125 0.0640625
1 0.44609375 0.7046875 0.07421875 0.05390625
8 0.25390625 0.93359375 0.096875 0.096875
8 0.32890625 0.7078125 0.05859375 0.05234375
9 0.86015625 0.84296875 0.0890625 0.0734375
9 0.9171875 0.78359375 0.09140625 0.08671875
9 0.8109375 0.7484375 0.10625 0.08046875
0 0.8046875 0.5828125 0.11953125 0.1046875
0 0.72578125 0.9703125 0.15390625 0.059375
0 0.796875 0.9453125 0.10078125 0.08046875
0 0.75234375 0.86796875 0.1328125 0.11171875
0 0.55625 0.96875 0.1140625 0.0625