8 0.15285926088705967 0.24518847051108725 0.0673526360516619 0.06166667549789597
8 0.020025343494366993 0.10863839001853344 0.040050686988733986 0.07334821996293313
8 0.08556646080791738 0.27797617786014867 0.05498902837152993 0.06591766587924912
8 0.2551120826738143 0.24473954800841619 0.048147994985435004 0.04538691106992569
8 0.13741846582248232 0.31987101198089957 0.04989235141192579 0.05169147477225646
8 0.03189589152844523 0.2985813437393977 0.045204851411925796 0.05152778366526398
9 0.09243257475625552 0.33705107749732893 0.0478297462390763 0.034449411069925696
9 0.2286282067177893 0.8598833983712361 0.041716138558944314 0.03891865626060209
9 0.12162466660126987 0.5139756760460501 0.035284282132453625 0.032450401451278844
0 0.2129135931651626 0.6489285402038678 0.04015363855894431 0.03886409255827132
0 0.2355123557015749 0.7574032391154087 0.03367631802583091 0.0308333377489479
0 0.13718381895026777 0.5961606934692453 0.04851170783841652 0.057886911069925696
8 0.09047630351086158 0.6188640726880055 0.05127299498543505 0.04549603847458741
5 0.1180891749810471 0.7427727986413885 0.03068771034569897 0.03541171034428636
5 0.19466003516846148 0.7666343953760111 0.029261602665567033 0.040044646641955416
0 0.6565692825946721 0.26115814465822085 0.11413670783841656 0.06017858656782167
0 0.8786177788337483 0.22062488077840473 0.12360263605166182 0.06363096878180681
0 0.873201538467167 0.46041406707607385 0.16237563103709718 0.10869049763774719
0 0.7066181290585399 0.6332489102673174 0.09720527210332364 0.12202382213985138
0 0.943468574360544 0.4595212004711854 0.08751202335696498 0.11075893992586608
0 0.83147938822974 0.5531844096343452 0.10984166442319179 0.12714783175849825