8 0.253567994004144 0.1689084284772567 0.03982878742738745 0.050872822188333354
0 0.25873918341739277 0.2757032891345831 0.048223484284234355 0.06355466014423614
0 0.17490999297068668 0.2659483890583332 0.04564213978475227 0.041643292553055565
0 0.18178288523663833 0.18540690387597208 0.03030823821317572 0.047529616641249994
7 0.7041692299455173 0.6984594969627771 0.24884422249741006 0.11504834422416685
0 0.5479192299455173 0.7020962560808328 0.17860449710451576 0.11497430262104177
7 0.9183665088958495 0.8581390490151382 0.08568925103345748 0.09720361474138883
7 0.8184628622866714 0.774619993828645 0.1785702638537387 0.1477504350298613
7 0.8039550984329326 0.9185518317845478 0.18856169396136266 0.12769250816812489
0 0.4031677336650617 0.17401088972392326 0.04651543507002245 0.06039329255305561
0 0.6285723021096958 0.0930654417762842 0.08357878742738727 0.051891114741388966
0 0.4045225643108049 0.29572223556361077 0.060577935070022626 0.060720600873680655
0 0.4232404851128038 0.2289523096518052 0.09339043507002262 0.06148432028847228
9 0.7888483684874152 0.20405422711114518 0.08357878742738763 0.05189111474138901
5 0.6689468990903772 0.03047386958795083 0.07674659057054053 0.039245644376666736
5 0.8381932812266436 0.5018000896683326 0.07383991439185814 0.04386040919430556
1 0.7576582187778655 0.40456337338767295 0.09913101282028158 0.05069229065319458
8 0.945483550457066 0.4267253948548255 0.06860875889134022 0.06558993882958326
7 0.8625576962376742 0.21326426653006872 0.06758991439185813 0.04371493882958335
0 0.6145224948327135 0.46174270659392314 0.10930653349844607 0.06809799620027786