8 0.15753432588823219 0.20222608767505648 0.08924659057054059 0.04157537799792799
8 0.2923074321745385 0.18355747849326604 0.08128854135632882 0.03808650496239876
0 0.18832409946188072 0.11011351633493824 0.08441354135632886 0.03823205417661044
0 0.41544102522627846 0.2664684859368641 0.08299659057054054 0.041284279569504534
0 0.3199743598009629 0.12482033333183026 0.1557448858558109 0.06338191149637402
1 0.6363955723735755 0.08966635318142517 0.05392982878371626 0.08670378742738745
1 0.6741331668730576 0.11325155644841282 0.044118181141081084 0.07689213978475232
0 0.1949167793601076 0.6366203583532208 0.10029971463952717 0.14499147642635143
0 0.23465771381095762 0.45215762117350244 0.11370724317557439 0.1315839478903042
8 0.97479890860089 0.6260791579772083 0.050402182798219994 0.10974318114108109
8 0.7807836588057777 0.6958693114108115 0.05676373035529281 0.08059933664159899
8 0.7329004687733564 0.5548782843225063 0.042410131926869356 0.07369436517764641
8 0.609679138541898 0.5202956149682494 0.050659279569504535 0.08343323821317572
8 0.716509181345969 0.5042233128585536 0.0640325748547749 0.10276543507002245