8 0.8455196374835271 0.6629350169626287 0.042460210772388506 0.04908595318850324
8 0.9302627970262517 0.7217943605856221 0.05021816861791066 0.04012038896415202
8 0.9446389144144984 0.7749636261894542 0.04241475897699054 0.04127345318850324
8 0.8970053903121974 0.7813674344209117 0.05971134328594587 0.06092421189493038
8 0.9301087818027451 0.8296478041631868 0.053415891490547554 0.05278416327441136
8 0.8700610952308535 0.7171345160581175 0.047111349336070064 0.04308161465389251
8 0.8780872186692245 0.7534438302824688 0.03144998789975162 0.03601274310259513
8 0.8147650620533661 0.7497290100652236 0.06275453005422946 0.04702548620519007
0 0.7102320981577197 0.781777949458917 0.050254530054229286 0.04637038896415202
1 0.06931620666717192 0.7653516830621153 0.053534066158582805 0.07309666327441153
1 0.2516388690385668 0.9402277730670641 0.07242042154477701 0.09751680913596843
0 0.732604463502863 0.19448931139927614 0.0898533612399266 0.14060506784239585
8 0.39639931879086143 0.3004172433297376 0.19055331888905727 0.26615834577069997