4 0.10858378392119794 0.043913105582585994 0.04702548620519007 0.06275453005422929
4 0.16441106004047973 0.095166533373879 0.056564260515449584 0.06593407220870699
6 0.01868912426483098 0.08819943676828343 0.03213747060135784 0.07672612646343313
9 0.6341956948207603 0.24638658226585197 0.11132700361804453 0.097493144417414
8 0.5224171483479478 0.5143058561717612 0.048663229307785015 0.09400453005422929
8 0.5806324400710619 0.551478603244895 0.03584896879233561 0.02832498789975162
8 0.8152154799851538 0.5391730042034124 0.0729328889641522 0.05040906615858276
8 0.7331466084338562 0.5240207028755526 0.040611711894930735 0.05959316861791084
8 0.7902642311168074 0.13763323010111153 0.0699650192218769 0.08319429508134393
0 0.9862074949116174 0.20366170931846028 0.027585010176765224 0.10020907825883114
0 0.6541817254625979 0.41897919975229464 0.056475729307785015 0.09404998184962743
0 0.6063285651288624 0.01474044169866005 0.0673446302577247 0.0294808833973201
0 0.8414593181810801 0.30926279040596183 0.07217597241038014 0.12538179508134392
9 0.16393842152655363 0.9212023134281082 0.031072937584671046 0.056413626463433175
8 0.22972055178427842 0.953642108705844 0.2266244549975256 0.09191583098930564
4 0.2767958683834788 0.7931631509585175 0.056728034825709095 0.06905907220870695
0 0.7416219289897854 0.6857394528755526 0.1766864099950512 0.18222266842151918