0 0.697820633015654 0.8531024914818787 0.06266513605166182 0.06043866801906326
0 0.925478968592462 0.7256285077172283 0.07396634890464356 0.07312958279171564
0 0.7885221893630024 0.8272882394532838 0.06463681301126592 0.07452844155801372
0 0.8119105620868291 0.6908734525216529 0.048193459092057724 0.046130706168510116
0 0.8830664965682807 0.638042732960462 0.07636392319868043 0.0481841298696164
9 0.6182528049606932 0.9123332155072962 0.05650606426490725 0.06345457386326174
0 0.5513284147523961 0.7345042702958346 0.06891513605166182 0.06054776217486477
0 0.6776612457103509 0.8049922739492826 0.14620506175762477 0.08688416558343129
0 0.7643452403000746 0.6948302954596381 0.06909699247815268 0.06679776217486459
8 0.06677991851331991 0.7101329306009649 0.09500627461060625 0.09848413879807012
0 0.5025629911580044 0.5360355426169691 0.0903187746106063 0.09840231818121907
0 0.34008074538114647 0.19025721266462725 0.11387594655564541 0.1565966477265238
6 0.5243648171679011 0.18391393506848713 0.14893290815498564 0.1806341655834313
7 0.0912089878592991 0.26025961566615685 0.02580163354437941 0.08165910308425506
7 0.0732485980467135 0.23399712459461056 0.017534492478152596 0.06589773538950343
7 0.09906460345698984 0.34219540827983064 0.030670989970870144 0.0879909237011061
7 0.07775790478977336 0.3621084878251354 0.012301423198680439 0.04706591477265239
7 0.06376360094970739 0.36469769967568844 0.012665136051661863 0.059565914772652384
7 0.15597514766363738 0.5788226550334198 0.0325517387172289 0.0989556972400564
7 0.1644515742275301 0.440323216721817 0.04150084138279593 0.1381545649348082
7 0.11554271278647446 0.47869596996822794 0.03327916442319179 0.1239556972400564
7 0.12362564891727863 0.5684442625819017 0.02718227711788872 0.07543637662320535