0 0.58828125 0.43203125 0.07265625 0.0546875
0 0.4296875 0.72421875 0.06484375 0.0890625
1 0.4390625 0.97109375 0.0375 0.0578125
9 0.8375 0.9296875 0.02421875 0.0484375
9 0.840625 0.8640625 0.02578125 0.046875
9 0.78515625 0.8 0.02734375 0.0359375
9 0.7546875 0.82265625 0.02734375 0.0453125
9 0.7984375 0.71015625 0.0234375 0.040625
9 0.78359375 0.67890625 0.028125 0.05546875
9 0.78515625 0.8828125 0.02421875 0.03359375
9 0.80625 0.8640625 0.028125 0.0484375
8 0.68046875 0.91015625 0.0296875 0.053125
8 0.6859375 0.6703125 0.02421875 0.046875
8 0.8453125 0.76875 0.0265625 0.04296875
8 0.771875 0.553125 0.0234375 0.0453125
9 0.71484375 0.8625 0.0265625 0.03828125
8 0.7921875 0.75546875 0.02734375 0.0421875
8 0.7546875 0.775 0.03125 0.0484375
8 0.6984375 0.834375 0.03515625 0.04921875