1 0.625 0.55234375 0.10078125 0.08984375
1 0.371875 0.3984375 0.06640625 0.06484375
1 0.55859375 0.33515625 0.0375 0.05078125
1 0.49453125 0.4421875 0.1609375 0.09609375
1 0.48828125 0.35390625 0.06875 0.0875
1 0.1640625 0.44609375 0.075 0.07578125
1 0.25859375 0.09140625 0.06328125 0.05390625
1 0.49453125 0.603125 0.06328125 0.06796875
1 0.6109375 0.21015625 0.06640625 0.06484375
1 0.34765625 0.49296875 0.0578125 0.1125
1 0.2484375 0.41796875 0.0546875 0.05390625
8 0.253125 0.8 0.08046875 0.10703125
8 0.496875 0.9015625 0.0578125 0.0734375
8 0.178125 0.659375 0.09765625 0.05625
8 0.66640625 0.34609375 0.08046875 0.07890625
0 0.484375 0.7140625 0.10625 0.0703125