8 0.134375 0.41875 0.0421875 0.04296875
8 0.1078125 0.47734375 0.0328125 0.046875
8 0.446875 0.09140625 0.05234375 0.0765625
8 0.3375 0.26953125 0.0390625 0.0515625
8 0.1515625 0.27265625 0.0734375 0.13046875
9 0.4421875 0.44453125 0.0421875 0.05546875
9 0.090625 0.33125 0.05703125 0.07109375
1 0.196875 0.4390625 0.0296875 0.040625
0 0.05859375 0.059375 0.07734375 0.11875
0 0.16015625 0.05546875 0.08125 0.08359375
0 0.328125 0.3453125 0.0828125 0.1296875
8 0.75 0.13203125 0.0359375 0.0875
8 0.871875 0.209375 0.03125 0.07578125
8 0.8421875 0.525 0.03359375 0.05
8 0.84921875 0.3484375 0.0296875 0.07265625
9 0.81953125 0.4578125 0.02734375 0.05546875
8 0.83359375 0.203125 0.0328125 0.06171875
8 0.8046875 0.353125 0.04375 0.10390625
1 0.3296875 0.9765625 0.0453125 0.046875
1 0.290625 0.97265625 0.0359375 0.05390625
0 0.9 0.68671875 0.08515625 0.13046875