8 0.33361698139325935 0.781846011216264 0.08398120181924558 0.09450616943775678
0 0.2897813982663169 0.6984281059642723 0.11632282092583343 0.1188529515702104
1 0.08776955790066408 0.33268813103709693 0.07558650496239874 0.08177884890464338
1 0.25584962386409876 0.3015925583924125 0.0526198858558109 0.05770485141192579
1 0.1738055653442622 0.21549828252816505 0.033142139784752264 0.04153428213245362
1 0.18170364847120468 0.29787051332783515 0.10919952564056316 0.09992109514371972
1 0.20608937241635675 0.24460076082055265 0.05959763192686944 0.07351170783841657
1 0.352992143508806 0.38264999326957544 0.05930653349844608 0.06726170783841656
1 0.38465748221731966 0.13949102665567029 0.03982878742738745 0.05109113855894436
1 0.14419718631287687 0.3976970170887588 0.0510573858558109 0.05765938730530316
1 0.1764639925564019 0.12482781842154236 0.0526198858558109 0.05770485141192579
1 0.24661586497275864 0.36547320196592176 0.05861732878371626 0.08596624373179385
1 0.3156398467757936 0.34479464060400844 0.04280823821317572 0.04805706677218975
8 0.22258324379925618 0.5791265250063177 0.06970037799792798 0.08940949247815269
8 0.07151089537083276 0.580989238717229 0.04964043507002258 0.06073892319868044
8 0.29538935111901976 0.510837177751027 0.06682793507002263 0.06123902837152997
8 0.11448622332597953 0.19577916442319182 0.06257708271265772 0.07047763605166187
0 0.12291719168956035 0.468267929862598 0.07514985731976358 0.07240384890464338
8 0.5096937537240537 0.42788960009177757 0.14626718610347994 0.1587338054894186
8 0.7640902710924491 0.1560075545649818 0.10451202564056317 0.09978470282385157
9 0.5324828602152477 0.05617372446495694 0.09128427956950454 0.08379598997087015
9 0.9222923769644706 0.0346590549606932 0.06947774607105864 0.017625420691397962
9 0.6726411716305685 0.25504679664742297 0.07551373035529281 0.08021634890464338
0 0.9444370506619538 0.07989499861334477 0.08205482878371625 0.08664820533113407
0 0.7530308006619537 0.07432564555206632 0.12831339867609248 0.10827916442319181