8 0.2047216732972744 0.276515991632257 0.14569540268936257 0.1747211182719372
8 0.7669329613303638 0.06208159316870817 0.07863407733927233 0.047844357756487585
8 0.9708284786362288 0.27523444764583543 0.05396134134309065 0.07465916327441154
8 0.948306946610457 0.4640136646291486 0.06638861600890848 0.06906426051544959
8 0.6966193666454557 0.19285355834299908 0.041643154678545 0.08962906603337353
8 0.7273131939449571 0.44383288217828876 0.08842724801081765 0.084273180687266
8 0.9760716039942728 0.09336697195609492 0.04751134667409076 0.057144114653892575
8 0.9222289886616821 0.08507311510411848 0.05083634134309065 0.07449538896415206
8 0.21827980788514165 0.8580492746489436 0.08201361600890866 0.06988313206674732
8 0.43426788721359644 0.9053281456344144 0.12236589600572714 0.04857469810012063
8 0.44915763788991414 0.8349713800305821 0.07229317067154532 0.03970430913596843
8 0.36287359786764245 0.9832706026681048 0.11776930267345423 0.033458794663790314
8 0.2317621472390498 0.707100928312417 0.05826703333863605 0.042092324739800804
8 0.4576535799252307 0.5751017350735363 0.08488407733927232 0.04817190637700648
9 0.31744510856941355 0.7334797218445532 0.06747840133672707 0.02852114767057934
9 0.3193439632400043 0.704655358999683 0.05188976400381797 0.030827276119281776
9 0.3429814579090042 0.6886961663266293 0.0471477200031817 0.02589411465389251
8 0.23217013255891406 0.8064015654675465 0.05345226400381797 0.030909163274411355
8 0.17144171789468665 0.7852392164174864 0.08641021467218155 0.04512879353213641
8 0.22519452124445866 0.6668886861143329 0.10683180267345423 0.055568326548823065
8 0.29627808589277765 0.8058526888278663 0.05348862667090888 0.034034163274411354
8 0.49646844255255074 0.8671564382620396 0.06914998933799979 0.03797803482570927
8 0.5370121738940503 0.8090883107178483 0.09738407733927232 0.048827003618044526
8 0.47986165054109675 0.950712566710742 0.0879727146721816 0.045210680687266344
8 0.30821610658023124 0.6532599553362098 0.05348862667090888 0.034034163274411534
8 0.4022740945655956 0.7660675717991248 0.07245680267345414 0.05376680913596861
8 0.0684530778962775 0.7681159141789227 0.07245680267345422 0.05376680913596843
8 0.30954060721677806 0.8753396732240344 0.06755112667090887 0.034771147670578983
8 0.14744169123968615 0.6979915219354103 0.05659544533736342 0.032635437584671044
0 0.7547376652610034 0.5726915445481892 0.10367044000636341 0.05227955223856355
8 0.7879383272199598 0.8769596426937383 0.060284066677272284 0.08123671189493038
8 0.7330786518937321 0.8217088986866322 0.04131589067472703 0.06150406603337331