8 0.49607833944842145 0.04383191178771587 0.05153167889684287 0.05481647477225653
8 0.48986540777956833 0.13795393402023443 0.02718412628012441 0.03837301923729371
8 0.8364729101986427 0.37304078446787214 0.043446163111827474 0.04985615626060227
8 0.8323600758001316 0.5701513974445637 0.06119510523343692 0.033323420688572546
8 0.5270810415992646 0.5493552254900467 0.05153167889684287 0.054816474772256464
8 0.677255346846819 0.5709723090626435 0.06680806840173403 0.02260417549789597
8 0.6431247286003767 0.3865601035276806 0.06319722099021767 0.06769842068857254
8 0.5582862679923284 0.4693601906436564 0.0712981473268119 0.046150802902557686
9 0.8202739736210536 0.09491578446787216 0.08883425782192056 0.0795089399258662
9 0.6906675865352369 0.34611864200226805 0.043173147326811726 0.04516865626060227
9 0.6833471811747429 0.4479986005324557 0.04629814732681172 0.045277783665263985
9 0.8053832629424182 0.2542262970817439 0.0566742052052021 0.06279266587924912
9 0.8780178551628499 0.13591529590061757 0.051258663111827474 0.05012897477225655
9 0.736322449802356 0.23310277603035168 0.05218412628012441 0.03924603847458741
9 0.7038746998729432 0.15790187938839625 0.05062162628012423 0.039191474772256554
9 0.6231413683876166 0.056845321676515195 0.054929694681858446 0.059613102176918245
9 0.9052599785297897 0.4697818644122719 0.05807010523343692 0.03321429328391083
9 0.9774833815065026 0.21130965470095778 0.045033236986994754 0.05185516587924912
9 0.8547440390390157 0.4859500122353536 0.04077618942018688 0.05755952885594055
9 0.7198721552193195 0.07113848936986282 0.036741136803468064 0.041825401451278846
9 0.7243923262236546 0.12197430307219367 0.03637711575678075 0.03557540145127884
0 0.7117822652909054 0.5480085242162531 0.08398015785015538 0.04971231252120454
0 0.7491688732257654 0.50721239862569 0.10134966837349921 0.05343751324684387
0 0.4299814445406841 0.22084579037350394 0.1133484104104042 0.12558533175849815
0 0.3177346756307224 0.729942993461396 0.07009966837349921 0.05234623920022674
0 0.15813986775233208 0.7072172776748141 0.07809417889684286 0.05574405771188111
9 0.4340323227457727 0.9928026028098905 0.057797089448421345 0.01439479438021891