1 0.22043196898726256 0.9768648788403731 0.08401543507002254 0.0462702423192539
8 0.724017311210433 0.6351797808641594 0.06907963978475226 0.04453822625188941
9 0.9162581993425555 0.9479737254048434 0.08772263192686935 0.0767892841302796
0 0.6730026590196838 0.8727028966915273 0.08554800992479752 0.16392526308359265
0 0.7583451536430005 0.8063869229292994 0.0927012303552928 0.08331229991529554
0 0.8369817299455173 0.7663149307512199 0.042885320925833526 0.11780912628012423
0 0.916470176802364 0.7584106964656483 0.0580008986760923 0.10778167889684305
8 0.7614660771310865 0.30207885452756533 0.10574919396136266 0.12926183674699834
8 0.7444884005381193 0.14519952297165162 0.125950377997928 0.0945984104104042
8 0.6837091424753486 0.5082763756448399 0.08190927956950453 0.0858002630835923
8 0.618719959057956 0.22169486256124743 0.09299232878371626 0.08956229991529537
8 0.7410423769644707 0.05099449666329239 0.09447774607105863 0.021085315700310935
9 0.6172003085198366 0.11976834151456002 0.05280397642635144 0.0965711631118273