9 0.876789224330944 0.8581850924697079 0.05442190637700648 0.0864123438782208
0 0.6180970612836753 0.36976062653864633 0.07553998982323477 0.1621126808363588
0 0.45211021313812605 0.3263568419382352 0.11683337516934209 0.11702035672980182
0 0.7032510685197645 0.5665666423559772 0.08007700361804453 0.09993101581733085
0 0.6070344877870697 0.560307372090022 0.054913229307785014 0.09578734387822045
0 0.39317338364862675 0.5703031601132933 0.12676165309764623 0.21721135771838504
0 0.26489681818108013 0.32418555239490826 0.06214587516934209 0.11479201186299814
0 0.8583004166653136 0.6095247579830275 0.08007700361804453 0.09993101581733085
0 0.4858179070543752 0.5530294298849567 0.08632700361804453 0.10018568380210838
0 0.5981928335577698 0.7486058681356893 0.11939180913596861 0.07658635771838504
0 0.7523547111019611 0.7151288177551285 0.08245173111680729 0.14524351581733086