0 0.3234375 0.27890625 0.07421875 0.05859375
0 0.15703125 0.0421875 0.1015625 0.084375
0 0.2328125 0.26015625 0.09140625 0.09375
9 0.47734375 0.21875 0.0859375 0.0953125
8 0.64140625 0.15625 0.084375 0.0953125
8 0.5875 0.26328125 0.07421875 0.08984375
8 0.78984375 0.02578125 0.1265625 0.0515625
0 0.6703125 0.04140625 0.06171875 0.06953125
8 0.08359375 0.659375 0.03203125 0.12109375
0 0.1875 0.8484375 0.05234375 0.0921875
0 0.16875 0.95078125 0.0421875 0.0765625
9 0.609375 0.56015625 0.07578125 0.08828125
0 0.52734375 0.54921875 0.08671875 0.07265625
0 0.5640625 0.83671875 0.096875 0.1296875
0 0.5453125 0.6828125 0.0671875 0.1109375