0 0.03389581537301588 0.5901264921954518 0.061155668617910816 0.039627984390903495
0 0.0663189925751337 0.9271279843909033 0.08809996369925477 0.10618056733052797
9 0.38449175477357794 0.8390402296663979 0.06289997579950315 0.07093254809323427
8 0.09886228522059072 0.6134846358421822 0.06597043364502546 0.0616666754978958
8 0.39973548057308117 0.9083085848385413 0.04717498184962743 0.05319941106992587
8 0.26488323672140124 0.8215848564380875 0.09598518657189174 0.11895338584218215
0 0.38235149609117514 0.6054191978152325 0.09712953005422928 0.04713294954451293
0 0.18255655005131363 0.7679390120657176 0.07855224687674207 0.07616568511654283
0 0.11914855590504611 0.8782019002701524 0.059674981849627384 0.05363592068857272
8 0.22007525165032 0.9067212590704926 0.1068863251355733 0.11308533175849825
8 0.3474053661117006 0.9088244508104575 0.0629454275949013 0.07874504809323427
8 0.04648723984465918 0.7405357199629331 0.08497496369925478 0.10607143992586625
0 0.8279968359592754 0.9466965392771958 0.06578862646343317 0.030416675497895795
0 0.7739905920093996 0.9276265915467811 0.06266362646343318 0.03030754809323426
9 0.49592415846257004 0.7937227843830541 0.054942030054229284 0.045659729581580065
9 0.7789321011827818 0.8371925645049391 0.05799430718159222 0.0332688569862416
9 0.7247076886149951 0.7806226167745245 0.054923849336070064 0.04253472958157989
8 0.6245582185710286 0.8856970079741842 0.0721568011314682 0.05094743030721958
8 0.6708468904103932 0.78655266904411 0.0690408914905479 0.052400802902557685
8 0.7947889053393121 0.8775819515282475 0.06583407825883114 0.0382291754978958
8 0.045662478824565284 0.061738597367594815 0.09109769867214011 0.08441469473518963
8 0.2039083335233885 0.544511435749515 0.059756795081343926 0.06769842068857237
1 0.18584711729005096 0.12521579872620642 0.04400453005422929 0.045277783665263985
1 0.14917836426498884 0.1325273017214313 0.03466589149054777 0.05120040145127884
1 0.1124777949831481 0.1343700547166562 0.04402271077238851 0.04840278366526398
1 0.14458280961747927 0.41668404691210786 0.03934430113146816 0.049801592558271324
8 0.33757935157556523 0.5624578822988031 0.03458407825883114 0.03713790145127884
8 0.21099814997655889 0.42056550426116923 0.03459316861791084 0.03870040145127866
8 0.28771064090137255 0.4490203756753813 0.04560339149054773 0.05158234736759475
8 0.3003969932625047 0.481488135294028 0.040906801131468204 0.04985615626060227
8 0.36372771935659554 0.3579439970895931 0.040879530054229285 0.04516865626060227
8 0.3747823522629363 0.10994300670823995 0.04715680113146821 0.050074411069925696
8 0.23586984318775 0.13086808720079382 0.06289997579950315 0.07093254809323427
8 0.07774074326250476 0.4737128077118811 0.04400453005422929 0.045277783665263985
8 0.022480029759641702 0.23901785998146657 0.04254202400410509 0.062410719962933126
8 0.2675657916634984 0.3428695793962455 0.04558521077238851 0.04845734736759475
8 0.35577834308955414 0.19988596042910428 0.08477497579950324 0.0716964399258662
1 0.9663249576491306 0.3876266180404689 0.06735008470173867 0.22896330290255767
1 0.6800435866466464 0.48771586496042596 0.413736288834828 0.22690481741534593
1 0.7222527707826513 0.22439989862568996 0.22994307181592344 0.32046630054030495
1 0.9100436622731991 0.28094754290539264 0.1666067587805987 0.1745337524470707
1 0.8700221293902993 0.11473970034712126 0.1556692587805987 0.17415180653075474
1 0.9063800584977317 0.47380716550073093 0.18723988300453662 0.26441470798203354