9 0.13359375 0.03984375 0.0265625 0.03984375
9 0.30625 0.5 0.01015625 0.03671875
9 0.23125 0.40703125 0.015625 0.0453125
9 0.221875 0.28046875 0.01796875 0.05703125
0 0.28125 0.29296875 0.021875 0.10234375
8 0.28515625 0.19296875 0.0140625 0.0390625
8 0.1234375 0.3453125 0.025 0.04140625
8 0.346875 0.47109375 0.015625 0.053125
8 0.34296875 0.35390625 0.01171875 0.046875
8 0.33125 0.2140625 0.01875 0.06953125
9 0.86796875 0.40703125 0.02890625 0.0484375
9 0.66171875 0.471875 0.04140625 0.04453125
9 0.45 0.33125 0.0421875 0.046875
9 0.5 0.3984375 0.03359375 0.04140625
0 0.7765625 0.16796875 0.0390625 0.0390625
0 0.8203125 0.1375 0.034375 0.03203125
0 0.8203125 0.19609375 0.03359375 0.03359375
0 0.8109375 0.278125 0.0296875 0.04296875
0 0.61171875 0.23828125 0.04921875 0.03984375
0 0.5984375 0.20703125 0.0453125 0.0375
0 0.6359375 0.28359375 0.0390625 0.0515625
0 0.6609375 0.240625 0.02578125 0.03984375
0 0.81875 0.4875 0.0703125 0.0453125
0 0.85 0.53125 0.03984375 0.06328125
0 0.5890625 0.2984375 0.03671875 0.0375
9 0.265625 0.83125 0.08359375 0.09296875
9 0.14140625 0.7578125 0.05 0.05625
9 0.39375 0.8765625 0.03046875 0.0453125
9 0.34375 0.94921875 0.07421875 0.1015625
9 0.3453125 0.8703125 0.06484375 0.0578125
9 0.3953125 0.83359375 0.028125 0.046875
9 0.39453125 0.73203125 0.0296875 0.140625
9 0.2015625 0.98984375 0.08359375 0.0203125
9 0.2234375 0.9109375 0.08125 0.07109375
9 0.3875 0.96484375 0.04375 0.06953125
9 0.3125 0.7015625 0.0765625 0.08203125
9 0.1359375 0.86171875 0.0984375 0.125
9 0.1875 0.690625 0.07890625 0.0765625
9 0.17109375 0.61171875 0.1171875 0.0640625
9 0.090625 0.6640625 0.08671875 0.11171875
9 0.046875 0.6015625 0.09375 0.046875
9 0.33671875 0.6046875 0.0453125 0.05
4 0.6625 0.84140625 0.10546875 0.165625
9 0.7140625 0.75078125 0.046875 0.07265625
0 0.859375 0.7328125 0.06875 0.08984375