8 0.19296875 0.27578125 0.11796875 0.121875
0 0.07265625 0.4203125 0.05234375 0.04453125
0 0.06796875 0.159375 0.0609375 0.07265625
0 0.08359375 0.2265625 0.046875 0.0375
0 0.096875 0.5453125 0.065625 0.0515625
8 0.10234375 0.4671875 0.0609375 0.078125
8 0.03984375 0.37734375 0.05390625 0.07265625
8 0.24296875 0.42421875 0.03203125 0.03515625
8 0.178125 0.409375 0.04375 0.0515625
8 0.14609375 0.38046875 0.02890625 0.03359375
8 0.1828125 0.60703125 0.05 0.0546875
8 0.2109375 0.52265625 0.03671875 0.0375
8 0.13515625 0.60625 0.06015625 0.04921875
1 0.44765625 0.11171875 0.07421875 0.0953125
1 0.5171875 0.19296875 0.05234375 0.09375
1 0.71484375 0.29296875 0.12734375 0.1484375
1 0.62109375 0.34609375 0.1328125 0.078125
1 0.990625 0.43046875 0.01875 0.07109375
1 0.8015625 0.13125 0.0859375 0.08125
1 0.6734375 0.0625 0.05390625 0.07265625
1 0.875 0.490625 0.040625 0.0671875
1 0.81328125 0.5359375 0.04375 0.065625
1 0.971875 0.3734375 0.05546875 0.08515625
1 0.409375 0.24609375 0.0671875 0.0671875
1 0.31953125 0.228125 0.05234375 0.07265625
1 0.38515625 0.5546875 0.08203125 0.07109375
8 0.46796875 0.471875 0.0859375 0.1046875
4 0.06484375 0.87109375 0.1296875 0.1984375