8 0.49631947241000385 0.22489093882955785 0.06043155771188111 0.0770188569862417
8 0.21796878311710977 0.2534052861123347 0.04516865626060227 0.04215278366526398
8 0.18789439191745 0.3530134165122213 0.05141865626060223 0.04237103847458741
8 0.15078626151756339 0.38527035580511526 0.053943455534962846 0.02529266587924912
0 0.2304067849312083 0.29675598202865067 0.050074411069925696 0.04856647477225655
9 0.189667679126093 0.15800101687504098 0.05432540145127884 0.03623016587924912
8 0.514146834753723 0.08740086251335528 0.0360119110699257 0.048075401451278844
8 0.6063219549868087 0.24667914799271778 0.04713294954451293 0.09840278366526398
6 0.10495796177986665 0.9275372121583848 0.08210815027015247 0.11679068511654264
6 0.25014643229095396 0.7726463594333124 0.2022321996293311 0.4284226442797028
0 0.8632713594333122 0.25331112702614356 0.02910714664195524 0.029107146641955416
0 0.9390303059826006 0.38938752548219746 0.02598214664195524 0.028998019237293705
0 0.8937773149682752 0.2777853373704298 0.028998019237293705 0.025982146641955417
0 0.8131746449126748 0.33817471114689446 0.0399355192372937 0.026364092558271414
0 0.8657093678708329 0.34547134517497813 0.04037202885594056 0.03886409255827132
4 0.8465401833024444 0.064675212960993 0.028888891832632168 0.022857146641955393
8 0.7420808949126749 0.3356920626908405 0.048730165879249124 0.054761911069925694
8 0.7508111204027216 0.8314857123280209 0.05465278366526398 0.04560516587924894
8 0.8707763908211416 0.7810541811098275 0.0531448473675951 0.04711310217691818
8 0.9361732123280209 0.7544668884588889 0.06967758293962448 0.028963302902557685
8 0.7892709304768554 0.7485566504397886 0.061755955534962936 0.025565484390903493
8 0.844119665500731 0.933841875212045 0.060684528855940556 0.03957342068857237
0 0.7888493229424596 0.8928969274816305 0.12965278366526398 0.04822422359113006
0 0.7941940765706565 0.9789162730351268 0.06984127404661714 0.03365080290255769