8 0.2265625 0.040625 0.12578125 0.07578125
8 0.40546875 0.02578125 0.0609375 0.0515625
8 0.4640625 0.0203125 0.04921875 0.040625
1 0.40390625 0.30546875 0.06484375 0.06015625
8 0.72265625 0.03671875 0.0875 0.0734375
8 0.65 0.1203125 0.06640625 0.06953125
8 0.08671875 0.7796875 0.090625 0.11640625
0 0.2375 0.80234375 0.11171875 0.18984375
0 0.70625 0.58515625 0.07890625 0.07578125
0 0.8328125 0.525 0.103125 0.05390625
0 0.54453125 0.58984375 0.06640625 0.06953125
8 0.60390625 0.84296875 0.0765625 0.065625
8 0.565625 0.76328125 0.0421875 0.06015625
8 0.671875 0.7953125 0.090625 0.0875
0 0.99296875 0.41796875 0.0140625 0.0640625
8 0.5140625 0.80703125 0.05078125 0.06015625