8 0.2514018494373977 0.8272154332079957 0.06682503571381497 0.0718065334984459
8 0.10825977557413582 0.8752804439613626 0.1144909683433748 0.11930227171162144
8 0.04571668547552422 0.6956614104629167 0.05736821509696394 0.06668238585581072
0 0.021964044442045437 0.6465860556243526 0.043928088884090874 0.060359611248705036
0 0.049688736812485576 0.7442808469806813 0.09937747362497115 0.07340757485477489
0 0.027346740671099747 0.8073972770883053 0.04750229139585782 0.03812073821317554
0 0.03554066477594767 0.964537688998964 0.07108132955189533 0.047825377997927986
0 0.2216580280097678 0.9634418775836433 0.04481366801906326 0.06297518899896418
9 0.6048673632338202 0.5105952832890491 0.07225682954530477 0.025222631926869354
9 0.7077275361241473 0.6201586819651415 0.07628185633066593 0.07693068114108108
9 0.7860205369382215 0.9701103894729115 0.04640344155801355 0.0597792210541769
9 0.9590410255741357 0.914906217530502 0.052407979707460584 0.05083906203449331
9 0.571276198464463 0.9873909538861602 0.04621252678536116 0.025218092227679633
0 0.2553719237044014 0.46538752129733696 0.1521897913958578 0.042996636889268205
9 0.29174362053742076 0.26300953804655997 0.07000458279171565 0.07507708271265771
8 0.3708834699682279 0.11891924379474698 0.08850912094116259 0.06188787799792803
8 0.3347202788172514 0.35414611434907695 0.08721935633066594 0.07744010339082212
8 0.08246803206366227 0.292356627997928 0.0762273092527653 0.07380568114108108
8 0.7913776075517772 0.48644296153464606 0.13513865909060954 0.05000861621110371
8 0.900807154629678 0.4884121840320561 0.0961852532464107 0.0544392510334573
8 0.5400469326328551 0.46144499979060305 0.05903980925276535 0.07300516046291676