8 0.7785000520114209 0.5507517532321983 0.10235479534115868 0.1371483105039836
8 0.5787590015818797 0.4903357757977405 0.06469766508343397 0.10329013605166182
0 0.9553912641334943 0.19005124861334477 0.05195200361804453 0.09823892319868044
0 0.6183238698538169 0.6350177899835054 0.06116322930778502 0.09538670783841656
0 0.9393269301214392 0.31517326906731585 0.059689260515449406 0.06726170783841656
8 0.9667315137370094 0.9886362261475631 0.06653697252598115 0.022727547704873886
0 0.6298433825169731 0.9738984335570148 0.05295458163720568 0.028062815518548234
0 0.6534922444573321 0.9488446092629775 0.11718085594746537 0.0330518438900782
0 0.558271597691264 0.903170744918928 0.023676517412854637 0.03501149749271733
8 0.2475842446844747 0.5119019210871094 0.07137038896415202 0.052000420691397944
8 0.4080492746489438 0.23965015102884965 0.049167840343632994 0.04511392319868044
8 0.305858169378847 0.6563482545523465 0.058215291723113974 0.039136707838416565
8 0.5129624197175313 0.8870312678801817 0.07111808344622812 0.0769549565847754