8 0.49699265378718793 0.1053758778443167 0.06923178903121965 0.08401253571381498
8 0.5766882023845733 0.37114515381889907 0.04727497579950324 0.06956820616851012
9 0.4755478832009283 0.4346230470811959 0.06610678903121965 0.0839579886359143
9 0.13516377771653826 0.39916242857237005 0.07242951190385667 0.09656708279171564
9 0.06165810002344111 0.4121630349030361 0.048792024004105095 0.061782979707460585
9 0.06749955474570543 0.3480050775167099 0.03928066861791082 0.038181838473758486
9 0.0927404492613153 0.30616245089350447 0.028379530054229284 0.044240923701106105
9 0.1255484040817755 0.3063709565755473 0.04717498184962739 0.052380706168510205
9 0.17954101249303184 0.2905862694817606 0.03782725292686626 0.0569045649348082
9 0.3036653554843901 0.03914254626712178 0.08954428903121973 0.07828509253424357
9 0.3968113674864427 0.007773769481760562 0.06887726502711464 0.015547538963521124
9 0.1677051295866911 0.04238059456283845 0.042532933645025486 0.06011138555165918
9 0.0966204699457707 0.04205904058507892 0.04095225292686624 0.05695911201270885
9 0.18553141637841564 0.46936978855648404 0.05188975292686626 0.057150026785361165
0 0.7202008112868089 0.6779837146965174 0.09456813231716552 0.14226141233702042
0 0.5011377147794093 0.6013468969190402 0.09124314441741391 0.10783186525911966
9 0.2904168207547787 0.9706129143689106 0.044031801131468117 0.049201159090609535
9 0.02981566404072459 0.9173550953736174 0.047293156517662416 0.07269320616851012
9 0.13592930865453032 0.9389379947249943 0.053652240826617834 0.09155230032431164
9 0.22750983811958442 0.5045709030048249 0.06259999394987581 0.018278441558013725
9 0.17707752518245548 0.7140237694817605 0.05664997579950319 0.06973184740221221
9 0.20628323615123573 0.7963180722417041 0.04891019867214012 0.08209547970746059
4 0.21709749542281376 0.9515822706995767 0.08020565046753818 0.0904534504864671
8 0.061757573092469785 0.5293368981335609 0.0597295240041051 0.06197389448011279
8 0.15612065144949686 0.5565930990270653 0.0691590661585828 0.07151253571381488
8 0.279649055040293 0.5388134894499885 0.051944295081343926 0.06652502678536117
0 0.04603205826174686 0.6811584967535891 0.06924087939029935 0.08557503571381489
8 0.1559605284039093 0.852659575488115 0.03779089149054773 0.05065456493480802