0 0.5359375 0.11171875 0.084375 0.0390625
0 0.59609375 0.12578125 0.08046875 0.0390625
0 0.6203125 0.09296875 0.10703125 0.0390625
8 0.74453125 0.0859375 0.06640625 0.02890625
9 0.15 0.47421875 0.04921875 0.071875
9 0.28125 0.546875 0.015625 0.1046875
9 0.24296875 0.7890625 0.06171875 0.08359375
9 0.2203125 0.6921875 0.0546875 0.0953125
4 0.22578125 0.49453125 0.090625 0.14765625
8 0.2484375 0.96328125 0.07578125 0.0734375
8 0.11953125 0.96171875 0.0578125 0.0765625
8 0.271875 0.63828125 0.03359375 0.06015625
8 0.86875 0.73828125 0.09609375 0.1140625
8 0.38515625 0.43046875 0.1578125 0.08125
1 0.8421875 0.5359375 0.06640625 0.09296875