9 0.19921875 0.23046875 0.05234375 0.03046875
9 0.4140625 0.24375 0.065625 0.0453125
9 0.53046875 0.2328125 0.03984375 0.034375
9 0.57265625 0.18828125 0.04375 0.0265625
9 0.30625 0.21640625 0.0453125 0.03046875
4 0.45 0.2 0.08203125 0.03984375
1 0.3984375 0.11796875 0.08671875 0.0453125
1 0.35 0.16796875 0.090625 0.028125
1 0.37109375 0.3046875 0.05390625 0.028125
9 0.57109375 0.21015625 0.04375 0.028125
9 0.1421875 0.0453125 0.07109375 0.03203125
0 0.8109375 0.1171875 0.125 0.16796875
0 0.9625 0.5546875 0.03515625 0.0546875
0 0.9296875 0.58671875 0.04140625 0.12265625
0 0.85703125 0.39609375 0.05234375 0.0734375
0 0.85859375 0.48359375 0.046875 0.053125