8 0.8102356725874891 0.4180894512253686 0.037321439925866076 0.08477498933799979
8 0.7202009496293311 0.41366612790423163 0.042862111795565025 0.0645352146721816
8 0.6807589929132419 0.4703979332431859 0.036775802902557685 0.06914998933799979
8 0.7084772543459873 0.5255666912396861 0.05192957694917481 0.10056362133990877
8 0.6603224965414389 0.5566081532463676 0.046805567330527965 0.0880090773392725
8 0.7634896473597456 0.46709057256527736 0.0431349303072194 0.0723477146721816
8 0.7367833036203478 0.5080428365690954 0.027073420688572547 0.059665901336727244
8 0.7809350969042587 0.5638019405633684 0.05261905771188111 0.07558180267345431
0 0.8336657712210283 0.7085599098902323 0.043353185116542646 0.0785977146721816
1 0.3141543354715133 0.5137421372931382 0.17846233901489236 0.28008858402290804
1 0.11635922013256912 0.6911148013208187 0.08525299763774727 0.16030224801081766
1 0.4877853307470078 0.8306012786044119 0.09146828130301117 0.20410679201145393
0 0.6327629146981227 0.1255036039147312 0.040029777674814325 0.11760567067154523
9 0.6833060625212045 0.0733320292409588 0.06960815027015244 0.11482611600890869
9 0.40098463584218214 0.0906853506126843 0.07580358656782167 0.11333634134309048
8 0.25281003067003904 0.07755973663272883 0.08408731252120454 0.08219542934436312