0 0.26015625 0.05703125 0.053125 0.0671875
0 0.4546875 0.27421875 0.06171875 0.08203125
0 0.34296875 0.1125 0.05234375 0.08671875
0 0.340625 0.290625 0.03984375 0.0515625
0 0.23515625 0.384375 0.04609375 0.065625
0 0.3984375 0.37890625 0.06796875 0.0578125
0 0.10078125 0.171875 0.059375 0.065625
0 0.2328125 0.1140625 0.13203125 0.08359375
0 0.29609375 0.27421875 0.059375 0.07421875
8 0.80625 0.02421875 0.08203125 0.0484375
8 0.78046875 0.409375 0.059375 0.09921875
8 0.98984375 0.0921875 0.0203125 0.1125
8 0.82421875 0.1765625 0.0859375 0.125
0 0.09921875 0.57734375 0.053125 0.11875
0 0.07890625 0.74375 0.10859375 0.08203125
0 0.35 0.84921875 0.075 0.09765625
8 0.06171875 0.85 0.05703125 0.08515625
8 0.25625 0.5765625 0.0359375 0.09921875
9 0.18515625 0.62734375 0.0578125 0.06875
9 0.15078125 0.496875 0.05234375 0.07578125
0 0.44921875 0.534375 0.0640625 0.10625
0 0.45546875 0.7703125 0.075 0.053125
0 0.38046875 0.9546875 0.0640625 0.08984375
0 0.8 0.775 0.02890625 0.0625
0 0.8390625 0.71328125 0.03046875 0.071875
0 0.78046875 0.9078125 0.0484375 0.0640625
0 0.80546875 0.6890625 0.02890625 0.08671875
9 0.7875 0.52421875 0.0328125 0.059375
9 0.67890625 0.52109375 0.01796875 0.03984375
9 0.7703125 0.63671875 0.03359375 0.0484375
9 0.753125 0.4953125 0.021875 0.0453125
9 0.7140625 0.77578125 0.028125 0.0515625