0 0.34066494683960996 0.7688913701500373 0.10465231818121908 0.090500631037097
0 0.20008699107813682 0.9821198297043134 0.10070911201270887 0.03576034059137321
0 0.18235756899858852 0.7478705133278352 0.1320057508107789 0.13658602084968266
9 0.301953048706049 0.7028882854311589 0.08535684740221221 0.05870506175762476
9 0.4420756680256538 0.9148834832404455 0.05098184740221221 0.05770485141192587
8 0.3131927374246889 0.8650162123907631 0.05720457386326192 0.056324207838416386
4 0.1104047025216528 0.7950206464765032 0.09207049756436803 0.08544941818411544
8 0.44969111932290007 0.7024971435070022 0.06981366801906326 0.06293792069139795
8 0.44223236444834085 0.055076574227530095 0.12022277110331832 0.08783027210332377
8 0.14842426867098166 0.3185407145023341 0.11490007142762995 0.14077341567683305
8 0.0845368668839728 0.1275232579175588 0.06709777110331835 0.08628449247815259
1 0.3708935580382446 0.3805108317493775 0.057340941558013635 0.06413670783841656
1 0.30071524594281024 0.1916552687381115 0.03807274431795715 0.033903638558944314
1 0.284386862419746 0.141936413565262 0.038318206168510116 0.04796613855894436
1 0.6046606319015065 0.332597483636157 0.041525026785361165 0.05274456677218975
0 0.8526485239492828 0.6790479009623427 0.07600912094116268 0.05999477711788863
0 0.8477467897775952 0.7359654906957859 0.07592730032431164 0.05530727711788863
0 0.9198536148586733 0.7247755896004293 0.07326595048646709 0.08177884890464338
8 0.96683198052483 0.8097787269057324 0.03988070616851012 0.04801160266556685
8 0.7714372544675221 0.49534283920471794 0.0763091298696164 0.07718227711788864