8 0.24038410548439013 0.0364575767168017 0.05673178903121974 0.0729151534336034
8 0.24483928044701275 0.20416299938082746 0.0535795179539809 0.08059933664159917
9 0.27223705172064333 0.327853056452922 0.04854658430895542 0.021006012820281583
8 0.3160653615345143 0.04385689206106388 0.059756795081343926 0.06839043507002258
8 0.3321347473677213 0.23524387138289943 0.07879768657189175 0.11926373035529289
0 0.652833066747758 0.2882574396226457 0.06597952400410492 0.06399403349844598
0 0.5170955546475096 0.26021383044085533 0.05504202400410509 0.06348461124870504
8 0.6058727500981959 0.03660720244292733 0.06596134328594587 0.06086903349844601
8 0.5609642501963916 0.10352502874544427 0.03468407220870695 0.05472604135632886
8 0.6563176568122501 0.09205452771198695 0.07545451795398073 0.08161818114108114
8 0.5221880965073996 0.0561256439230907 0.04874657220870695 0.055381012820281586
9 0.02068416296057008 0.461481155500518 0.04136832592114016 0.10828768899896399
9 0.16503606743512905 0.7647602051290144 0.08034200585373244 0.11621150496239885
0 0.6173712479568966 0.6109158436754216 0.1037431444174139 0.11105312406898663
0 0.893666624125742 0.3754512628247908 0.10070904800821019 0.1265325748547749
0 0.7530905793389857 0.642084452857212 0.08656473477649378 0.11181510339082212
8 0.5701821096878026 0.8013439445850444 0.0723295179539809 0.08147263192686935
8 0.78274574220136 0.780509098018648 0.09096134328594588 0.06203342721213971
8 0.8522946520386722 0.9084842406988842 0.07552724082661796 0.09411818114108109
9 0.9433252147794093 0.5660548380938504 0.04900110226293641 0.09913101282028158