8 0.1234375 0.25234375 0.0984375 0.115625
9 0.05078125 0.0875 0.0859375 0.1046875
1 0.13203125 0.08515625 0.06953125 0.0875
8 0.928125 0.365625 0.14375 0.2078125
0 0.4625 0.165625 0.11953125 0.1140625
0 0.609375 0.15703125 0.09375 0.11953125
9 0.146875 0.68125 0.07265625 0.075
9 0.24453125 0.63203125 0.08046875 0.09375
0 0.8046875 0.6890625 0.07578125 0.0671875
0 0.56015625 0.75078125 0.090625 0.0765625
0 0.575 0.84140625 0.08203125 0.0765625
0 0.84375 0.7609375 0.07265625 0.046875
8 0.46953125 0.72578125 0.07890625 0.0671875