8 0.825 0.26171875 0.05078125 0.03671875
0 0.71796875 0.271875 0.06171875 0.0453125
0 0.7296875 0.1875 0.04140625 0.04375
0 0.81015625 0.190625 0.046875 0.028125
7 0.284375 0.7375 0.11015625 0.24375
0 0.284375 0.58125 0.1109375 0.1734375
7 0.11953125 0.959375 0.09453125 0.08046875
7 0.20546875 0.85546875 0.14296875 0.171875
7 0.06171875 0.84765625 0.1234375 0.1828125
0 0.81640625 0.41171875 0.059375 0.04375
0 0.8921875 0.63359375 0.05078125 0.08046875
0 0.69453125 0.41875 0.06015625 0.0578125
0 0.7609375 0.434375 0.06015625 0.08984375
9 0.77734375 0.79921875 0.05078125 0.08046875
5 0.95390625 0.67109375 0.0375 0.07578125
5 0.478125 0.8625 0.0421875 0.071875
1 0.57734375 0.77734375 0.0484375 0.096875
8 0.55078125 0.96640625 0.0640625 0.06640625
7 0.76640625 0.8734375 0.0421875 0.06484375
0 0.5234375 0.63671875 0.065625 0.10546875