1 0.1328125 0.2296875 0.0328125 0.03671875
1 0.20078125 0.14921875 0.02890625 0.0375
1 0.3609375 0.18203125 0.03984375 0.03203125
8 0.76015625 0.06796875 0.05234375 0.04765625
8 0.6953125 0.06015625 0.04296875 0.05234375
8 0.7390625 0.15703125 0.03359375 0.04140625
8 0.82734375 0.0515625 0.04609375 0.04765625
8 0.58125 0.19609375 0.03984375 0.05234375
8 0.31640625 0.80859375 0.0390625 0.05703125
8 0.4125 0.74453125 0.04765625 0.03984375
8 0.434375 0.68203125 0.03984375 0.0453125
8 0.3875 0.66953125 0.0546875 0.065625
8 0.42890625 0.6140625 0.05078125 0.05703125
8 0.35 0.7453125 0.046875 0.04375
8 0.36328125 0.70078125 0.0265625 0.03984375
8 0.29921875 0.7 0.0609375 0.0453125
0 0.19765625 0.65234375 0.04765625 0.05
9 0.646875 0.7375 0.075 0.0609375
0 0.9546875 0.5671875 0.090625 0.11328125
0 0.90078125 0.6625 0.08359375 0.06328125
8 0.521875 0.8171875 0.0640625 0.12734375
8 0.81171875 0.45390625 0.121875 0.02890625
8 0.80234375 0.65234375 0.1109375 0.12421875