9 0.446875 0.04453125 0.121875 0.0890625
8 0.76171875 0.03515625 0.084375 0.059375
0 0.93828125 0.15 0.09140625 0.05625
0 0.77578125 0.17734375 0.17578125 0.08828125
9 0.25078125 0.91875 0.06015625 0.059375
8 0.31328125 0.9796875 0.0625 0.03984375
8 0.0765625 0.51875 0.05703125 0.0578125
9 0.58203125 0.59296875 0.06015625 0.0515625
9 0.5421875 0.53515625 0.065625 0.0609375
9 0.675 0.5765625 0.04765625 0.0484375
9 0.75390625 0.43203125 0.065625 0.0484375
0 0.98671875 0.42421875 0.0265625 0.0578125
8 0.7609375 0.98359375 0.1046875 0.03203125
8 0.98515625 0.7796875 0.0296875 0.1109375
8 0.67734375 0.89375 0.0859375 0.07890625
8 0.8015625 0.61328125 0.0953125 0.10390625
8 0.55703125 0.89140625 0.0765625 0.06875
8 0.52109375 0.8296875 0.0234375 0.08515625
8 0.53125 0.63828125 0.04375 0.053125
8 0.68828125 0.75859375 0.05703125 0.053125
8 0.8046875 0.78671875 0.07109375 0.0625