9 0.1386533969157449 0.024246541958085975 0.1039432061685102 0.04747496369925477
9 0.2998112650175337 0.19160727966144583 0.07625458279171564 0.07231133723582164
0 0.29732541883313746 0.289258984481906 0.12093188311602718 0.12569086729005097
0 0.33838461566615685 0.08557090309981687 0.14198076866768633 0.16799654195808597
0 0.8586688786583909 0.8511752607255062 0.0922886858759707 0.09583974082661798
0 0.6319911505724882 0.6326469327612626 0.10473413879807011 0.09278746369925486
0 0.870212125004943 0.727011052879984 0.09198867694751697 0.07865224082661779
8 0.9725382840955525 0.6838519262201592 0.032668224025417913 0.0814318071815924
9 0.787083799516828 0.565573583130605 0.08357615909060953 0.044231789031219645
0 0.8069925194817605 0.1859633511827818 0.08390344155801373 0.06298178903121973
8 0.8749806347408804 0.09572469144366555 0.05871252678536152 0.05189884328594585