8 0.0953125 0.14375 0.06640625 0.0546875
8 0.2625 0.31953125 0.05625 0.03203125
9 0.34921875 0.33671875 0.04453125 0.03828125
9 0.1140625 0.259375 0.05 0.034375
9 0.22109375 0.17109375 0.03203125 0.028125
9 0.14609375 0.0984375 0.05078125 0.03203125
9 0.1890625 0.25390625 0.05390625 0.03046875
9 0.884375 0.3046875 0.046875 0.0828125
0 0.94140625 0.3453125 0.059375 0.05859375
0 0.95625 0.0359375 0.05625 0.071875
0 0.9484375 0.18828125 0.03671875 0.11484375
8 0.4 0.8328125 0.053125 0.0484375
0 0.8515625 0.69296875 0.09375 0.10234375
9 0.7171875 0.5140625 0.0546875 0.0703125
9 0.68828125 0.6390625 0.04765625 0.0984375
8 0.9015625 0.55234375 0.0484375 0.13515625
8 0.81796875 0.5765625 0.0671875 0.10234375