0 0.299051660258029 0.32990148251552975 0.07780397642635144 0.095886813011266
0 0.38720663172198166 0.3132929925446596 0.09099318114108108 0.0775459899708701
0 0.43868354859503916 0.22987508729266787 0.06170378742738745 0.05172763605166182
9 0.5107747183635809 0.25664452428140183 0.07478598428423418 0.06459134890464338
9 0.31370066522042767 0.249895733769171 0.04847604135632881 0.03573892319868044
9 0.2531976588102869 0.27584211982083284 0.052037688998963993 0.04520485141192578
1 0.44564621629666623 0.44890623211981834 0.07718323821317571 0.04905727711788863
1 0.36012824731391285 0.42564824003737717 0.058142139784752266 0.04226170783841656
1 0.43551139102760655 0.3984886949727998 0.06490156203449331 0.053381064264907255
1 0.4787006189017001 0.3590026461472987 0.04535104135632899 0.0356479949854351
1 0.5242806385464072 0.4356955267886843 0.029434942927905362 0.028943353919208194
1 0.5180648717971842 0.4686444191085523 0.03793664764263518 0.010466138558944316
1 0.22724728081235884 0.3639786173135504 0.05828768899896399 0.045386707838416564
6 0.5278467100914133 0.07436322169497707 0.05861732878371626 0.08596624373179385
6 0.5324742440041439 0.15926941910855233 0.04179370181924558 0.09327863855894432
8 0.055806774402218075 0.3931529549354226 0.07151543507002259 0.06137542069139794
1 0.5118406046336764 0.35101664990822246 0.035539393713693815 0.026000210345698972
1 0.49985218093619344 0.30689457686782656 0.035539393713693815 0.026000210345698972
1 0.31974084181339485 0.4049780388628782 0.038955492142117173 0.03234113855894431
1 0.3491030101341944 0.37759718494366995 0.061849336641599174 0.05485263605166191
1 0.3846209791169478 0.4023100284380369 0.03717466832079959 0.0276081744523216
1 0.44754481823974623 0.3076363744396864 0.037247442927905536 0.029170674452321688
4 0.22446449752330982 0.9765097095542762 0.19208049214211717 0.03679662100796719
0 0.45739262159229643 0.8667469499873647 0.1265325748547749 0.10354620031656907
4 0.6927760432183556 0.15148434817972753 0.21316358767505647 0.1544387620741939
9 0.5650641120772745 0.23009874465623067 0.03764985731976367 0.07131271034569897
8 0.9351474021952584 0.6765224859472491 0.06828342721213972 0.09248902837152997
0 0.8712625306074709 0.7415768361055337 0.10727315260503403 0.09206313103709682