8 0.8559393449731708 0.7879749831197239 0.10731366801906325 0.06526685574121878
9 0.7207615499238651 0.7052645952867331 0.08206820616851011 0.050185683802108375
0 0.6981853461909868 0.8357797662372602 0.16027502678536115 0.058056533611827985
0 0.6191387743563198 0.8023080330431742 0.08524775324641087 0.053438017794497125
0 0.5666274289827025 0.7693164609137836 0.11611592370110628 0.03283635771838504
0 0.5438717674564609 0.7312089658566994 0.10685001785690744 0.038704355741218596
0 0.8197000616949879 0.9409063235379034 0.10065456493480802 0.04157468775644091
9 0.8299452297107559 0.3986869900398061 0.04780230032431163 0.055035009885831696
9 0.8277629411542717 0.21062857452648656 0.0698954886359143 0.06842634783255316
9 0.8005749241081432 0.11336891395608277 0.05070911201270896 0.04266234387822054
9 0.736194824270299 0.08944859429815002 0.041361385551659066 0.04384284190105418
9 0.7994685714309252 0.3109296634617912 0.04451365909060954 0.04553267589344294
4 0.7648635206995765 0.1913320878723594 0.06386367694751698 0.08067167984777565
1 0.6559464423720878 0.2590063606097724 0.07332049756436802 0.08574118182494192
1 0.7296469951320314 0.2856696782905388 0.04832049756436803 0.0847225098858317
1 0.9156350880700167 0.23046888924150338 0.04467730032431163 0.05490767589344294
9 0.7667181213481997 0.0850820878723594 0.04451365909060954 0.04553267589344297
9 0.579144614451636 0.4994668759328116 0.05276253571381488 0.070851010874415
9 0.13432917208284362 0.7127653023577272 0.1767182329538714 0.10556820357377177
9 0.3042831619365739 0.6816386832706357 0.14182503571381497 0.07448002965749509
5 0.3016358543086617 0.967480682776344 0.09755683847375848 0.04300985376405251
0 0.3320413380700167 0.25424851232010864 0.02598184740221221 0.05726867193911023
0 0.3672794086868677 0.24812850490573482 0.05169095941492108 0.09891234387822054
0 0.31051693993645585 0.19032793376492732 0.05728639448011297 0.0616670118629981
0 0.2843441777615912 0.25853410570403756 0.0492557061685102 0.04884867688202608
8 0.044017412340315684 0.3854308226236823 0.05586026217486462 0.06941584486680377
8 0.24033903328147826 0.3196599480993833 0.02439207386326192 0.05564250494291585
8 0.18307991234031568 0.37976445996238145 0.0492557061685102 0.04884867688202608
9 0.10089074959625818 0.3027018942587814 0.041361385551659156 0.04384284190105418
9 0.16817370698258438 0.2944954634224225 0.048047762174864596 0.0690975098858317