8 0.2078125 0.4890625 0.075 0.0578125
8 0.24609375 0.209375 0.03984375 0.04453125
8 0.346875 0.17578125 0.040625 0.05078125
8 0.38046875 0.1375 0.0234375 0.05390625
0 0.2890625 0.2203125 0.04765625 0.0484375
9 0.1515625 0.184375 0.03515625 0.05390625
8 0.06953125 0.51171875 0.04765625 0.03359375
8 0.22578125 0.5984375 0.09765625 0.04375
6 0.925 0.07265625 0.1140625 0.07734375
6 0.76484375 0.2234375 0.421875 0.18828125
0 0.2234375 0.85546875 0.02890625 0.028125
0 0.35703125 0.9265625 0.028125 0.02578125
0 0.246875 0.88515625 0.025 0.028125
0 0.31015625 0.80234375 0.025 0.0390625
0 0.315625 0.8546875 0.03828125 0.0390625
4 0.03515625 0.8453125 0.021875 0.02734375
8 0.31015625 0.73125 0.05234375 0.04609375
8 0.80625 0.72265625 0.04296875 0.053125
8 0.7515625 0.84453125 0.0453125 0.0515625
8 0.72265625 0.9109375 0.0265625 0.06953125
8 0.721875 0.7640625 0.0234375 0.0609375
8 0.90546875 0.8125 0.03671875 0.059375
0 0.86640625 0.75859375 0.04375 0.128125
0 0.95234375 0.7609375 0.03125 0.06796875