9 0.7749845894484214 0.02435354274365289 0.03121917889684287 0.04870708548730578
9 0.9750502918110261 0.3038071550637341 0.04186825256024882 0.07521816861791084
9 0.8225461890672505 0.4227031216898552 0.04194384727034191 0.10333407825883115
9 0.7516344495905944 0.4262417330279778 0.032675263083592476 0.07828862646343318
0 0.6882629233528224 0.34455137149346343 0.07134292093374803 0.1253727047222643
9 0.12391126799232846 0.45021310255752384 0.11626057878390342 0.1724931444174139
9 0.2934208602127602 0.3280921419815271 0.07906441567207612 0.12385565651766246
1 0.7782241255742527 0.7754241215916593 0.10611276308359266 0.07871587334017516
1 0.7959723386719626 0.8386235583599426 0.09344616311182748 0.04896474082661797
1 0.8840708491247191 0.9154809741491832 0.08194722099021767 0.06607951795398108
1 0.8622574913310335 0.8093218777399794 0.09757222099021767 0.06617042154477701
9 0.9738052166910279 0.8930287363476275 0.05238956661794418 0.05506929508134384
7 0.647975183452643 0.7933752117543472 0.09720819994353036 0.05992042154477702
0 0.13407928342440817 0.8260625302506209 0.15761362087727818 0.18522949375348433