8 0.45803522397398944 0.3351769478682183 0.04010833148532651 0.10064035009228504
9 0.4304925948512676 0.14834877390180992 0.0504242052052021 0.06394138648947964
9 0.5204295371846388 0.3948511389534898 0.05860072625188941 0.07069203423772627
9 0.5499489791650741 0.26500295264858026 0.01566977360693613 0.08195090684754529
0 0.27059540813250416 0.2682736428110011 0.0685973525320139 0.10869268198597286
0 0.19579064213572708 0.04469763803063912 0.14279371572854585 0.07297402991878958
0 0.24191115308259378 0.4914910973145078 0.07663809471009327 0.0329312183831675
4 0.7273606185993782 0.23481121220930423 0.11792949459715381 0.15388406847545247
1 0.7659387292356612 0.3533399691491345 0.05078822625188941 0.07019138648947969
0 0.692615350324701 0.38706532464009047 0.04792083148532651 0.10114099784053172
0 0.3318264376363967 0.8425408042866375 0.3192021102127601 0.3149183914267251
8 0.09206525859837947 0.7485049560446664 0.05829688936371684 0.11892927513842758
0 0.5459351692911324 0.9532434322905147 0.05703822625188959 0.07059190468807693
9 0.6198724692064278 0.8685866324750847 0.051061242036904986 0.07487888648947987
0 0.5726194956559614 0.9846047956487641 0.1257882262518894 0.030790408702471694