8 0.13424847273635496 0.9666687846515007 0.05614220364722229 0.0631363466740904
8 0.2732551149288202 0.8955012146324108 0.05599673328249999 0.05688634667409076
8 0.216405702884723 0.9039773333068194 0.03888196846486114 0.05981135200509087
8 0.11171363041204918 0.6699755979869552 0.06588087955902786 0.0788704346753633
9 0.6395080560395143 0.48175360391473115 0.08684799620027786 0.10723179201145391
9 0.8574774592498964 0.5128201485519144 0.058177482332569495 0.08346702800763595
9 0.6518671581474659 0.7105780379137767 0.06112064437666671 0.07569089067472703
9 0.9264826855985422 0.5565605105426876 0.0802343202884721 0.09153406667727211
8 0.9686545615969273 0.4927701832034151 0.06269087680614546 0.0850840720082724
9 0.5701235828250004 0.556018354591049 0.05701502583555573 0.10063634667409058
8 0.29896744291364596 0.15359497795991092 0.12245949430041678 0.1607567813494538
8 0.1334541585287155 0.294621061982819 0.1031626740119445 0.0699317866804539
0 0.1864317285328474 0.18694437464195568 0.096950348023889 0.13859088001272674
9 0.7806337105810763 0.06515535522759577 0.06119337955902786 0.0788158906747269
9 0.9720042462002778 0.23562984520214242 0.05599150759944429 0.06938634667409058
8 0.7108868678755209 0.19100078723745895 0.06097517401194459 0.06944089067472689
8 0.6739856267092362 0.1500127079090042 0.06715243882958326 0.06638861600890866
8 0.8754214933504862 0.17580140654841453 0.07921733415618064 0.11495338534372679
8 0.6006221683123613 0.22119791191918553 0.08150587955902786 0.07905224801081764