9 0.29453125 0.27888248409837535 0.065625 0.07378449247815269
9 0.0859375 0.16265677586424748 0.0859375 0.10718802586424747
9 0.17734375 0.2614101761016743 0.059375 0.07047763605166182
4 0.03515625 0.23071044239901034 0.0703125 0.09892088479802066
1 0.03671875 0.41044340650563294 0.0734375 0.11151181301126592
1 0.1015625 0.3342051669304743 0.103125 0.079563131037097
1 0.16953125 0.0643078555685609 0.065625 0.07065949247815262
8 0.465625 0.44948580377355896 0.1171875 0.0721598079967011
8 0.9375 0.22727846397360868 0.115625 0.11898934389007838
9 0.7296875 0.26498173779279205 0.090625 0.09169941818411545
0 0.93203125 0.4099318396004293 0.103125 0.171750631037097
0 0.8359375 0.4469795470431344 0.096875 0.09656877461060613
0 0.75390625 0.44615518144544364 0.059375 0.09235263605166182
0 0.6796875 0.4385268863808663 0.0703125 0.10204588479802065
9 0.02578125 0.7991876577592743 0.0515625 0.13587531551854842
8 0.13671875 0.8500718593294845 0.084375 0.10245506175762457
8 0.1875 0.9473129206913979 0.1 0.10537415861720412
0 0.71796875 0.764640756993122 0.1125 0.09702341567683295
0 0.7 0.9391179197669611 0.103125 0.09518813103709682
0 0.5890625 0.7351087181967507 0.1109375 0.09385295157021041
0 0.8375 0.9189000111497571 0.08125 0.07736413354437914
0 0.51640625 0.8040883872387962 0.096875 0.0903187746106063
0 0.46953125 0.6347557140401158 0.090625 0.12607441818411544
0 0.67109375 0.5468705837944416 0.165625 0.12044419530200408