8 0.05234375 0.353125 0.0671875 0.08984375
8 0.04921875 0.1953125 0.08515625 0.0859375
8 0.596875 0.09375 0.04453125 0.0484375
8 0.375 0.07421875 0.07265625 0.06640625
8 0.35859375 0.2765625 0.0390625 0.07734375
8 0.55 0.34609375 0.0578125 0.06796875
8 0.45234375 0.43203125 0.03515625 0.05390625
9 0.8734375 0.1453125 0.0671875 0.1
9 0.59921875 0.28828125 0.040625 0.046875
9 0.4953125 0.28671875 0.0375 0.05
9 0.71015625 0.146875 0.05546875 0.0609375
9 0.8421875 0.06484375 0.04296875 0.05703125
9 0.7203125 0.23984375 0.03125 0.0609375
9 0.78984375 0.29140625 0.03203125 0.059375
9 0.8765625 0.4078125 0.05234375 0.059375
9 0.51171875 0.0140625 0.0265625 0.028125
9 0.4875 0.05703125 0.05234375 0.0390625
9 0.87890625 0.2796875 0.03671875 0.0390625
9 0.82890625 0.26796875 0.0296875 0.04140625
0 0.40078125 0.23828125 0.03515625 0.10390625
0 0.44765625 0.19375 0.0375 0.12578125
8 0.23359375 0.74296875 0.0515625 0.10546875
8 0.16015625 0.97265625 0.0578125 0.0546875
8 0.03984375 0.73359375 0.03671875 0.0625
9 0.12734375 0.64375 0.05546875 0.071875
8 0.5140625 0.8390625 0.11640625 0.15390625
8 0.58359375 0.50625 0.090625 0.0953125
0 0.446875 0.54765625 0.08125 0.09140625