8 0.539258385124392 0.35555264675510506 0.07829366950744614 0.13948974687674198
8 0.41366810808255006 0.3493521228491958 0.10845239546082901 0.10842155405833438
8 0.9222891068166057 0.5976735317045494 0.08432541469812271 0.1332761083130606
8 0.6420386116259291 0.5897918122497579 0.08743056733052797 0.08799087939029934
8 0.5122692660724327 0.5913810624461496 0.1044543762235353 0.08340337334017515
8 0.4927702763240518 0.4560839118804155 0.059141876223535304 0.08313975292686634
9 0.49446427341364496 0.09430152936685825 0.08683036660488845 0.07080337939029935
9 0.28760165980398134 0.20015103268650797 0.06517362141421197 0.07692611436318471
9 0.41574650717157613 0.15557485177195698 0.08879465988879928 0.12705337939029934
9 0.43813488394326566 0.27526063787631044 0.0700793762235353 0.08320338544042354
9 0.34091514356191255 0.26219249043383436 0.10091271397248339 0.11618860226293633
9 0.34283977522774345 0.05044192417705571 0.07514882213985138 0.09416815651766242