6 0.41088051429727496 0.35205167854390707 0.12368153361182799 0.16620039462538871
6 0.4580725547920041 0.5584073653332576 0.10228137749004844 0.21483531570031095
6 0.20677528752897958 0.22974622611071518 0.1779180474519924 0.23482856826055967
6 0.5569450893924153 0.3997141757718968 0.1517030573378241 0.2800654735504665
6 0.5225330083285948 0.7829971126318345 0.12498404844057553 0.2364218893637169
6 0.3505240626634884 0.9108050522637827 0.1656833498097196 0.08758954721387227
6 0.9097942222824902 0.5808016359564221 0.05923703163466172 0.15309417889684288
6 0.7950857820545911 0.6861045150085567 0.0567487015966055 0.16853716837349922
1 0.33126329296618706 0.21115439178279125 0.04476867193911023 0.027548147326811722
1 0.6015413008748525 0.1893072967903493 0.05541701186299815 0.05934417889684287
1 0.11653228950614594 0.21509292093374793 0.0397920118629981 0.05843412628012441
1 0.02848048566554397 0.17691111049510883 0.05696097133108794 0.08158319994353028