0 0.19453125 0.29765625 0.0765625 0.11640625
0 0.10390625 0.24375 0.0640625 0.11484375
8 0.2375 0.11640625 0.0515625 0.084375
8 0.09140625 0.1015625 0.0640625 0.06796875
0 0.60546875 0.225 0.06953125 0.14375
0 0.7796875 0.25625 0.06875 0.1078125
0 0.9125 0.16015625 0.0734375 0.096875
0 0.95625 0.18984375 0.0515625 0.1328125
0 0.01953125 0.8 0.0390625 0.11875
9 0.13984375 0.66484375 0.0640625 0.11640625
9 0.1546875 0.803125 0.05625 0.1
8 0.03515625 0.7078125 0.0703125 0.1109375
0 0.66640625 0.64453125 0.0625 0.0265625
0 0.68203125 0.6078125 0.10390625 0.05
0 0.5875 0.646875 0.0625 0.059375
0 0.64140625 0.68984375 0.0484375 0.05
8 0.62578125 0.9546875 0.0703125 0.05546875
8 0.67734375 0.74921875 0.06015625 0.0234375
8 0.7046875 0.81875 0.0484375 0.05
9 0.57578125 0.87734375 0.04453125 0.04296875
9 0.6078125 0.81015625 0.07265625 0.046875