4 0.6313617156150696 0.1134683675298546 0.13546864057694458 0.18659802768032888
0 0.7204066850298613 0.1426836822448715 0.038192290653194405 0.09833934091247101
8 0.8153730397032639 0.09033066197891643 0.06678876291777769 0.05267401384016444
1 0.5452911562476048 0.7496061387843929 0.06922277868534721 0.02311384783255317
8 0.7542109081474658 0.6879179277962473 0.08339438145888885 0.02837435079830275
8 0.11377613174322936 0.2182313937644898 0.12689111474138898 0.08634335969555132
8 0.21692388801149343 0.4501897065023403 0.07805487765916679 0.13430601581733087
8 0.07624498983510458 0.48720156965793276 0.06737064437666673 0.07767401384016441
8 0.021407446997708544 0.24780083003805609 0.032486498100138934 0.05439833992388783
8 0.024679223783194714 0.32117466304186165 0.03568423328250005 0.05765067391627667
8 0.14141670136611156 0.5322474728139627 0.06726154160312507 0.0729865138401646
8 0.03961846523381991 0.5598551610646954 0.05396145459715281 0.03810217787060921
8 0.3116376291777782 0.4877759367306768 0.07718205547083343 0.09680601581733086
8 0.152041157578785 0.3167670528520188 0.05788654160312508 0.07260451186299814
8 0.04725369975059094 0.7871034105704038 0.05981271751493063 0.08829317885919252
8 0.1553545276385075 0.660708053840602 0.06435474715020839 0.08223417984777584
0 0.26340668303309095 0.8345991985936749 0.06137521751493065 0.08835684585538672
0 0.3036835780753478 0.6835977727002319 0.09760496466513899 0.1694450197716634