8 0.4609375 0.2559659478068045 0.165625 0.126834057737216
9 0.71640625 0.10671158752345719 0.10625 0.09525085779368574
9 0.50703125 0.384531292587485 0.15 0.10561150512049755
0 0.68671875 0.8006281874952224 0.096875 0.10251732622365459
0 0.5609375 0.7556103610598062 0.1265625 0.08549642619541978
0 0.5484375 0.841494653153181 0.1359375 0.07666745776545092
0 0.20859375 0.7831632975668082 0.121875 0.0727234104104042
0 0.721875 0.5227993191076058 0.1046875 0.067034852532014
0 0.37265625 0.662670245091264 0.11875 0.06472889988706036
0 0.43203125 0.4951495451477337 0.121875 0.0852234104104042
0 0.6453125 0.03914101080569238 0.115625 0.07828202161138476
0 0.6625 0.591882519051136 0.1125 0.06280237884037305
0 0.75 0.4055362243975124 0.13125 0.08264444198043534