9 0.7345436695074461 0.18156195720075352 0.09324405771188111 0.08027830517696724
9 0.7816567716843644 0.23576360978923713 0.08910219473518968 0.0956302893919517
9 0.3027182614327454 0.07298726287183095 0.11949902286549072 0.11767188936371684
0 0.3556771473597456 0.49552939178279126 0.08365080290255769 0.07348227360693613
0 0.2798214862898199 0.4443316418533785 0.10009425843752044 0.09782982622365459
0 0.2584846888295579 0.5031228129283007 0.10298115626060227 0.04654034200867017
0 0.05426592558271396 0.3929911368034681 0.0840873125212045 0.08598227360693614
0 0.42057542794496666 0.25527538908136815 0.0806349303072194 0.07642526308359247
0 0.17308535825218602 0.31258954721387233 0.0900099303072194 0.07697129465362354
0 0.23648811542376214 0.16346877872743368 0.09696925843752044 0.09764781570031093
0 0.3717857530800429 0.30934896807703305 0.08365080290255769 0.07348227360693613
0 0.45732640507947586 0.14670402588483622 0.1016021947351895 0.0963583314853265
8 0.8118453680404689 0.9875572680629157 0.052400802902557685 0.02488546387416868
8 0.6751861270261437 0.8930539230704737 0.04880457694917482 0.10263915258848363
8 0.8711335109694092 0.6323648649803217 0.03436013103285873 0.09088260523343691
8 0.7827084503471212 0.9133502834949955 0.040009930307219575 0.0740591262801246
8 0.6589534586998237 0.6738033941312784 0.05154763103285873 0.0918836631118273
1 0.6934276624206881 0.6563197625188951 0.030525802902557686 0.07038809471009326
9 0.3238567176854984 0.5443540286568466 0.07927083774894798 0.0373627630835923
9 0.3973264779371174 0.6835145101704079 0.08419643992586626 0.08910727360693613