8 0.41540500580598777 0.24432041399326385 0.05779577962517113 0.05541701186299815
1 0.1619366764973857 0.3234799678710468 0.03381271034569897 0.03571200692008229
1 0.31155258010002485 0.22352243574209368 0.05775031551854841 0.053854511862998146
1 0.4189512061225568 0.36619541399326383 0.04180706677218975 0.04228034190105419
1 0.4672977779093115 0.3610967371112377 0.05283549498543501 0.04585101087441492
1 0.2968692691338229 0.44469444019071797 0.05550585391920828 0.030353344866803765
1 0.3522925550272002 0.4408717618258171 0.05086381802583091 0.03172484387822046
0 0.34578677157459836 0.8893238492782469 0.11205738229073817 0.09664418973360753
0 0.09209347024181483 0.8801066526617383 0.10184730799670108 0.1211985207602467
9 0.15486259171200034 0.7524008053234768 0.08723923871722894 0.10187551779449713
9 0.7984641760351673 0.6135426688989987 0.062011918184115444 0.0930443458553869
9 0.9042274088799015 0.9150640651349464 0.09348923871722903 0.10213018577927464
4 0.9593201418576497 0.6819849682909763 0.08135971628470066 0.16268568380210838
4 0.7921927586424746 0.8281145048685538 0.07408602084968248 0.13255251482874755