0 0.196888372344267 0.6029439176085296 0.05220430913596861 0.07356647477225664
8 0.16989542514865752 0.7013640594411615 0.04143058344622812 0.07630952885594056
9 0.1608346856641071 0.6361755690598084 0.030745388964152066 0.05098214664195524
8 0.1030630450024744 0.08686010453917095 0.07869156603337357 0.043298621414211924
8 0.16535392582602607 0.252346206083117 0.06963747060135787 0.07885417549789597
8 0.00882172207169588 0.22841517667902228 0.01764344414339176 0.05879464664195542
9 0.09955294267305373 0.0199181411996598 0.04843085594746528 0.03132441106992567
9 0.22677502544191327 0.3897891531805594 0.06709896879233553 0.03041667549789597
9 0.1702727199239893 0.36680801016680104 0.04028416327441153 0.05443452885594056
0 0.030601007180318406 0.28072172114405947 0.06120201436063681 0.04011905771188111
0 0.054023018430937 0.3266418563532695 0.108046036861874 0.04477184137714509
0 0.7452571890550092 0.09406735917885836 0.09069359905006032 0.06399306733052793
0 0.6422727091813971 0.0030232739617991043 0.11232958163720567 0.0060465479235982085
0 0.6528738579836302 0.32422113984889744 0.08895403663473136 0.1200793762235353
0 0.7273160945275046 0.0346477191603249 0.07457727611928178 0.05407243030721938
0 0.8508720239715751 0.1917558363133676 0.07194359905006031 0.06333830290255764
0 0.7751693391004377 0.1780232077275795 0.04760534034363317 0.0453323473675948
8 0.8799310029406762 0.32175087115975787 0.08205558344622829 0.07772818511654282