9 0.07890625 0.0515625 0.09921875 0.103125
9 0.33203125 0.18828125 0.0640625 0.084375
9 0.025 0.28828125 0.05 0.07578125
9 0.4 0.265625 0.09296875 0.09140625
8 0.46796875 0.221875 0.0625 0.0859375
0 0.77421875 0.1546875 0.11484375 0.1375
0 0.775 0.296875 0.04921875 0.05
0 0.67734375 0.32109375 0.04765625 0.0515625
0 0.68671875 0.20859375 0.04609375 0.07890625
0 0.8609375 0.2953125 0.04140625 0.0328125
0 0.9125 0.2578125 0.03828125 0.0671875
8 0.5171875 0.4046875 0.03671875 0.05
8 0.72421875 0.384375 0.05 0.06171875
4 0.16015625 0.61171875 0.14375 0.16171875
8 0.3375 0.934375 0.125 0.13046875
0 0.3484375 0.80234375 0.10234375 0.1046875
8 0.69609375 0.96015625 0.0546875 0.053125
0 0.79375 0.85546875 0.05 0.05703125
9 0.8515625 0.9234375 0.0703125 0.05703125
9 0.52265625 0.52265625 0.04765625 0.0515625
9 0.57109375 0.6359375 0.053125 0.05703125
1 0.75 0.47421875 0.053125 0.065625
1 0.72109375 0.65703125 0.03984375 0.053125
8 0.78984375 0.6609375 0.053125 0.07578125
8 0.50703125 0.89140625 0.015625 0.05859375
8 0.77265625 0.8125 0.053125 0.053125
8 0.59375 0.58984375 0.0703125 0.06328125
8 0.6046875 0.9578125 0.04765625 0.0671875
8 0.85 0.86875 0.04765625 0.05703125
8 0.8828125 0.63515625 0.053125 0.0515625
8 0.6953125 0.71640625 0.04765625 0.06015625