0 0.764272111141245 0.2542633085614594 0.06766234387822045 0.05076361600890866
0 0.7562115548291851 0.12629284989659567 0.0852318458553869 0.06033861067790856
8 0.73668562201566 0.20304625389882283 0.08468801779449713 0.0853204293443632
8 0.7986816032325796 0.2913451378899142 0.07416701186299797 0.05708634134309047
8 0.5592317840689385 0.2269757445894581 0.04534167490485963 0.0395715773392725
8 0.6355886956279254 0.25029451857895857 0.05854201186299814 0.05690452800763594
8 0.6693442717116488 0.2842604385741861 0.03902800790866543 0.03793635200509069
8 0.6623925706465159 0.052420092576413245 0.06654551285158128 0.06168293467536323
8 0.6146461373386992 0.13184451058245844 0.04853034190105419 0.041170440006363315
8 0.7199185691636412 0.05877863323523178 0.07729201186299797 0.05712270401018134
4 0.20408798072262807 0.08898813263845584 0.1189011917107738 0.12007723734881748
8 0.3454292692401909 0.29974272461809315 0.08641234387822046 0.0509817920114541
8 0.21973820254800763 0.22233643463559236 0.061921679847775656 0.06319089067472686
0 0.3675111521674468 0.06444102394972959 0.06408635771838496 0.11631589067472689
8 0.46945974646559685 0.8011859512651395 0.07955484882113631 0.07432838534372692
8 0.6035336575302921 0.8261757659134584 0.1201161818249421 0.07323860001590816
8 0.6414872326626134 0.46965304591027685 0.14163835475263548 0.10316245735199914
8 0.7169581234613537 0.5913729572326865 0.0914818458553869 0.060411336012090366