0 0.9697312378997516 0.20104427729629606 0.06053752420049676 0.1990029843909033
9 0.3809783309893057 0.23513397966639796 0.12226588544042354 0.07144346878180681
9 0.49782494252382004 0.18063250734121214 0.08935339149054791 0.05311013103285882
9 0.33743234318775 0.13441472785229944 0.06900453005422928 0.046150802902557686
9 0.1091528070833965 0.09988592731199449 0.06747839149054777 0.05234623920022678
9 0.38301248789975156 0.04774310707105968 0.07837043969514967 0.0449156851165428
9 0.6534255027304745 0.2087178457231323 0.07530907220870695 0.05574405771188111
0 0.045503918421519095 0.16874256551642938 0.08963519262201591 0.10154763103285877
8 0.7983430929913583 0.28017123818873646 0.04732951795398073 0.0797619110699257
8 0.9657922012553207 0.7937674906358072 0.0684155974893585 0.06495536660488846
8 0.4964645139469601 0.7523438162342195 0.10658634328594588 0.06152283175849824
8 0.31233949882164963 0.7888740493591786 0.09242384933607006 0.04384425843752045
9 0.6644065137505685 0.887869632383621 0.0690408914905479 0.052400802902557685