8 0.5370405405792769 0.6310758944735759 0.15603291868236296 0.11922539152687506
0 0.44209440396245625 0.2661977365135413 0.08561133068109025 0.10821384992375008
0 0.572461514600594 0.473262741263194 0.07899770401018139 0.07681837955902786
0 0.6300580279678651 0.22198987557187447 0.06511701734563573 0.09211607123840286
0 0.6745085566518189 0.09364601681440915 0.09516814401654479 0.12405705547083341
0 0.09513758796150178 0.28130259175562494 0.10410679201145401 0.0867752610179167
0 0.18559041263527418 0.22686770526274289 0.04531359468490823 0.13539329255305557
0 0.24424615527532084 0.4215431192067012 0.09467724801081764 0.08186955547083344
0 0.3169864106460919 0.1441435113991664 0.10425224267981754 0.09927526101791675
0 0.42419673726927565 0.46187391242534687 0.06366360534690844 0.10145470364722228
0 0.881445615929367 0.4996557082094437 0.10141814401654443 0.12420252583555573