0 0.7683483717784402 0.4147514265147468 0.08567190637700647 0.08484769867214012
0 0.8932731286758451 0.4467377456001958 0.10376680913596843 0.07245678298109545
8 0.7198676854369644 0.2214417880492611 0.08649077792830404 0.10047269867214012
0 0.06023373586650581 0.39339145169720224 0.12046747173301162 0.13669199980360833
0 0.2710251509499397 0.06253285801847291 0.13607469810012063 0.12262949980360827
0 0.20267246212207318 0.36769708098930576 0.11937852103089916 0.13190450585373253
8 0.060323430575724445 0.563803945647078 0.08913774310259504 0.03175906010845857
8 0.27449215117708226 0.48846409894328663 0.10910940637700665 0.08498405405833438
8 0.38671883423919756 0.5539805355151783 0.09965916327441153 0.05368860226293641
9 0.3795292904799187 0.21399133976990442 0.07604460085908257 0.10978406615858276
8 0.7748086544564426 0.6195389204646226 0.11322369629109837 0.0740738251355733
0 0.6976286787667021 0.6159639476901815 0.08172803482570909 0.06920451795398072
8 0.4601275995043455 0.7935430052645572 0.08320200361804453 0.0973295179539809
8 0.32733835368821707 0.8967083909995684 0.1427274898232347 0.16015677088084707
8 0.22865294945891704 0.7070141110435351 0.07489818068726609 0.08790906615858277
0 0.13626073157109264 0.7103840298578376 0.06552318068726608 0.0878545240041051
0 0.18653737053524472 0.6606612858097659 0.0762150192218769 0.08323065651766229
0 0.241330011874246 0.7633550146343312 0.11806832654882307 0.10690450585373235
0 0.23390593622993397 0.845368083916172 0.05599105042954129 0.05499657220870695
0 0.45753378675033235 0.9607703701187212 0.06050813206674714 0.07845925976255756