4 0.01796875 0.140625 0.0359375 0.09609375
0 0.32578125 0.6734375 0.06484375 0.03125
0 0.25 0.65078125 0.1078125 0.07734375
0 0.11640625 0.125 0.128125 0.0890625
0 0.1609375 0.1921875 0.07265625 0.06796875
8 0.34375 0.24296875 0.0296875 0.0828125
8 0.19296875 0.3078125 0.07890625 0.08125
8 0.04609375 0.3453125 0.0921875 0.125
8 0.68671875 0.43125 0.1359375 0.13515625
0 0.4953125 0.34296875 0.1140625 0.115625
0 0.0546875 0.9375 0.109375 0.125
9 0.33203125 0.94921875 0.05234375 0.07421875
4 0.8234375 0.8328125 0.21015625 0.07421875
0 0.76953125 0.8671875 0.10546875 0.0265625
8 0.79296875 0.91328125 0.06484375 0.0328125