9 0.3841996787732517 0.7105998464083683 0.09260565651766246 0.07402068787965277
9 0.3949336874556545 0.47722430195545174 0.08336701190385672 0.0972399823325695
9 0.12515595599881055 0.7819247600679862 0.12405564441741398 0.10912303970326391
0 0.33351790184228036 0.8266235834905906 0.17906130698520065 0.1650834053945836
0 0.4109156731159109 0.9483323164887502 0.04596700585373252 0.10333536702249972
0 0.4066706181738137 0.47437205888930584 0.059956782981095455 0.10138196846486132
8 0.133504787184508 0.689919098023889 0.1647806383672898 0.12725609707395852
8 0.2809342990883647 0.5980251515948614 0.08801815046753828 0.09109908510611113
8 0.322999600121637 0.4857076427611461 0.08796360831306042 0.08172408510611114
8 0.2826927626894236 0.4300745853904516 0.09100679508134393 0.06773432028847229
8 0.21655259475888383 0.920007947947639 0.1037613251355732 0.11177526101791671
8 0.09900602557523892 0.9770534624809375 0.12527271077238855 0.04589307503812492
8 0.35528992535540604 0.4419219283803475 0.16299087939029935 0.08815722948277802
8 0.21316605786896342 0.42767497758291684 0.1472386143631847 0.06591855357097227
8 0.20660191959986945 0.6158289410137849 0.164871541958086 0.14288109707395852
8 0.40550705221162264 0.6743720588893058 0.05981133723582168 0.07638196846486131
1 0.3270437681503726 0.05918151035232666 0.07216589149054772 0.0516729091943056
0 0.3807217174116879 0.36828505983923643 0.1097386143631847 0.065045731382639
0 0.56188834153743 0.7897457518029519 0.18864538524403188 0.20123911094166685
0 0.6912622241491831 0.8466705118709381 0.15418857201231528 0.1863765239356944
0 0.7350480647046546 0.9660672899876044 0.19735678903121964 0.06786542002479123
0 0.9769644165748075 0.6251644134657994 0.03963519262201594 0.09934668977951393
4 0.7338411304704537 0.6460717530372229 0.1352113130353249 0.14687761284152784
0 0.7315262141902341 0.2381501502636812 0.38854539129415605 0.18870666261277808
1 0.6004075035160414 0.3468322064001047 0.10328862646343318 0.030525261017916704