0 0.1394871424725064 0.601765134593021 0.26375446955298726 0.2217347553183336
0 0.05765893428329859 0.7943689022604514 0.11531786856659718 0.14026393692972228
0 0.05447842174116879 0.1715853656913195 0.10895684348233758 0.19942073138263897
9 0.22808707592114014 0.4147392196991321 0.07234769867214012 0.08292290919430556
0 0.6522547871845081 0.7019931382958339 0.09100679508134384 0.06773432028847229
0 0.8259695431364363 0.6583736909168756 0.10039997579950324 0.07107752583555574
8 0.4662193767580208 0.1772801597629865 0.0349931444174139 0.1070500870059723
8 0.8126575186413518 0.3947469488006604 0.06602497579950324 0.07027743882958344
8 0.7044551749626227 0.19063871741802144 0.09427724082661779 0.09280705547083343
8 0.7656057775201466 0.2897314872696534 0.10214428298109564 0.10236389342673621
8 0.8241187560501242 0.03637140434774375 0.08769998789975161 0.036411585106111186
9 0.6644194856602563 0.4913102114340978 0.08768180718159221 0.033286585106111134
0 0.5859046419815271 0.28789296428388933 0.0818681444174139 0.10814111474138902
0 0.5276517804470128 0.2279354296146185 0.07867042154477702 0.09556837955902786