9 0.5641052935998954 0.5652958166297513 0.057377395326597205 0.052042163787375625
9 0.6081449279085758 0.6170795596899209 0.07009560087368065 0.0622182001845701
9 0.4722262649145481 0.5914658952842364 0.046403527735416714 0.04977875693983016
9 0.39845884375239515 0.7444092250184559 0.06508079255305557 0.04785531153562204
3 0.26887467372760404 0.11148370836101813 0.06522626291777786 0.05410531153562217
3 0.1355224326582285 0.7799809893595419 0.0825228656913195 0.05989423658176474
8 0.369127940445104 0.16122528763381225 0.1022547906531945 0.10328329117755657
8 0.13127787585621492 0.42609452575673645 0.07122299620027786 0.11065570018457009
8 0.09259462272208288 0.5463662553986708 0.04858427678548618 0.07644138648947969
8 0.4569162683330205 0.2772927737541516 0.08299564437666689 0.08020673658176473
8 0.34402918294256896 0.5692578331303054 0.09295252583555565 0.10580751387966067
8 0.578882187310972 0.2655764188815046 0.07652743882958327 0.07043121838316742
8 0.648612152641701 0.3196142743724605 0.08626611474138883 0.08665699568106336
8 0.6191389389264926 0.5134038471668496 0.055851262917777866 0.053504534237726276
8 0.4514449054914927 0.41181796807862564 0.055851262917777866 0.053504534237726276
8 0.3340034855636108 0.3967214990771494 0.06856946846486114 0.06368057063492075