0 0.4332966378340285 0.7483863050272002 0.20585284639736087 0.09966033386094857
8 0.16928195044958314 0.819677317167901 0.08215928213245363 0.0336141335443795
8 0.3888921053058635 0.9308434523616331 0.09470474623907635 0.03554034639736088
1 0.4644065823446099 0.8884717474262105 0.07894335391920819 0.030398205331134066
1 0.32931852850454396 0.8821953522033485 0.07590928213245363 0.03343227711788899
7 0.8510751712201234 0.7402127214954561 0.02586381802583091 0.03041492570596276
7 0.8794335034317193 0.6792668613080416 0.01961381802583091 0.030233069279472245
7 0.8283363531942924 0.7692637240027386 0.03068771034569906 0.03523881802583091
7 0.8726797350893193 0.8307611651481075 0.02287521034569906 0.03501149749271733
7 0.8265177889293852 0.8317637240027385 0.0438696719450391 0.05904003087881264
7 0.8462619875966017 0.8518860073888334 0.022966138558944492 0.03813649749271768
0 0.8652907839148203 0.7891048625616828 0.03981866943775678 0.08077863855894432
0 0.8444220059390016 0.7001416509623427 0.03394910266556721 0.04001724623907634
0 0.80709785068701 0.746752226510021 0.04244356426490725 0.06368206677218975
8 0.862848026326466 0.25498827533552204 0.05548913354437914 0.08279577962517112
0 0.9339728685671916 0.28286087424016537 0.045568564264907255 0.06377299498543501