8 0.8233037081653443 0.6432433146786365 0.08000840456798422 0.040031857756487634
9 0.6406328917932864 0.9177121274326497 0.04677318068726599 0.08971095318850324
9 0.8136166904138055 0.9024135967908121 0.061743083446228295 0.0780298247398008
0 0.7625255811869799 0.8069240343754831 0.058618083446227945 0.07786605042954128
0 0.7245375802824687 0.8330671325210324 0.07070200361804453 0.10031426051544975
0 0.7556846817073781 0.922589977953048 0.10212242198083885 0.07547139077317411
0 0.6681171619196744 0.8095344572608332 0.09190861827193722 0.14817190637700647
0 0.8894709407524897 0.6740562234304923 0.11173643939369313 0.11025582654882307
0 0.8730979110151633 0.8229441027837059 0.14248182835784534 0.16172979534115867
1 0.4966615637741253 0.8551379635924112 0.0543400192218769 0.0854328889641522
0 0.08177462743264968 0.6844425197877038 0.07400406603337355 0.04439180913596861
0 0.30221328019161164 0.6853554873368438 0.08312676051544958 0.06980124491161739
8 0.7068940518998794 0.08449351368326827 0.08870837516934209 0.11684001922187685
8 0.6055894222079814 0.32275483152566414 0.09684842378986111 0.1234994549975256
0 0.6296610080290588 0.3986246127333286 0.039861439393693486 0.10648901741285455
0 0.534594169494448 0.39893222919624344 0.08854460085908258 0.1137150192218769