8 0.2803622111468945 0.8052800353675893 0.1380307680561673 0.10625109468490841
0 0.31574909572313226 0.655752750039771 0.06079365626060227 0.04131589067472703
0 0.4465055663190376 0.8220510067234065 0.07405754809323425 0.06333634134309066
0 0.3991568511654279 0.785577157383816 0.05120040145127884 0.034956802673454315
0 0.23444204282057463 0.586084592695726 0.07351191106992569 0.04771134134309048
8 0.2667113949974929 0.6380016286998621 0.07411211179556512 0.06489884134309047
8 0.36534979163944825 0.6672629620464524 0.06769842068857254 0.060138616008908664
8 0.16384434454200597 0.733640298018772 0.03859127404661713 0.03168635200509051
8 0.22792420270937397 0.7125198233609078 0.05152778366526398 0.044331802673454136
8 0.2702208301140357 0.7161357193666349 0.03535714664195542 0.028524989337999785
8 0.1290278565229055 0.5864198526814084 0.057886911069925696 0.04752952800763595
8 0.14468262757429776 0.6545431440165447 0.04171627404661713 0.031722714672181594
8 0.1712054328391081 0.5642635893539081 0.06715278366526393 0.044513616008908664
6 0.7543899881887365 0.8053293200986318 0.10597226932211186 0.3510908800127268
6 0.8744965800292176 0.8924811380489978 0.25100683994156475 0.21503772390200454
8 0.39876488221398515 0.014011240054088419 0.08190476442797028 0.01969542934436313
8 0.48831102105139224 0.07362314473263333 0.06748016587924913 0.05388861600890869
8 0.3410912806700391 0.0844050087125888 0.06624504809323425 0.06324543467536323
7 0.8539087723173366 0.32309007944776746 0.10821927168436432 0.1918067866804539
7 0.7818948738612826 0.25118726010499515 0.038283739200226916 0.06760567067154515
7 0.8117708576192137 0.18984122744267679 0.053328385842182156 0.09589430267345422
7 0.8744494176933475 0.10622984345158545 0.039573420688572725 0.05981135200509069
7 0.8321081502701524 0.12369860677908573 0.03154266587924894 0.05347044533736343
7 0.7607490162420688 0.07054578743631344 0.03924603847458741 0.05043635200509067
7 0.7360540950053421 0.21316909209894996 0.02814484736759475 0.04562158267027261
7 0.9208507356568477 0.3168406267902216 0.05974207694917481 0.10065452800763594
7 0.9644370445498552 0.312662204129494 0.029761911069925873 0.047202264003817974
7 0.9908655913771451 0.27084742146717566 0.018268817245709813 0.04404090133672707
7 0.9176860409216581 0.2262156267902216 0.056126003628197196 0.08655566534054512