8 0.27884387749004846 0.21409332223840885 0.09613485376405233 0.09848413879807012
8 0.2608671517103362 0.3285416059236289 0.09562551779449713 0.08598413879807003
8 0.2996736892393158 0.11218594886161426 0.08806768577927464 0.09209777110331836
9 0.42681185079830275 0.09020362905554213 0.05541701186299815 0.05717730032431154
9 0.37547484387822055 0.05651837580913126 0.05905134783255317 0.06973184740221225
9 0.67220389973317 0.32635318343704345 0.07499468281352506 0.07781708279171565
0 0.28520525992301277 0.4468512751605081 0.08730368182494201 0.0733477711033185
4 0.9675973475854075 0.23637266030183496 0.06480530482918496 0.16997730925276536
0 0.9926238638970297 0.3351919898471397 0.014752272205940642 0.056713650162155814
1 0.23343049018853038 0.7472955600635443 0.06998884783255317 0.06992276217486477
5 0.6123301285158126 0.6196298506453278 0.07811968281352506 0.0778716298696164
5 0.5732132317855734 0.7134110783241935 0.05854201186299814 0.05723184740221221
5 0.48564956478937893 0.7103212601429745 0.07869268577927464 0.0919341298696164
5 0.5259548657014125 0.952259344152506 0.07843801779449713 0.0856841298696164
5 0.6522693790101043 0.6226690758885616 0.052928681824941926 0.07274775324641088
9 0.20535988691876966 0.652341570209814 0.0599771778706093 0.054134120941162676
0 0.06658388840164443 0.6569454752432338 0.08226335475263544 0.10292617694751698