9 0.0453125 0.1234375 0.01796875 0.05078125
0 0.1328125 0.3734375 0.02578125 0.09296875
0 0.1859375 0.38203125 0.03828125 0.071875
0 0.103125 0.27109375 0.0265625 0.06015625
0 0.13359375 0.26484375 0.01796875 0.05703125
0 0.2015625 0.23984375 0.04296875 0.12578125
0 0.2453125 0.365625 0.02109375 0.06640625
0 0.05390625 0.2609375 0.0265625 0.05859375
0 0.17265625 0.2578125 0.02890625 0.06015625
0 0.134375 0.15859375 0.03828125 0.04765625
0 0.0859375 0.1921875 0.02734375 0.08515625
7 0.42734375 0.19609375 0.109375 0.09921875
7 0.70078125 0.11171875 0.12109375 0.0890625
7 0.37109375 0.34765625 0.1015625 0.190625
7 0.5359375 0.1640625 0.0828125 0.1453125
7 0.96875 0.3 0.0625 0.203125
7 0.8171875 0.221875 0.1140625 0.146875
7 0.821875 0.3578125 0.21328125 0.14453125
6 0.303125 0.87109375 0.03359375 0.04140625
0 0.30390625 0.7359375 0.0328125 0.0484375
0 0.0703125 0.8265625 0.021875 0.028125
0 0.15859375 0.97578125 0.0609375 0.0484375
0 0.17734375 0.840625 0.059375 0.0484375
0 0.1140625 0.840625 0.08515625 0.065625
0 0.2015625 0.77578125 0.0578125 0.04296875
0 0.16171875 0.7234375 0.06796875 0.0515625
0 0.30078125 0.80625 0.0390625 0.04921875
0 0.765625 0.5953125 0.08203125 0.0703125
8 0.34609375 0.74140625 0.0515625 0.0390625
8 0.65625 0.9046875 0.0546875 0.05546875
8 0.72578125 0.8859375 0.059375 0.034375