0 0.3890625 0.22890625 0.07265625 0.0484375
8 0.29140625 0.20703125 0.07421875 0.03671875
9 0.35703125 0.19453125 0.05 0.028125
8 0.909375 0.1078125 0.040625 0.0765625
8 0.74140625 0.17890625 0.0765625 0.06484375
8 0.77109375 0.0140625 0.0578125 0.028125
9 0.9765625 0.10078125 0.0296875 0.046875
9 0.6015625 0.24765625 0.02734375 0.06640625
9 0.6265625 0.18984375 0.05390625 0.03828125
0 0.71796875 0.0375 0.0375 0.075
0 0.67109375 0.06484375 0.040625 0.11796875
0 0.8796875 0.7515625 0.0609375 0.08828125
0 0.98671875 0.64296875 0.0265625 0.1109375
0 0.65234375 0.67109375 0.1171875 0.0828125
0 0.93984375 0.73046875 0.0515625 0.071875
0 0.778125 0.8625 0.0609375 0.06796875
0 0.79453125 0.7859375 0.04296875 0.0453125
8 0.646875 0.8984375 0.07578125 0.078125