8 0.9748480184658155 0.058776198464463025 0.05030396306836913 0.09774775324641087
8 0.9803807954530477 0.4892040381560376 0.039238409093904636 0.13831820616851012
8 0.9875943674912332 0.2343528969223355 0.024811265017533658 0.1239284237011061
4 0.2070796631477993 0.2230169399364558 0.0873478157455871 0.1717852711033184
8 0.42458435754518664 0.5060264886392096 0.08650233603812651 0.12334777110331832
8 0.26921897321134347 0.425119182225818 0.04527731818121907 0.08826365909060954
8 0.5032200519458694 0.3100633778443167 0.05497960064862308 0.10717730032431164
0 0.3725256107948929 0.0757405424118029 0.10886825973923261 0.1514810848236058
9 0.8918532727215809 0.8159359078793841 0.06959547970746058 0.049637535713814886
0 0.9605878616023766 0.6795387118571437 0.06391822402541791 0.08234094155801372
8 0.9830158352207571 0.9346938161592148 0.032340941558013724 0.06304547077900687
8 0.8451634590045888 0.7378205905089439 0.057340941558013725 0.06348184740221222