1 0.8211280279129302 0.5024676470204735 0.03004202400410492 0.061974210344286365
0 0.5682383354873058 0.7393774030957413 0.04278746369925486 0.10459821996293321
0 0.6587633415374301 0.7534002083605518 0.041070427594901204 0.07798115626060227
0 0.5983752873808997 0.7953446609002895 0.038081782981095456 0.10130952885594055
0 0.756819046456086 0.8155876951137078 0.039498837235821684 0.07636409255827133
0 0.8657264138443328 0.7578892678017133 0.04420451795398108 0.07965278366526399
9 0.25775185002344114 0.4041963935619125 0.08341246369925477 0.10601687622353531
9 0.14307418814302553 0.9166914482785687 0.08175906010845857 0.09033731252120454
9 0.015787063820891747 0.7853100174231951 0.031574127641783495 0.07312996515360978
9 0.009938791329317706 0.9128447403813531 0.01987758265863541 0.0664980192372937
8 0.022094139005562917 0.6366542626138718 0.044188278011125834 0.08444941106992569
8 0.40210583802138855 0.4296180010963083 0.07552724082661796 0.09324405771188111
8 0.31328214901360996 0.9287127547245053 0.08019656010845858 0.09028274881887341
8 0.2294156882412214 0.9785069127992061 0.06889544574527387 0.027400802902557687
8 0.4795298386105637 0.8158977522774347 0.05408857806243965 0.1674801658792493
8 0.15826441354974524 0.5881026568087565 0.09431360226293632 0.10014882213985139
0 0.37475598019930734 0.8343972703336021 0.058185204722264315 0.06608135698624196
0 0.4700235492847565 0.7045336663425853 0.04421360831306061 0.08121528366526398
8 0.6763074490649237 0.154471635039574 0.04725679508134384 0.0672619110699257
0 0.5018796208060923 0.19649298784946442 0.0178238251355733 0.10997520072563942
0 0.35029037060970064 0.07212544882672287 0.10385222872636941 0.12860120435383648
9 0.2568307412194013 0.1597469891154088 0.059756795081344016 0.0676984206885725