1 0.5417833460773146 0.5882193180483182 0.047584072008272214 0.0625744110699257
0 0.9005889181253579 0.9508606725874891 0.07151246801399935 0.09827865482502177
0 0.7510247227879944 0.9196131949048258 0.06806020401018138 0.07734623920022657
0 0.8384798167965849 0.9709449940943682 0.06193747334499946 0.05811001181126372
0 0.5785321047899034 0.927646405797266 0.06493520401018138 0.07723711179556503
0 0.43665259277526774 0.8149231725874891 0.033703385343726924 0.07770833774894789
0 0.3954821527689044 0.7666295163268868 0.047893154678544915 0.08913691106992552
0 0.16240602343249544 0.7358432746795893 0.06989542401336304 0.10083830290255769
0 0.1491782227482235 0.6057465469121078 0.0621192866804539 0.10369048439090349
0 0.40042309675363236 0.6543477711362102 0.03655566534054504 0.05437996515360979
8 0.09043157344044961 0.7918998125212044 0.06193747334499946 0.08806548439090331
9 0.5516635920194082 0.16217517322046124 0.09662155601527207 0.1158283858421822
9 0.43749200401813554 0.1488170229503088 0.05243520401018138 0.07680060217691827
9 0.4987862293920882 0.4500546299365505 0.06181020401018138 0.07712798439090349
8 0.6375840053707711 0.29793411314632745 0.104143154678545 0.09110120435383653
0 0.04736008939367904 0.44600446996293314 0.05684998400699968 0.053526793283910835
9 0.020905582710043457 0.3201314507256394 0.0349022586728179 0.04651290145127884
9 0.00850503270208928 0.261128472958158 0.011482940006363346 0.047256945916316