9 0.901672448705218 0.9170685810909687 0.07002333992388757 0.03325042069139812
9 0.8083535302261489 0.9111799454350182 0.09508700692008247 0.03554034639736088
9 0.6013740183631509 0.8608857434025895 0.06026633794672147 0.023602636051661817
9 0.5026181833821789 0.8559374821198183 0.08552100593149899 0.030580061757624576
9 0.5547378044092557 0.6377581319615337 0.07145850593149898 0.03017088479802066
9 0.39929822931411546 0.6813897746771133 0.06013900395433271 0.020477636051661818
9 0.4914658246752107 0.735806838546309 0.05714133794672147 0.023511707838416385
8 0.770413178439263 0.8246801557807171 0.06807883794672147 0.0238299565847754
1 0.9424420287432742 0.9002387822654676 0.04413200197716662 0.010647994985435361
8 0.8702461744105683 0.024473359198135897 0.11074118182494175 0.04894671839627179
8 0.9395950464448187 0.061806768079702666 0.1208099071103625 0.09095527210332377
8 0.9721827006080224 0.32815318210718303 0.05563459878395527 0.07075042069139795
8 0.5871988414439436 0.4170220831360327 0.10570085475263546 0.10451766693047429
9 0.6427445514063251 0.22533703681781417 0.08143568380210837 0.08352320533113407
0 0.7603325939154016 0.4237170493542265 0.15968801779449712 0.08892141066226814
0 0.8045189926228072 0.3371741441022347 0.08481535178688589 0.0898641335443795
0 0.8257135603035735 0.26225070044958315 0.11434634288963749 0.048585915676833034
0 0.8165667119767288 0.19133880687607385 0.10548067885919252 0.06081313103709696
8 0.19821984345829105 0.8335075188046186 0.07285917984777565 0.06454588479802084
8 0.3450364936485714 0.7510179645688411 0.03711268083635879 0.06818771034569907
8 0.04807260482699754 0.89184651920033 0.023848676882026132 0.049073997492717326
9 0.046610992128515646 0.35688048581423504 0.06667284684397005 0.06592652837152997
9 0.11408765220462783 0.3236300651228371 0.08060801285158128 0.06321070533113407
9 0.13031217148199972 0.4146726022698556 0.07037084980971957 0.08007995658477522
9 0.05547802026595507 0.09459343448145152 0.09093801779449713 0.08692098997087014
9 0.2807101250185905 0.18972276339434216 0.09042868182494201 0.07442098997087014
0 0.2913743468811511 0.45144151339434213 0.09562551779449713 0.08705738229073816
0 0.034169341938235225 0.4354601268804618 0.0366325197716635 0.09470474623907635