8 0.25234375 0.19765625 0.134375 0.1046875
0 0.29296875 0.34765625 0.05859375 0.040625
0 0.41796875 0.1828125 0.07109375 0.06171875
0 0.371875 0.21875 0.05078125 0.03359375
0 0.2140625 0.41640625 0.07265625 0.046875
8 0.24453125 0.36484375 0.07265625 0.0640625
8 0.3421875 0.33671875 0.06484375 0.059375
8 0.13828125 0.26796875 0.03671875 0.03125
8 0.203125 0.28984375 0.05078125 0.04296875
8 0.2453125 0.28671875 0.034375 0.028125
8 0.10859375 0.41484375 0.05703125 0.046875
8 0.121875 0.346875 0.03984375 0.03203125
8 0.1515625 0.4375 0.06640625 0.04453125
6 0.7265625 0.203125 0.09296875 0.34921875
6 0.8609375 0.11171875 0.278125 0.2234375
8 0.3984375 0.990625 0.08125 0.01875
8 0.4859375 0.93203125 0.065625 0.05390625
8 0.33828125 0.91953125 0.0640625 0.06171875
7 0.84296875 0.68671875 0.1015625 0.18984375
7 0.7734375 0.7578125 0.0359375 0.0671875
7 0.80546875 0.81953125 0.05 0.0953125
7 0.87109375 0.90390625 0.03671875 0.06015625
7 0.828125 0.8859375 0.0296875 0.053125
7 0.75859375 0.93828125 0.03671875 0.05078125
7 0.72890625 0.7953125 0.0265625 0.0453125
7 0.91015625 0.69375 0.05546875 0.1
7 0.95390625 0.6984375 0.02890625 0.04765625
7 0.9859375 0.740625 0.02578125 0.04375
7 0.91015625 0.784375 0.053125 0.0859375