8 0.47578125 0.52265625 0.08359375 0.08671875
8 0.6109375 0.2296875 0.0625 0.07265625
8 0.52890625 0.06171875 0.0671875 0.06640625
8 0.346875 0.41171875 0.07265625 0.08984375
8 0.27734375 0.3796875 0.0484375 0.0625
8 0.21171875 0.109375 0.07421875 0.0765625
8 0.3171875 0.1578125 0.09296875 0.0828125
8 0.66640625 0.40234375 0.05 0.05625
8 0.61875 0.4390625 0.053125 0.0953125
8 0.79140625 0.05234375 0.07890625 0.078125
1 0.7578125 0.0125 0.034375 0.025
8 0.209375 0.65546875 0.08359375 0.0359375
8 0.1109375 0.66015625 0.07265625 0.04453125
8 0.29140625 0.7625 0.07890625 0.040625
8 0.3265625 0.7296875 0.0453125 0.03359375
8 0.27265625 0.6796875 0.046875 0.0359375
8 0.40546875 0.771875 0.0609375 0.0234375
8 0.51953125 0.88359375 0.0625 0.0375
8 0.31640625 0.8015625 0.08203125 0.0390625
8 0.44140625 0.89453125 0.0625 0.0359375
0 0.375 0.66015625 0.0671875 0.02890625
0 0.4546875 0.85390625 0.1171875 0.04609375
0 0.46484375 0.815625 0.13671875 0.06796875
0 0.421875 0.73671875 0.15078125 0.0609375
8 0.84375 0.7671875 0.059375 0.08125
9 0.9109375 0.6921875 0.06875 0.05234375
9 0.93046875 0.7453125 0.053125 0.0578125
9 0.9625 0.77109375 0.0484375 0.05078125
8 0.78359375 0.59765625 0.053125 0.0171875
8 0.759375 0.634375 0.04140625 0.08671875
8 0.8625 0.84609375 0.109375 0.10390625
8 0.95078125 0.8484375 0.05625 0.06484375
8 0.96796875 0.621875 0.0640625 0.06640625
8 0.76640625 0.80546875 0.05625 0.0625