8 0.3176466819304615 0.34370132750666693 0.07737472749876284 0.04705814437666671
8 0.05034856004047974 0.09714841014423614 0.08493492198083882 0.07220361474138896
9 0.3707882920617983 0.27080999458475724 0.0452173247398008 0.05879442496187508
9 0.31486916270858467 0.2609251950978475 0.052292840343633 0.044913762917777864
9 0.28000616180407356 0.23592454188746553 0.04423467887824373 0.04004442496187508
8 0.23619196404263715 0.3379039627652779 0.0922494549975256 0.09266158510611114
8 0.20940041270858467 0.2584703826931599 0.06018722749876284 0.04665810087368065
8 0.3005244589542545 0.4189916150257294 0.05558161465389251 0.04811149810013902
9 0.2701640880803255 0.8521301169255905 0.051392081637205766 0.02772626291777769
9 0.26022252204695195 0.8113232789696877 0.051637743102595036 0.032413762917777686
0 0.15454573213286021 0.8197877827694098 0.07169793758467105 0.05785017401194459
0 0.20311162765573298 0.614919751234271 0.06280097241038014 0.1263092332825
0 0.08941761985381687 0.6192961670780903 0.05319359905006031 0.062101262917777865
0 0.8670204036634732 0.031884579309618785 0.10904080732694652 0.02594686379145842
0 0.7455548394391218 0.03686040719753535 0.10204717887824373 0.041390025835555636
0 0.5199340417231141 0.049555856476354604 0.17736808344622812 0.07903680262104182
9 0.5567478827441157 0.5435604296146185 0.06027575870642714 0.018569468464861315
8 0.4085549649471483 0.36610496399954895 0.024659163274411533 0.05363414627652778
8 0.43245945443169875 0.3011163968452087 0.056489017412854635 0.0356478656913195
8 0.8072171149925769 0.2903315525241326 0.06446529172311415 0.03895470364722229
5 0.8317567695605611 0.32679638259625066 0.06134029172311415 0.03888196846486114
5 0.7578987884437537 0.18306325997107703 0.06076043758467105 0.05759560087368061
0 0.6171829302329809 0.9522821193941324 0.13090916327441154 0.05610714247680555
0 0.5522838692879899 0.8306058347248616 0.07053822930778501 0.09527743882958326
8 0.8735413935982494 0.841204374712466 0.07457727611928178 0.05323540919430556
8 0.814279258252142 0.886642854860834 0.058051517412854636 0.03568423328249999