9 0.04491168322781029 0.18049206939903503 0.08982336645562058 0.1984841387980701
9 0.0600663556350679 0.29963753571381496 0.07994356426490726 0.06386367694751698
5 0.3120082550145649 0.049218344559543166 0.06660848997087018 0.08861821509696394
0 0.5300762934152248 0.07647414001259076 0.07890991316955046 0.1356841298696163
0 0.5455468660599092 0.2432349460189452 0.03992162100796719 0.19122501785690754
0 0.452974235814235 0.03995421306507376 0.05655152837152997 0.0650170738632619
9 0.8216894804039587 0.1550390653352547 0.06126777210332364 0.11975912094116259
9 0.7204846815784577 0.19469980884243293 0.0739496285298145 0.12622730925276532
8 0.21905359606815647 0.530653530842551 0.050148415676833036 0.11331820616851011
8 0.3638325501456493 0.44407292288703193 0.04344377461060622 0.09758411201270878
8 0.43040130687607386 0.8157354630650737 0.04656877461060631 0.09763865909060954
8 0.382314462523777 0.614794525971287 0.04179034639736088 0.0944318384737585
9 0.3841089800747543 0.7680286201270885 0.03655727711788863 0.07560001785690744
8 0.3242101090002802 0.4894984711827487 0.04303459765100213 0.08352161201270895
8 0.3381947379923131 0.6804643904196279 0.06176787727617326 0.13694662094116267
8 0.7028292024946472 0.5328446911476812 0.07983591567683312 0.11383640340856652
8 0.8128012475592244 0.46050781533525464 0.05659699247815268 0.06657957386326192
8 0.5721331319615338 0.5383798506453278 0.038148520849682475 0.13028751785690745
1 0.7717754307870349 0.500437340092021 0.02962531551854859 0.052053423701106105
1 0.7680222934817318 0.5488339297835955 0.03592077962517113 0.05372501785690744
1 0.745089595672445 0.6922566473161914 0.052136813011265916 0.07431025324641087
1 0.7178534942605193 0.7418066339235108 0.03610263605166182 0.05997501785690744
0 0.8040316528112165 0.4126742873320775 0.05213681301126627 0.07431025324641087