0 0.5963821798343965 0.6212552468044668 0.14736587939029935 0.0929294945971538
8 0.9691560836215842 0.9998213206090469 0.06168783275683154 0.00035735878190621404
8 0.8396468873853312 0.8205173123636034 0.07846134328594587 0.0623627630835923
0 0.8203923724564124 0.7327064992235411 0.07839771077238851 0.05142526308359248
0 0.7832014446651193 0.7836473729434168 0.0722204336450254 0.06356124203690498
0 0.8990491584625702 0.8286630123071337 0.08808178298109581 0.1050962946536238
0 0.9775314045632498 0.816071278021562 0.0449371908735003 0.04951415258848364
8 0.34604129136891076 0.5481006549369709 0.19774767447164326 0.161466662970653
1 0.37664431323171654 0.03599476806291563 0.07828862646343308 0.032675263083592455
9 0.1795219327612627 0.653206841938083 0.08452953610435351 0.03147678413027979
9 0.486908227646215 0.8663563732257653 0.018913626463433177 0.029217063140062293