9 0.5747689857998358 0.6022951688815046 0.14253414772652384 0.11838665946843889
9 0.17292325689985882 0.06305430521410069 0.0936875446422687 0.09184514342930994
8 0.7676827832814782 0.280123372923586 0.058131874187573374 0.11141716378737554
8 0.6948413469984704 0.2059732765319288 0.045331865259119655 0.09342862739018098
8 0.37064987053742077 0.2251876580841629 0.09393300649282174 0.10590764342930994
8 0.4799333672910099 0.2681285248338858 0.04810230925276535 0.07331638648947969
8 0.34304960714803545 0.7334204626799548 0.08762845941492108 0.10238212523071262
8 0.3898050194817605 0.15606741826319573 0.09352390340856669 0.08247014342930994
0 0.05179909010190688 0.6537572532392024 0.08954551542127549 0.12279475478036198
0 0.5729139797107559 0.3956143723052772 0.06753414772652384 0.11358044108527147
0 0.5756597353960939 0.9089259006829072 0.0874375446422686 0.09144462523071262
0 0.299048011367381 0.5270994139442591 0.08693871266133195 0.15228199568106326