8 0.30625 0.2234375 0.153125 0.21171875
4 0.3296875 0.4765625 0.0828125 0.13203125
4 0.23125 0.265625 0.065625 0.1203125
4 0.1875 0.61328125 0.178125 0.13046875
0 0.13203125 0.153125 0.0703125 0.1203125
0 0.1953125 0.04765625 0.071875 0.09453125
0 0.14140625 0.025 0.0609375 0.05
0 0.3109375 0.0546875 0.07421875 0.10625
1 0.55234375 0.371875 0.08359375 0.11875
7 0.50703125 0.1265625 0.0359375 0.0640625
7 0.61015625 0.0390625 0.0546875 0.078125
1 0.59765625 0.2578125 0.096875 0.13359375
1 0.65703125 0.315625 0.08515625 0.125
1 0.68046875 0.18671875 0.090625 0.15703125
1 0.728125 0.45546875 0.0984375 0.1421875
1 0.63515625 0.42265625 0.12109375 0.15078125
1 0.66796875 0.5578125 0.13046875 0.15078125
1 0.7359375 0.33671875 0.1078125 0.14375
1 0.67421875 0.05390625 0.0984375 0.1078125
1 0.78984375 0.50078125 0.08046875 0.11875
1 0.50390625 0.35 0.02890625 0.1421875
1 0.52421875 0.2265625 0.0703125 0.121875
1 0.590625 0.1265625 0.121875 0.1453125
1 0.53359375 0.04140625 0.08828125 0.0828125
1 0.76640625 0.0734375 0.1109375 0.146875
1 0.76796875 0.21796875 0.11953125 0.15234375
1 0.81796875 0.3859375 0.0859375 0.14921875
9 0.16171875 0.7984375 0.04453125 0.07265625
9 0.12890625 0.96953125 0.05 0.0609375
0 0.01796875 0.88359375 0.0359375 0.15546875