8 0.7069295570789089 0.03385642857486564 0.06582838584218216 0.06771285714973128
8 0.7931844824919868 0.2742745804579856 0.0462599303072194 0.07365767589344294
8 0.8714930209665741 0.2211548976444604 0.035104175497895795 0.06696200692008221
8 0.9493327895708958 0.31550046384235203 0.04022818511654265 0.07965300790866543
8 0.8979835990968752 0.19979189220725294 0.0547271947351895 0.09272601087441493
0 0.14370283766412997 0.2859163008748524 0.07498513103285878 0.09199118182494201
0 0.36011403294747374 0.38865800441144327 0.09255457694917482 0.10362901878308026
0 0.43065720064082136 0.28982657357508435 0.08317957694917481 0.103247016805914
0 0.18140622350631216 0.18920312695857583 0.07093254809323427 0.06530134783255322
8 0.3969840611704421 0.47219074600848626 0.07805556733052796 0.09055601581733086
9 0.811661597746113 0.7728102395455145 0.07783731252120454 0.08430601581733085
8 0.7755256903043843 0.73527574745418 0.0778918762235353 0.08586851581733086
0 0.04561377872871352 0.9471668186693496 0.09122755745742704 0.10432935574121842
9 0.2098485826851705 0.938537282091772 0.0646279843909034 0.06348417984777584
8 0.5213416433922765 0.8876181333471853 0.06377481252120454 0.08373301285158127
8 0.035441415161458906 0.8263914036503216 0.07088283032291781 0.08267984882113666