0 0.52265625 0.1890625 0.10625 0.05703125
0 0.41328125 0.11484375 0.12890625 0.046875
0 0.69375 0.240625 0.09140625 0.05
0 0.19140625 0.03046875 0.14140625 0.06015625
8 0.51015625 0.36796875 0.10234375 0.05
8 0.58984375 0.334375 0.06171875 0.0421875
8 0.45859375 0.31953125 0.121875 0.06484375
0 0.25859375 0.009375 0.09140625 0.01875
8 0.6265625 0.37578125 0.0796875 0.0453125
8 0.26640625 0.80625 0.10234375 0.05859375
8 0.33671875 0.74609375 0.07265625 0.0453125
8 0.50078125 0.821875 0.07265625 0.046875
8 0.628125 0.809375 0.07578125 0.05703125
8 0.4765625 0.734375 0.07265625 0.0515625
8 0.5375 0.93125 0.07578125 0.053125