9 0.19975207349061372 0.6661169906906352 0.11286707694917478 0.10127269334818116
9 0.10919405007696881 0.7564323606779085 0.0806349303072194 0.07278406667727229
9 0.05156754463467319 0.6269079453373635 0.061339293283910815 0.05694089067472703
9 0.1417114281146027 0.8825408746817265 0.08337798439090335 0.061882929344363194
8 0.2423513235754317 0.9899261133434086 0.11951389183263199 0.020147773313182783
1 0.019747081843316208 0.4313045440006363 0.011502984390903376 0.061046588001272536
8 0.7784350902808368 0.5322827187698589 0.16075893992586626 0.08621131468808976
8 0.6174579286627568 0.685815156747269 0.13317957694917482 0.10150905068427178
0 0.7537203216765153 0.629611704766041 0.13910219473518967 0.09220677601845359
8 0.7570560757680485 0.1884236307685862 0.10229167549789579 0.06678860534690845
0 0.7824156851165428 0.08719748543917695 0.16232143992586606 0.08622949602163536