1 0.1140625 0.3046875 0.08359375 0.121875
1 0.04609375 0.29453125 0.0484375 0.0875
1 0.13046875 0.11796875 0.0609375 0.0890625
1 0.23046875 0.27109375 0.0984375 0.121875
1 0.01953125 0.503125 0.0390625 0.075
1 0.01640625 0.240625 0.0328125 0.0875
8 0.1 0.0140625 0.1125 0.02734375
8 0.23984375 0.375 0.07890625 0.096875
8 0.4796875 0.46171875 0.08359375 0.09296875
8 0.7 0.2265625 0.0625 0.078125
8 0.678125 0.028125 0.0671875 0.05625
8 0.39453125 0.29453125 0.07109375 0.09453125
8 0.340625 0.23203125 0.046875 0.0671875
8 0.446875 0.034375 0.09375 0.06875
8 0.4 0.53125 0.0609375 0.075
8 0.37578125 0.578125 0.065625 0.03984375
8 0.696875 0.4234375 0.0484375 0.05859375
8 0.640625 0.4390625 0.053125 0.10234375
0 0.06640625 0.67734375 0.03359375 0.06171875
0 0.06953125 0.746875 0.03828125 0.06015625
0 0.03984375 0.8328125 0.03984375 0.0671875
0 0.79609375 0.8203125 0.09453125 0.04765625
0 0.66796875 0.82421875 0.1125 0.03828125
0 0.6109375 0.8546875 0.07265625 0.03671875
0 0.56328125 0.93359375 0.109375 0.05625
9 0.34921875 0.92578125 0.08671875 0.0328125
8 0.87578125 0.70703125 0.08984375 0.0421875