9 0.35234375 0.328125 0.05 0.06875
8 0.23203125 0.26171875 0.0578125 0.065625
8 0.2484375 0.36015625 0.071875 0.065625
8 0.9125 0.43984375 0.05703125 0.08515625
8 0.6265625 0.13125 0.06875 0.0890625
8 0.7296875 0.34765625 0.0515625 0.0546875
9 0.59921875 0.4546875 0.03671875 0.0453125
9 0.565625 0.47734375 0.02109375 0.0453125
9 0.59296875 0.371875 0.0453125 0.046875
9 0.79765625 0.4703125 0.03515625 0.03828125
9 0.69296875 0.26875 0.03671875 0.04296875
9 0.98359375 0.1515625 0.0328125 0.08984375
0 0.90234375 0.33359375 0.0546875 0.11015625
0 0.81796875 0.42734375 0.0390625 0.04921875
0 0.71328125 0.40703125 0.06171875 0.07265625
0 0.115625 0.8890625 0.06640625 0.10234375
0 0.22109375 0.70078125 0.06171875 0.03984375
0 0.23203125 0.65234375 0.04921875 0.0484375
0 0.28828125 0.628125 0.03359375 0.03359375
9 0.26953125 0.58671875 0.03984375 0.03984375
9 0.275 0.69609375 0.02265625 0.02578125
9 0.2578125 0.7296875 0.02890625 0.02734375
1 0.140625 0.61328125 0.0296875 0.040625
1 0.15703125 0.66171875 0.0265625 0.03125
1 0.175 0.62109375 0.03359375 0.03359375
1 0.2015625 0.59921875 0.0234375 0.021875
1 0.15 0.5640625 0.0171875 0.025
1 0.11875 0.56875 0.0234375 0.021875
1 0.19921875 0.7390625 0.02890625 0.03125
6 0.39296875 0.57578125 0.05546875 0.0484375
6 0.33515625 0.5703125 0.0625 0.0359375
8 0.1796875 0.8328125 0.03984375 0.03828125
1 0.1765625 0.54296875 0.0171875 0.01640625
1 0.20625 0.58125 0.015625 0.01875
1 0.20703125 0.546875 0.0171875 0.02109375
1 0.23671875 0.58984375 0.0171875 0.01875
1 0.17109375 0.68515625 0.02109375 0.02109375
1 0.1890625 0.67109375 0.03515625 0.03359375
1 0.17265625 0.64921875 0.0171875 0.01953125
1 0.23671875 0.61875 0.01875 0.01875
8 0.93203125 0.7875 0.084375 0.0984375
0 0.96015625 0.87890625 0.059375 0.0953125
0 0.8515625 0.83359375 0.071875 0.09375