8 0.2740882801916117 0.6922668232361596 0.06420634215265535 0.09426092068857236
8 0.0674587426523691 0.8406299452833437 0.03797803482570909 0.06995040145127902
9 0.25504386759456865 0.2967831976455965 0.10351450361804462 0.10031251324684387
8 0.15161340965636697 0.041417401725355914 0.04521068068726608 0.08283480345071183
8 0.20575867706922146 0.006046614157817794 0.03223264586155707 0.012093228315635588
8 0.42397641056087815 0.012669864431894879 0.06610967887824373 0.025339728863789757
8 0.34762195047496985 0.024657715701763856 0.03600609905006032 0.04931543140352771
8 0.4002567910457455 0.39776780037066894 0.06363313206674714 0.08332342068857254
0 0.60139324513876 0.32445924202581566 0.06461577792830404 0.10207342068857254
0 0.27416676108127647 0.12533478358044597 0.05335072930778519 0.09544147477225655
0 0.2276304392821517 0.5371453028177396 0.06191350180902235 0.05051092068857255
0 0.4474637409548885 0.226118489663563 0.06905097241038013 0.12718254809323426
7 0.7158872715967262 0.04536825862677957 0.10779256784239592 0.09073651725355913
7 0.7766765281554467 0.2980628892159253 0.06782266508343379 0.10374504809323426
7 0.7691738873822723 0.3965822347694215 0.10154256784239593 0.0924454495445131
7 0.7437079771600785 0.15338779547652748 0.0385578889641522 0.0512549651536097
7 0.6956046698331322 0.17846220654645317 0.041266809135968606 0.07318452885594055
7 0.8666630410457454 0.3814805352249085 0.05219766508343397 0.1031994110699257
7 0.9007624813439499 0.2516194204341185 0.03814180913596843 0.07307540145127885