0 0.228125 0.415625 0.125 0.128125
0 0.1625 0.171875 0.12734375 0.11015625
0 0.3390625 0.22109375 0.115625 0.1390625
9 0.3140625 0.34375 0.10703125 0.13046875
9 0.08828125 0.42578125 0.0984375 0.10859375
8 0.28125 0.0546875 0.06484375 0.0875
8 0.42890625 0.32890625 0.11796875 0.1390625
8 0.546875 0.29140625 0.04453125 0.1875
8 0.18125 0.21328125 0.1703125 0.20859375
0 0.43984375 0.09453125 0.25859375 0.1890625
9 0.146875 0.44375 0.0859375 0.07265625
9 0.8140625 0.06640625 0.053125 0.0609375
9 0.64140625 0.103125 0.06875 0.0859375
9 0.7375 0.1171875 0.046875 0.05703125
4 0.63203125 0.18046875 0.07734375 0.08203125
1 0.70703125 0.296875 0.08359375 0.09140625
1 0.7234375 0.2046875 0.0796875 0.06640625
1 0.6484375 0.01171875 0.053125 0.0234375
9 0.93828125 0.34375 0.06640625 0.06796875
8 0.17890625 0.884375 0.09921875 0.090625
8 0.26796875 0.6203125 0.115625 0.090625
8 0.11796875 0.6453125 0.0703125 0.05390625
1 0.384375 0.73125 0.05390625 0.04453125
1 0.2328125 0.75078125 0.0296875 0.028125
1 0.1953125 0.7578125 0.0390625 0.03203125
1 0.43046875 0.88671875 0.04296875 0.0375
1 0.38828125 0.953125 0.034375 0.028125
8 0.68125 0.8703125 0.0390625 0.09296875
0 0.7296875 0.63359375 0.0578125 0.07890625
0 0.6890625 0.5921875 0.046875 0.0640625