9 0.29453125 0.2703125 0.06640625 0.07265625
9 0.0859375 0.16015625 0.0859375 0.1046875
9 0.17734375 0.25625 0.05859375 0.06796875
4 0.03515625 0.2296875 0.0703125 0.09765625
1 0.03671875 0.409375 0.0734375 0.109375
1 0.1015625 0.33125 0.10390625 0.0765625
1 0.16953125 0.059375 0.06640625 0.06796875
8 0.465625 0.4359375 0.1171875 0.06796875
8 0.9375 0.2 0.115625 0.11640625
9 0.7296875 0.24375 0.09140625 0.0890625
0 0.93203125 0.3828125 0.10390625 0.16875
0 0.8359375 0.42265625 0.09765625 0.09375
0 0.75390625 0.42421875 0.05859375 0.090625
0 0.6796875 0.41875 0.0703125 0.10078125
9 0.02578125 0.7984375 0.0515625 0.134375
8 0.13671875 0.84609375 0.084375 0.09921875
8 0.1875 0.9453125 0.10078125 0.109375
0 0.71796875 0.74375 0.1125 0.09375
0 0.7 0.91875 0.10390625 0.0921875
0 0.5890625 0.71796875 0.1109375 0.090625
0 0.76953125 0.9921875 0.10625 0.015625
0 0.8375 0.89453125 0.08125 0.075
0 0.51640625 0.7890625 0.09609375 0.08671875
0 0.46953125 0.62109375 0.08984375 0.1234375
0 0.67109375 0.52734375 0.16640625 0.11484375