9 0.8057812678801817 0.47179631205336625 0.03610263605166182 0.059574987899751616
8 0.6807201172470434 0.22735998994285503 0.039091243731793665 0.05490566861791084
8 0.8850846714828208 0.3785235559050461 0.035920779625171304 0.05332498789975162
8 0.8669257048689156 0.3987269715960907 0.03573892319868044 0.04707498789975162
8 0.7300909460934271 0.4744804296380047 0.041852530878812466 0.04242384933607006
8 0.7967088301000249 0.24053267651474677 0.026182066772189573 0.040770445745273866
8 0.6806088054894186 0.1429986254814745 0.04198892319868044 0.047111349336070064
8 0.6030748388755135 0.1628566075274936 0.027653638558944316 0.03765453610435347
1 0.1798994148189032 0.27678118949875796 0.12895537727617326 0.13666472872636942
4 0.7543494293338726 0.930099880510047 0.10105769780928657 0.13980023897990607
9 0.7809142778428045 0.852055983794535 0.04561402837152997 0.06431703005422947
0 0.8882577649106806 0.8097190137505684 0.06330163354437915 0.08160452400410492
0 0.22846522776366224 0.8183783370394299 0.38069503668480015 0.305288505460949