8 0.33671875 0.1546875 0.1734375 0.21015625
4 0.2515625 0.1109375 0.075 0.11875
0 0.13671875 0.22109375 0.0796875 0.11875
0 0.20703125 0.3515625 0.08046875 0.1421875
0 0.14609375 0.37421875 0.06875 0.1
0 0.3390625 0.3234375 0.08359375 0.10625
0 0.67421875 0.334375 0.075 0.11640625
0 0.65625 0.17265625 0.053125 0.084375
8 0.83984375 0.30546875 0.05859375 0.078125
8 0.95625 0.31015625 0.06015625 0.07265625
8 0.690625 0.1453125 0.03125 0.040625
8 0.73203125 0.07734375 0.05625 0.04375
8 0.7625 0.346875 0.0578125 0.0609375
8 0.79453125 0.28359375 0.03828125 0.05390625
8 0.84375 0.22109375 0.0671875 0.09140625
8 0.72734375 0.271875 0.0765625 0.1
0 0.89296875 0.34609375 0.0546875 0.07109375
0 0.88515625 0.29609375 0.046875 0.0640625
8 0.2421875 0.63203125 0.08046875 0.0984375
8 0.4390625 0.77734375 0.0765625 0.11484375
8 0.371875 0.89765625 0.05859375 0.08984375
8 0.36015625 0.49921875 0.05625 0.0640625
8 0.36015625 0.66484375 0.046875 0.07421875
8 0.38125 0.74609375 0.03984375 0.0625
9 0.20703125 0.49609375 0.053125 0.0640625
8 0.7640625 0.88828125 0.025 0.05390625
8 0.9125 0.70625 0.02734375 0.05390625
8 0.82578125 0.878125 0.0203125 0.0453125
8 0.80546875 0.8671875 0.01640625 0.0390625
8 0.77734375 0.78203125 0.0234375 0.0421875
8 0.809375 0.68359375 0.0203125 0.0421875
8 0.7703125 0.69453125 0.0234375 0.0453125
8 0.85703125 0.8359375 0.021875 0.0453125
8 0.8234375 0.828125 0.0234375 0.04375
8 0.79609375 0.796875 0.025 0.0640625
8 0.80078125 0.72734375 0.02578125 0.04921875
8 0.83203125 0.621875 0.02578125 0.05234375
8 0.84375 0.81796875 0.021875 0.05234375
8 0.8390625 0.90546875 0.02734375 0.0578125
8 0.77421875 0.73046875 0.0203125 0.0453125
8 0.80625 0.60859375 0.025 0.0578125
8 0.88359375 0.64609375 0.01953125 0.0390625
8 0.865625 0.6734375 0.01640625 0.0390625
8 0.8453125 0.68515625 0.021875 0.04921875
8 0.9609375 0.6234375 0.021875 0.05234375
8 0.94140625 0.69140625 0.021875 0.04921875
8 0.9203125 0.65625 0.01796875 0.0390625
8 0.90859375 0.67578125 0.0203125 0.0453125
8 0.76015625 0.75078125 0.0203125 0.04921875
8 0.75 0.7203125 0.01796875 0.0375
8 0.80625 0.76953125 0.02578125 0.05234375