7 0.45444400108015454 0.6945949866169461 0.05968407220870695 0.0555443458553869
7 0.5251286849215717 0.7620106382901013 0.06592498184962743 0.05423651384016441
7 0.5066650312325797 0.7135558922444339 0.05339771077238851 0.04903967787060921
7 0.370223537184508 0.6714705044114433 0.0690318011314682 0.05123884783255317
7 0.31212469087350003 0.7230449332706357 0.05341589149054773 0.05216467787060921
7 0.5477263684684013 0.6369005503433798 0.04396816861791084 0.03928267589344294
7 0.5764730163036609 0.7974096274156863 0.07530907220870695 0.05618101581733086
7 0.32632809143923414 0.6982531803048863 0.05178066861791084 0.03960101087441501
7 0.19416957641211946 0.7255080414833122 0.07529089149054777 0.05305601581733086
7 0.20020140779420864 0.7627533734985347 0.07531816256778665 0.05774351581733086
7 0.3070872120489348 0.7833921842592189 0.11606133723582168 0.07971135771838504
7 0.375383214975801 0.7243726699247629 0.0941136143631847 0.0663200197716634
7 0.41395081128680894 0.6735940785180002 0.0721658914905479 0.052928681824942106
7 0.5019315585563344 0.8559025597349199 0.04396816861791084 0.03928267589344294
8 0.8377928322658519 0.5868090725493202 0.03157725292686635 0.05752333992388792
8 0.739227025477043 0.8813814263133726 0.028434072208706952 0.05427100593149916
8 0.9095167995793441 0.8783479737281837 0.03468407220870695 0.054525673916276676
4 0.7872509141389206 0.9505014994313463 0.03926248789975162 0.03596667490485998
0 0.7547621636479411 0.627683423347623 0.044204517953980726 0.07990767589344294
0 0.8504190555312723 0.8331110695835708 0.0628454336450254 0.061921679847775836
9 0.04229606342810829 0.11387415760465425 0.04242384933607006 0.04234400889724856
9 0.5821847443426593 0.21840787692139477 0.040788626463433175 0.029780341901054184
9 0.304255187062871 0.19614685224399647 0.0532977168225127 0.0318521778706093
9 0.31680570491865606 0.052700599772538534 0.057985216822512696 0.03204317885919248
9 0.40506370814010995 0.1873528309894582 0.05804884933607006 0.042980678859192475
0 0.35555458753040925 0.10501517486767872 0.09709316861791084 0.041447353764052244
8 0.19182336475596817 0.18901212596999264 0.059574987899751616 0.03679434585538686
9 0.7937807744950844 0.2308747489370547 0.07731699980360833 0.13280718281352524
9 0.7444625514260558 0.11572459281527525 0.030469270880847076 0.13558467292769344