8 0.4293170224325282 0.7176899525111348 0.05779577962517113 0.056072937584671044
1 0.1718478517411302 0.6623285023748492 0.033858174452321685 0.0376571302577247
1 0.32691944813849105 0.7480945047496984 0.0577503155185485 0.05451043758467122
1 0.425770822115959 0.5958149525111347 0.04180706677218975 0.04275406603337366
1 0.4742992503292044 0.5964014507021125 0.05283549498543501 0.04645227611928178
1 0.299415259104693 0.52888748134395 0.05550585391920828 0.03099105042954129
1 0.35492947321131574 0.5275429873368438 0.05086381802583091 0.032307888964152195
0 0.32237275666391757 0.08091032677596574 0.11205738229073817 0.09791960085908262
0 0.06981605799670108 0.11370729590698554 0.10184730799670108 0.12234639077317437
9 0.13985943652651558 0.23522709181397108 0.0872392387172289 0.10285940637700666
9 0.7900078522033487 0.3138258095902538 0.062011918184115625 0.09373671189493056
9 0.8779946193586146 0.027436766735486007 0.09348923871722903 0.054873533470972014
4 0.9487630750854599 0.23039143261188935 0.08588733887551356 0.16363313206674715
4 0.7712792695960413 0.10041840683129184 0.07404055674305994 0.13180992198083885