0 0.3671875 0.6502075156162899 0.103125 0.13497496369925485
0 0.14609375 0.7194625514260558 0.096875 0.10525110226293641
9 0.95234375 0.973365676140973 0.059375 0.042532933645025396
9 0.97734375 0.6763452303956992 0.0390625 0.05178975897699036
0 0.896875 0.9471258838882994 0.14375 0.09614881303532492
0 0.91015625 0.8868923658361227 0.128125 0.10699540944452864
8 0.3484375 0.18859784992524525 0.1609375 0.06656130698520064
8 0.46171875 0.17856379889197296 0.115625 0.04754768657189175
8 0.303125 0.15292397033855415 0.1125 0.04440450585373248
8 0.2578125 0.08053134075186308 0.084375 0.03330337939029935
8 0.1421875 0.09839152732375478 0.121875 0.04289654800821019
8 0.06875 0.1246000242004968 0.115625 0.04129768657189174
8 0.03046875 0.12247898799794746 0.0609375 0.042542024004105096
8 0.0578125 0.17075740671405415 0.115625 0.0428601865718917
8 0.171875 0.15993756050124203 0.0875 0.03957156010845857
8 0.11953125 0.2532108375304093 0.1 0.04276928298109546
8 0.17734375 0.1958432442444634 0.1421875 0.05082722267624522
8 0.6328125 0.12834965457275482 0.06875 0.0707124757995032