8 0.6333631412402927 0.9614221994586394 0.1610114123370204 0.07715560108272115
0 0.6235201314977646 0.6403334272888086 0.10955800649282174 0.10313702335696498
0 0.5773370580415399 0.8680121464099961 0.04544095941492117 0.098147994985435
0 0.8443451002481765 0.7069455804292293 0.11128414772652384 0.1125574874635877
0 0.687062659907979 0.8063281518202725 0.08639324188232518 0.11808006175762457
0 0.19128078125617867 0.9083677441275053 0.18682961850553062 0.14598976458147633
0 0.14538367451847561 0.8061998388755136 0.17233074188232517 0.12058058762187222
0 0.03303504789197487 0.766761602665567 0.06607009578394973 0.15227320533113406
0 0.36710253612414734 0.5976983317493775 0.0927056972400564 0.03236988229073816
4 0.33337459821958176 0.7835305316702352 0.13612050649282176 0.10390991316955063
0 0.7798282272751239 0.3728684456312086 0.08392280681713338 0.1554891335443794
9 0.577916899758414 0.29742686177026006 0.026254582791715643 0.07260242570596294
9 0.5823198019491647 0.17952630793019408 0.030914809252765352 0.07117631802583091
1 0.7758652504070371 0.19688260715140654 0.034230724025417734 0.08220474623907634
9 0.4752146396121443 0.27020748073316314 0.1084318831160271 0.12809155925034227
9 0.12803390219404595 0.3671911631695505 0.0800341477265238 0.11164820533113406
9 0.12026053815274222 0.49906328879637113 0.0768273271096728 0.10686977711788863
0 0.18163973782513537 0.0725068004748537 0.12422052434972923 0.13792120031656913
0 0.04848059009861158 0.4640003155185484 0.09696118019722316 0.22175063103709683
0 0.3040236578760888 0.4051411072179135 0.11862508928453738 0.1752393438900784
0 0.2666226639618735 0.12969482633910118 0.10848643019392785 0.13121655925034234
0 0.4116373348236058 0.3301076664682559 0.10056483603812652 0.12473923871722885
0 0.47156530844198646 0.07625289225336104 0.10492505357072232 0.10612563103709693
0 0.3496110730557783 0.5698317445232167 0.06293637662320543 0.026818564264907252
0 0.18496574066780447 0.3297653710079671 0.07841710064862309 0.10847774122451134