8 0.315625 0.06640625 0.0671875 0.0984375
8 0.1484375 0.51953125 0.08046875 0.06015625
1 0.7296875 0.41875 0.04375 0.0421875
1 0.7484375 0.24296875 0.04765625 0.04375
0 0.68515625 0.15234375 0.065625 0.059375
8 0.8453125 0.44765625 0.059375 0.06875
8 0.690625 0.4609375 0.04296875 0.05234375
8 0.6921875 0.38671875 0.05 0.04375
0 0.5890625 0.06015625 0.03671875 0.03828125
0 0.56171875 0.121875 0.0484375 0.0578125
0 0.678125 0.10234375 0.05703125 0.05625
8 0.1828125 0.63515625 0.08984375 0.1109375
8 0.2890625 0.9640625 0.08671875 0.071875
8 0.253125 0.70859375 0.065625 0.084375
8 0.146875 0.9625 0.146875 0.07421875
8 0.6109375 0.565625 0.05625 0.03125
8 0.5359375 0.67109375 0.04140625 0.05078125
8 0.4671875 0.915625 0.06328125 0.06015625