1 0.51875 0.2171875 0.140625 0.1890625
1 0.2 0.10859375 0.39375 0.21640625
1 0.24765625 0.28515625 0.21640625 0.12734375
1 0.42578125 0.29296875 0.15625 0.1109375
1 0.57109375 0.2109375 0.0359375 0.13046875
1 0.45546875 0.128125 0.24765625 0.2484375
4 0.8609375 0.24375 0.278125 0.209375
1 0.7234375 0.23359375 0.1609375 0.23046875
8 0.1390625 0.7625 0.1453125 0.13359375
0 0.26796875 0.46796875 0.21171875 0.2390625
0 0.38671875 0.6625 0.1171875 0.1515625
9 0.8234375 0.68125 0.08046875 0.08203125
9 0.73984375 0.6921875 0.05390625 0.0515625
9 0.74609375 0.63671875 0.04453125 0.03359375
9 0.77265625 0.59921875 0.0296875 0.0375
9 0.8109375 0.6 0.05078125 0.0453125
9 0.871875 0.5859375 0.03984375 0.0484375
9 0.97734375 0.37265625 0.04453125 0.0484375
9 0.85234375 0.37109375 0.04765625 0.0453125
9 0.77109375 0.36953125 0.04609375 0.0421875
9 0.88203125 0.74921875 0.05859375 0.06328125
9 0.84296875 0.8125 0.06953125 0.07265625