8 0.5503085738983258 0.15794635382138075 0.15746081050398358 0.10071430653075475
8 0.40937368533938134 0.20032980517999235 0.1027733105039836 0.09880457694917481
8 0.7768971883088822 0.5246526710670907 0.07833560015828453 0.06361112141421188
8 0.7707260931651625 0.6294492984717523 0.10494356426490725 0.06610120435383635
8 0.4427612513866553 0.9304513255984123 0.08435827962517131 0.05601687622353566
8 0.5275514400247419 0.859590699374877 0.080960494985435 0.04653274881887341
8 0.473859453352577 0.6663516200634495 0.09842077962517112 0.05650794954451292
8 0.6867649671426306 0.7791070472906261 0.07521060015828454 0.06350199400955017
9 0.6081194784254016 0.8801908868536724 0.08150606426490725 0.06528274881887342
8 0.006691960378952487 0.4339384903813531 0.013383920757904974 0.0711855192372937
8 0.030901833267381433 0.07778769410221745 0.061803666534762866 0.05843254809323424
9 0.27057326128277104 0.08888885209210023 0.07819920783841657 0.058923621414211945
9 0.24869093494366995 0.3581299254130779 0.05122753087881238 0.043933538474587405
0 0.13523515485628038 0.09985861234371926 0.06413670783841652 0.05843254809323421
0 0.005692407363562829 0.29420386778601487 0.011384814727125658 0.08346726442797028
0 0.06781300798406581 0.3784945330322918 0.061011707838416515 0.05832342068857255
8 0.16887512199891092 0.901773287208643 0.051000210345698974 0.036121038474587405
8 0.1496801557807172 0.7299627745947712 0.050909282132453625 0.03299603847458741
4 0.23939822215719547 0.8384349843060853 0.051045674452321686 0.03768353847458741
0 0.11112010946249859 0.7945262715995464 0.051727636051661904 0.06112103847458741