9 0.5286270532727675 0.6203831393492484 0.06577953610435347 0.026944295081343838
8 0.47045250155212415 0.9613581181738138 0.08791815651766247 0.07238406010845858
8 0.1970059111930445 0.9613864310127468 0.08168633723582164 0.07547269867214013
8 0.1751525953290493 0.6966608556807818 0.06295451795398091 0.0784886143631848
0 0.41537307435000625 0.6257296903825207 0.08145907825883114 0.036410198672140126
0 0.9658396652000653 0.6537662484478759 0.06832066959986953 0.09729315651766246
9 0.9289254724798536 0.2664798718862469 0.06607951795398108 0.07850679508134392
8 0.9082039063212708 0.19628554655428193 0.050345433645025396 0.059665891490547726
8 0.8364566922292326 0.35295824825148414 0.10387949980360815 0.13028746369925476
0 0.7924844993126289 0.44931107348525323 0.08175906010845857 0.08797269867214012
8 0.7666527314568439 0.3064877692305271 0.09135222872636958 0.1255272408266178
8 0.8638453731437835 0.22623212178805102 0.06925906010845857 0.08789997579950315