9 0.49375 0.02265625 0.0609375 0.04453125
9 0.503125 0.18828125 0.05078125 0.103125
9 0.47265625 0.28671875 0.0640625 0.11015625
9 0.23359375 0.2171875 0.0921875 0.134375
9 0.36640625 0.37890625 0.07421875 0.078125
4 0.20078125 0.5 0.059375 0.06484375
9 0.36953125 0.46953125 0.08046875 0.103125
9 0.98046875 0.27265625 0.0390625 0.0890625
0 0.6609375 0.52109375 0.04609375 0.1140625
0 0.740625 0.47734375 0.0921875 0.08046875
0 0.69765625 0.40703125 0.07578125 0.0765625
6 0.95390625 0.0328125 0.0625 0.06484375
0 0.55234375 0.34453125 0.04765625 0.1234375
0 0.8125 0.13984375 0.084375 0.190625
0 0.7296875 0.246875 0.1765625 0.18359375
8 0.7390625 0.35234375 0.028125 0.0515625
8 0.75625 0.0640625 0.04296875 0.07421875
8 0.6078125 0.40546875 0.05234375 0.071875
8 0.165625 0.76484375 0.0859375 0.134375
9 0.64453125 0.95625 0.0921875 0.0875
9 0.77578125 0.81171875 0.0625 0.08984375