8 0.5308334967012948 0.2608473863129349 0.1690348079967011 0.1239362015966055
9 0.27927465987084527 0.13688194019071792 0.10884145407749282 0.0933918557412186
9 0.48092076174498943 0.39397556270066947 0.1528187746106063 0.10298703163466164
0 0.28882156063699754 0.8278597672630245 0.09969377461060631 0.1008223537640525
0 0.4161258582088574 0.770390824069376 0.12883570533113406 0.08328202669174552
0 0.4261480643979213 0.8550377380998209 0.13793792069139793 0.07428902866891214
0 0.7682650197290553 0.7630651664275406 0.12378449247815268 0.07059102570316256
0 0.26168972545590075 0.5535110246773983 0.10646060015828454 0.06520318874502422
0 0.6074304712992656 0.6588127010279518 0.12043217194503911 0.0626511917107738
0 0.5528292024946472 0.4971695468833387 0.12414820533113406 0.08309102570316255
0 0.35245975877548863 0.06211009186387313 0.11771634890464329 0.07658635771838496
0 0.31915523297774817 0.6167166788220115 0.11413670783841656 0.06083402372599629
0 0.23692906934597918 0.4390320306088974 0.13343227711788871 0.08034802768032882