8 0.44020379968343093 0.11929333802138857 0.051909492478152686 0.06591589149054777
8 0.4331020050145649 0.04122288017586627 0.07043217194503928 0.05821247579950317
8 0.23208977131190095 0.1845557654198981 0.08619356426490725 0.06299087939029935
8 0.2968964173926927 0.2122989703385542 0.06823317445232169 0.036328385440423536
8 0.4012716803248164 0.1687302566392994 0.07296613855894432 0.037918156517662414
8 0.20992160312778543 0.27529439490839336 0.04980142319868044 0.04715680113146821
8 0.007923671351472088 0.36632898194782326 0.015847342702944175 0.05014544574527395
8 0.15183396997911744 0.20455062373295857 0.0800344924781526 0.0660795179539809
0 0.434845046780437 0.2497711783804682 0.054670779625171126 0.05343407220870704
0 0.042965086830449424 0.3145619488685319 0.08593017366089885 0.09271474082661779
0 0.11795541198241635 0.3219153857350111 0.1406824874635877 0.1101749515990063
0 0.28065164027480394 0.28738078357027075 0.1284552721033238 0.11947722872636941
1 0.6962081633025645 0.797376389643836 0.05963106426490725 0.06283634328594587
1 0.7560187354850306 0.6478349318965095 0.04180706677218975 0.040861349336070066
1 0.8041176031942925 0.739726995226422 0.03041492570596276 0.025172716822512698
1 0.7422995647936327 0.7166531095896067 0.06835284639736088 0.09413179508134384
1 0.7895382776466141 0.7038803988172182 0.05444345909205772 0.045621572208706954
1 0.7129938126820616 0.5426343474893583 0.048238923198680436 0.04714771077238851
1 0.9071386177757688 0.554783847783946 0.035466138558944496 0.03769998789975162
1 0.6589869596207831 0.7343223986208265 0.04493206677218975 0.040879530054229285
1 0.8748021762346884 0.7533758838882993 0.04185253087881265 0.04242384933607006
1 0.704547163698276 0.645009913746137 0.06685253087881246 0.04256929508134384
1 0.7352265138565606 0.583904242103164 0.03225021034569906 0.034556807181592396
8 0.5347575009244367 0.6280320128858154 0.0671707796251713 0.05350679508134384
8 0.5025634633817069 0.7680393893492484 0.04484113855894449 0.03775453005422946
8 0.6027549946562306 0.5729581726249316 0.0407446719450391 0.05803975897699054
8 0.8071229312492532 0.7975122241491832 0.04998327962517131 0.05340680113146803
0 0.6002113531942925 0.7409132870863122 0.04869356426490725 0.06277271077238851