0 0.9046606319015066 0.3254343767902216 0.05377165665497756 0.12716248400699967
0 0.7366897021113205 0.14453727076699538 0.08612050649282174 0.100981792011454
0 0.9863663737838315 0.21073662480103925 0.021757997564368026 0.0830488573360908
9 0.9860236801972231 0.36467014680135745 0.017152318181219074 0.08768181333545444
9 0.6167920336852201 0.029837876750450687 0.05232615909060954 0.044349984006999674
9 0.598694824270299 0.12652197274822352 0.04220686525911965 0.09109771467218156
8 0.7751539586041422 0.044964532105313336 0.04812958279171564 0.07242044000636334
8 0.7046369070620147 0.05586512209576833 0.06413641233702042 0.09447725334181781
9 0.18500269683631465 0.27955278202577155 0.049337526785361206 0.05212612133990877
9 0.28801860268051327 0.2870027500397709 0.06340002678536125 0.052289753341817756
9 0.38984197565027073 0.13893851471990665 0.05095457386326192 0.05526930267345422
5 0.7356074797140512 0.9228077214353589 0.05783186525911965 0.09127952800763595
0 0.5982126197299371 0.8704174234165871 0.04538641233702041 0.09425907733927233
8 0.38076997524982426 0.9272743087205431 0.06326365909060953 0.04447725334181811
8 0.45890861201929933 0.9274021253978152 0.05405230032431163 0.053743165340544866
8 0.3340331172943052 0.7845140967138615 0.057122753246410876 0.050654528007635945
8 0.3005387788205467 0.8231947887094073 0.031959112012708776 0.040988626670908704
8 0.33528987987620684 0.8915817093809523 0.033576159090609535 0.0441318080044546
8 0.24607914976170928 0.7647368513685439 0.04736592370110611 0.028670440006363408
8 0.17294343303989224 0.6122925566915898 0.04769320616851021 0.047420440006363404
8 0.3200893940796664 0.7327788740451797 0.061755706168510206 0.047584072008272214
8 0.23637468750411914 0.6044351507001803 0.04445911201270878 0.041134077339272324
0 0.2521364606393276 0.9101493487030439 0.0506545649348082 0.03808180267345449
0 0.21986329748823302 0.6550345873647258 0.08840002678536116 0.052580654678545
0 0.20651781778077255 0.7033266366963622 0.10141822402541774 0.08241360534690845
0 0.2281416274405749 0.8075056066995441 0.11378185633066593 0.07474655601527189