9 0.32109375 0.45859375 0.07265625 0.15625
9 0.41484375 0.046875 0.06640625 0.09375
8 0.9 0.4796875 0.04609375 0.0734375
9 0.14921875 0.67890625 0.04140625 0.05703125
9 0.315625 0.6265625 0.0515625 0.084375
9 0.409375 0.6328125 0.0296875 0.0625
9 0.44921875 0.71015625 0.034375 0.04609375
9 0.2359375 0.69296875 0.0359375 0.05390625
4 0.3515625 0.703125 0.06328125 0.075
1 0.325 0.8640625 0.06796875 0.084375
1 0.278125 0.77578125 0.0703125 0.05078125
9 0.44453125 0.66953125 0.034375 0.05078125
0 0.6546875 0.90078125 0.0609375 0.03046875
0 0.61953125 0.7265625 0.0609375 0.04609375
9 0.8875 0.72890625 0.04609375 0.02890625
8 0.7046875 0.8734375 0.04921875 0.02578125
8 0.88515625 0.69375 0.03203125 0.02265625
8 0.978125 0.75390625 0.034375 0.03203125
8 0.79609375 0.75234375 0.06796875 0.05078125
0 0.9359375 0.85390625 0.0703125 0.04140625
0 0.7421875 0.7890625 0.05859375 0.03203125
0 0.6703125 0.74375 0.04375 0.02265625
8 0.74453125 0.71796875 0.07734375 0.04765625
8 0.84296875 0.7 0.04375 0.03515625
8 0.6390625 0.81875 0.0609375 0.04765625