8 0.2546875 0.2953125 0.10234375 0.0859375
8 0.29921875 0.5421875 0.0796875 0.0546875
0 0.04765625 0.025 0.0953125 0.04921875
0 0.11015625 0.1953125 0.13984375 0.13125
1 0.6640625 0.38125 0.128125 0.13359375
1 0.5859375 0.41796875 0.0796875 0.09140625
1 0.57109375 0.2140625 0.09296875 0.0984375
1 0.7984375 0.25546875 0.2109375 0.15703125
1 0.4953125 0.54375 0.05234375 0.05078125
1 0.51328125 0.40078125 0.08359375 0.09453125
8 0.5 0.115625 0.06171875 0.1296875
8 0.8640625 0.3390625 0.16640625 0.121875
8 0.3078125 0.83515625 0.09921875 0.0875
8 0.4921875 0.73984375 0.046875 0.09296875
8 0.99140625 0.8109375 0.0171875 0.075
8 0.7328125 0.96328125 0.16640625 0.07265625
0 0.48125 0.88515625 0.025 0.18984375
0 0.5734375 0.78203125 0.16640625 0.1296875