8 0.14609375 0.2984375 0.046875 0.05703125
8 0.1921875 0.35859375 0.05703125 0.03828125
8 0.046875 0.23984375 0.046875 0.08515625
1 0.01796875 0.04140625 0.0359375 0.053125
0 0.3671875 0.36328125 0.065625 0.0296875
8 0.5 0.21328125 0.05625 0.0359375
8 0.5984375 0.171875 0.04765625 0.02578125
8 0.609375 0.28203125 0.053125 0.0234375
8 0.64296875 0.26640625 0.04921875 0.02578125
8 0.76328125 0.17421875 0.03828125 0.03203125
8 0.7265625 0.18984375 0.0375 0.02109375
8 0.57734375 0.1 0.0453125 0.03359375
8 0.7453125 0.23984375 0.053125 0.03203125
8 0.68203125 0.271875 0.03359375 0.02578125
8 0.57890625 0.29375 0.03203125 0.02578125
8 0.62734375 0.075 0.0890625 0.06796875
8 0.58828125 0.26328125 0.0375 0.0234375
8 0.53828125 0.28359375 0.05625 0.03203125
8 0.6671875 0.221875 0.03359375 0.02109375
8 0.7046875 0.234375 0.02890625 0.0171875
1 0.17109375 0.8109375 0.03984375 0.1
1 0.23984375 0.7390625 0.03984375 0.0703125
4 0.6984375 0.64140625 0.07578125 0.13125
0 0.88984375 0.7609375 0.053125 0.12109375
9 0.93046875 0.875 0.05078125 0.09765625
8 0.6734375 0.80546875 0.04296875 0.06171875
8 0.7515625 0.903125 0.0546875 0.0828125
8 0.80390625 0.8453125 0.053125 0.08671875