9 0.718054183243186 0.6556172705681409 0.046421561346272 0.09583975867281787
9 0.889565556572277 0.684867323878142 0.03223179201145428 0.08473862667090906
9 0.608378643897232 0.7498496232495493 0.031959072008272214 0.06130112667090888
9 0.6206610152371408 0.7012757632479585 0.03190452800763595 0.05661362667090888
9 0.9000388852244141 0.7917622138765511 0.029052248010817648 0.08001476400381798
0 0.847071163271821 0.44320708255095986 0.05447041868236298 0.11624316534054505
0 0.9481860312301411 0.7490201832034151 0.06449994668999892 0.17260225334181775
0 0.8076610285646411 0.7420627532225051 0.04843859468490841 0.1349204400063634
0 0.809570615929367 0.5108218438892778 0.04643974267981754 0.09740225867281786
0 0.7527377185710045 0.6958331905633683 0.04324201734563573 0.09111589600572696
0 0.5428258218889597 0.8115416485916853 0.06057496801399935 0.10381589067472703
0 0.7097433385980486 0.49714169923618634 0.04618520401018138 0.07552725867281787
0 0.6050252825430057 0.9037740545830948 0.035411336012090365 0.08946248933799979
0 0.797167329209142 0.905444000557005 0.025763616008908842 0.06591590133672724
0 0.8601416859086861 0.6625565192155054 0.03223179201145428 0.08473862667090888
9 0.2003490625795949 0.6389881326384559 0.054415874681726616 0.11155566534054503