8 0.8964016741993757 0.8400397495497742 0.04491376291777769 0.05229284034363317
8 0.8471296792333689 0.9075448320914911 0.05992182028847211 0.0936548247398008
8 0.9818848528672574 0.8102084073971187 0.03623029426548534 0.07120661465389233
1 0.8671271758148965 0.5904868068767204 0.03862739532659702 0.05040279172311415
1 0.9933201210096531 0.6084854551131265 0.013359757980693842 0.05303646879233561
0 0.6906790042714939 0.8735051040269013 0.06402743882958344 0.06890048620519025
0 0.8002917000349313 0.9451986403229485 0.07409211664125018 0.031973696291098364
9 0.4058669399669451 0.8360238726829513 0.07732752583555573 0.10393058344622794
8 0.8446604962002778 0.06211282338506374 0.07997974715020853 0.08378185775648758
8 0.7077644807170489 0.29690830450187117 0.06882404160312508 0.07383364767057934
8 0.7514976033422226 0.36110360131336783 0.09665940729444458 0.1299132293077852
8 0.7639268277910074 0.45822758480502446 0.08314111474138901 0.08550813206674697
8 0.6166336004924309 0.4479562273872212 0.0711502610179167 0.1067280348257091
8 0.5492967108654169 0.24341921359241123 0.079108231382639 0.11338747060135787
8 0.614867812689028 0.2712708966545265 0.06275587955902787 0.08131859905006031
8 0.6116849952503474 0.10091745307696165 0.05799564437666671 0.07794793758467104
1 0.1450651121759378 0.3514286239261467 0.06024912860909728 0.10771732473980081
1 0.38007458539045164 0.2655852199239893 0.0445877610179168 0.10533595318850324
1 0.2486791150257294 0.2662137409548885 0.04393314437666671 0.07721095318850332
1 0.22658786910979195 0.35888924185939963 0.047785496200277854 0.10862472749876276
1 0.07990962480937518 0.20700691655377193 0.06028549620027786 0.1092798247398008
1 0.2880851475107987 0.17810623134395004 0.044587761017916706 0.10533595318850328
1 0.09882719823197952 0.41486368215760416 0.03561149810013893 0.05492651741285446
7 0.12973235932614618 0.43201688263257393 0.026091027735416716 0.0481851944820761