8 0.28125 0.1140625 0.02890625 0.08359375
8 0.1890625 0.21796875 0.05625 0.07890625
8 0.4390625 0.31640625 0.02421875 0.09296875
8 0.47421875 0.30390625 0.04453125 0.1046875
1 0.32109375 0.47890625 0.02421875 0.06640625
0 0.25546875 0.51796875 0.06640625 0.0828125
0 0.2484375 0.43203125 0.059375 0.0875
8 0.6796875 0.48359375 0.0515625 0.065625
8 0.821875 0.1828125 0.03125 0.0546875
8 0.71015625 0.246875 0.040625 0.07890625
8 0.76484375 0.2078125 0.0453125 0.08515625
8 0.6296875 0.10703125 0.03828125 0.071875
9 0.8703125 0.33671875 0.03671875 0.07265625
0 0.7484375 0.3703125 0.05078125 0.06328125
0 0.7125 0.4140625 0.0453125 0.06015625
8 0.534375 0.9453125 0.071875 0.1
0 0.4609375 0.97265625 0.07265625 0.0546875
8 0.7921875 0.7875 0.03359375 0.03984375
8 0.94140625 0.765625 0.05625 0.05703125
8 0.93984375 0.62421875 0.04453125 0.06171875
8 0.80078125 0.609375 0.04453125 0.05546875
9 0.60390625 0.796875 0.05390625 0.07890625
9 0.7734375 0.65546875 0.03125 0.03828125
9 0.8421875 0.640625 0.02890625 0.03984375
9 0.71171875 0.76953125 0.0421875 0.05078125
9 0.63203125 0.84609375 0.03359375 0.0453125
9 0.69765625 0.7078125 0.0265625 0.0453125
9 0.646875 0.68359375 0.0265625 0.0453125
9 0.584375 0.61875 0.028125 0.0484375
9 0.85703125 0.8421875 0.02265625 0.0515625
9 0.6828125 0.9375 0.034375 0.0546875
9 0.8671875 0.7953125 0.03828125 0.034375
9 0.58828125 0.70625 0.02734375 0.03203125
9 0.62265625 0.70625 0.0234375 0.03203125
0 0.909375 0.65859375 0.0328125 0.0765625
0 0.88203125 0.69609375 0.03671875 0.09140625