9 0.2796875 0.25703125 0.05859375 0.07421875
9 0.19296875 0.18359375 0.0453125 0.06328125
8 0.21796875 0.62734375 0.03671875 0.0234375
1 0.165625 0.60859375 0.04375 0.05625
1 0.08671875 0.62265625 0.04140625 0.0328125
8 0.215625 0.5953125 0.046875 0.0453125
0 0.47109375 0.346875 0.07734375 0.146875
0 0.58125 0.44296875 0.10546875 0.09453125
8 0.640625 0.1078125 0.06484375 0.0875
8 0.58125 0.1578125 0.04375 0.0671875
9 0.06875 0.70859375 0.06875 0.07265625
0 0.165625 0.68984375 0.08203125 0.1015625
0 0.11015625 0.8890625 0.096875 0.11953125
4 0.62734375 0.825 0.2640625 0.35