0 0.10703125 0.3270174392393158 0.09375 0.09600751977166348
0 0.19765625 0.27211637501859054 0.1046875 0.08551568874502422
0 0.2078125 0.20143646049385405 0.071875 0.07324118182494202
0 0.16328125 0.06290320110231391 0.1109375 0.11233285672980178
8 0.16484375 0.5332793680985083 0.0875 0.08637785178688588
9 0.90859375 0.2893661082870387 0.13125 0.11159802768032882
9 0.765625 0.27494682813525184 0.0953125 0.08044618676785795
9 0.86953125 0.15652443338217886 0.075 0.06868101581733077
9 0.7640625 0.07644566113905744 0.0828125 0.06899935079830274
9 0.6515625 0.36951788741306124 0.08125 0.07987318380210837
8 0.57421875 0.5140226211014388 0.084375 0.10656301779449713
0 0.09140625 0.9596774182319233 0.153125 0.08064516353615332
8 0.84375 0.8507864279449715 0.078125 0.08287084980971962