9 0.15 0.2046875 0.0671875 0.10546875
1 0.18984375 0.4234375 0.07265625 0.1140625
1 0.2703125 0.50859375 0.06875 0.07890625
0 0.93203125 0.42421875 0.1359375 0.2515625
0 0.72109375 0.53984375 0.13671875 0.17890625
5 0.34140625 0.71796875 0.1046875 0.07734375
5 0.1765625 0.77265625 0.09375 0.06875
5 0.26875 0.81640625 0.0625 0.05546875
5 0.178125 0.96171875 0.0546875 0.0421875
9 0.52578125 0.715625 0.0671875 0.065625
5 0.21328125 0.70859375 0.11015625 0.0921875
5 0.0984375 0.6640625 0.0765625 0.0703125
0 0.42734375 0.79765625 0.12421875 0.121875
8 0.35390625 0.96875 0.0984375 0.0625
5 0.296875 0.85859375 0.07109375 0.05859375
1 0.8890625 0.75078125 0.0625 0.05
1 0.8875 0.80078125 0.05390625 0.04375
1 0.984375 0.8125 0.03125 0.05
1 0.58046875 0.90859375 0.04296875 0.0515625
1 0.71875 0.64140625 0.07109375 0.025
0 0.784375 0.6609375 0.096875 0.06484375
0 0.81796875 0.78984375 0.0546875 0.06875
0 0.85703125 0.85234375 0.0625 0.065625
0 0.88359375 0.9125 0.090625 0.08828125
0 0.92890625 0.85234375 0.0578125 0.071875
0 0.73984375 0.92265625 0.08203125 0.06484375
0 0.78671875 0.86640625 0.07734375 0.065625
0 0.625 0.95 0.05703125 0.05
0 0.62890625 0.8390625 0.06484375 0.05703125
0 0.67109375 0.771875 0.0578125 0.05