8 0.13125 0.52421875 0.07734375 0.09140625
8 0.24921875 0.28203125 0.05390625 0.0671875
8 0.3421875 0.3296875 0.040625 0.06015625
8 0.4421875 0.2375 0.04765625 0.07109375
8 0.375 0.34765625 0.0625 0.08671875
4 0.82890625 0.2953125 0.09296875 0.12109375
4 0.70703125 0.02265625 0.08125 0.04453125
4 0.60234375 0.18984375 0.1296875 0.1953125
8 0.68046875 0.384375 0.11484375 0.134375
9 0.30234375 0.87109375 0.071875 0.11953125
9 0.83515625 0.7234375 0.090625 0.12109375
9 0.64453125 0.959375 0.08671875 0.08125
0 0.62265625 0.8 0.08125 0.1015625
0 0.68046875 0.771875 0.0984375 0.13671875
0 0.73671875 0.9234375 0.1453125 0.153125
0 0.7375 0.65390625 0.18515625 0.1671875
0 0.5578125 0.934375 0.13671875 0.13125