8 0.8969243766166148 0.9772639092139146 0.08168637662320535 0.02594542934436319
8 0.8552867069759937 0.6511195798854599 0.07987050649282175 0.10090906667727229
0 0.798348734572134 0.8361945612269593 0.0704136858759707 0.09611247867599956
8 0.5194310275928448 0.6597160665977304 0.045331865259119655 0.09113407733927233
8 0.44300884942751184 0.6238791112746845 0.04906479139585791 0.036501121339908946
8 0.1419505044576363 0.9696392433163645 0.05723184740221221 0.05690452800763594
8 0.1680418514561067 0.7185034573122282 0.07351141233702041 0.0945863413430903
9 0.19831177840362374 0.7962921026416374 0.052707988635914305 0.06622498400699968
9 0.10052311484878733 0.7450755953214552 0.0511454886359143 0.06620680267345413
9 0.2622766412271115 0.9690205306333652 0.06973184740221221 0.05704997867599957
9 0.2962874025911972 0.9029864506285927 0.04812958279171564 0.07242044000636341
9 0.3750027378185448 0.8911307932845478 0.04812958279171564 0.07242044000636341
9 0.4887555462605312 0.8272944652689574 0.06707049756436803 0.08357611600890849
9 0.03853913229865773 0.9544329613303638 0.0448409415580136 0.06300907733927233
9 0.4556857219902322 0.9472347952737301 0.04473184740221221 0.056759077339272324
9 0.4054129866007289 0.9321915979471843 0.03998980032431163 0.053579533338636055
0 0.02232993100141149 0.7420784119987273 0.020768241882325157 0.11584317600254543
0 0.0406492828678506 0.8067221673297273 0.05547052434972923 0.13499316534054523
8 0.6094718262955986 0.4461251865850038 0.07175799756436803 0.08363066000954511
8 0.5534439687471167 0.414739373925867 0.03288641233702041 0.09411362667090888
8 0.7007166148520826 0.25674396590550436 0.06876936525911966 0.0914067973424542
8 0.7198990373353726 0.3260661305697317 0.04338753571381489 0.06924089600572696
8 0.6643678319776415 0.41266724924414044 0.045031856330665934 0.07394657733927232
8 0.7914643457773591 0.26272069855986857 0.05098184740221221 0.056831802673454224
8 0.9092170872559425 0.06990539521009657 0.05766822402541756 0.08190452800763603
8 0.7307665791382677 0.18763033923459543 0.07025004464226861 0.08673747867599957
8 0.851517635551659 0.03504842327738894 0.054434129869616044 0.07009684655477788
0 0.7372792264577545 0.47120590790104994 0.057450035713814886 0.06940452800763594
0 0.8513733595770769 0.11355594521805076 0.09560460064862326 0.10734088001272668
0 0.8480086262161685 0.1893917392186871 0.1198057597392328 0.15136360001590835
0 0.7934456314911741 0.3314616078930958 0.12745461850553053 0.14207950668363561