0 0.7379008167721898 0.079234793643678 0.2617391335443795 0.09484326775153881
0 0.5495108843358022 0.4141476249421995 0.035676738717229026 0.1001571302577247
0 0.5683638359060126 0.5259039964934971 0.0668812746106063 0.10023237336031983
9 0.898935537476223 0.65399685549318 0.10435253087881229 0.047592052238563554
0 0.6586371464099962 0.6258021771807631 0.12718227711788863 0.08155097241038015
0 0.7659997023616332 0.45513555235010533 0.185523626022532 0.15637390999505119
1 0.9219625458560003 0.9004425717991247 0.1560749082879994 0.19911485640175072
1 0.7463226660060374 0.7708081399802049 0.23638744404836293 0.1886817989592032
1 0.6132230095004044 0.7271699253717407 0.14609741316955063 0.14182673111680727
1 0.8068486405375014 0.8402851582975706 0.16659176959604133 0.1491412641334943
1 0.7903621710206024 0.7294328674789676 0.30975073620994653 0.13636238240543133
8 0.31547686513547235 0.41358330167273677 0.06386392319868044 0.05015048620519007
8 0.17701375870898164 0.4000862884437537 0.07310253087881238 0.04595430913596861
8 0.23498773159109293 0.32823894391624914 0.05403428213245363 0.034034163274411534
8 0.3158512866848001 0.31921582598299625 0.04148881802583091 0.03181656603337357
9 0.2264791789381612 0.7864675237444325 0.12147784639736088 0.09997342378986111
8 0.5332867715745984 0.9289161318396044 0.031369671945039104 0.05936835594746555
8 0.17058922862159207 0.661849304047586 0.10457985141192579 0.055404552238563554
8 0.44349919437756735 0.8189026447299034 0.11540970282385157 0.1058958751693421