9 0.7846746552075583 0.687574927519378 0.04368101581733086 0.07760336829088246
9 0.4486535835724593 0.7647217250184559 0.06204901384016459 0.06942992288667434
9 0.12281268927649687 0.49578526449796945 0.06373884783255321 0.0726550524363235
9 0.1966560489720482 0.6163795643133992 0.05098417984777566 0.06560401603912887
3 0.6596083992388783 0.2710463664451811 0.060104511862998145 0.0599547933370248
3 0.7329848908359213 0.22639639806201367 0.05340884288963732 0.04861677513842757
3 0.7275890780980708 0.3246534253599096 0.052037343878220454 0.053204145588778215
3 0.7041900232688857 0.461662072028422 0.043299013840164415 0.06822836829088227
3 0.38925874855430626 0.3643502876338122 0.07729201186299814 0.06105621838316742
3 0.37062415368750257 0.31071414790513013 0.07091467787060939 0.05753070018457009
3 0.4246006823564146 0.44354763186600116 0.05787084980971961 0.08162953423772627
3 0.46883350201434737 0.37569999537652154 0.038484179847775656 0.0648029796419344
3 0.6982025974126238 0.8145262561738631 0.1102318458553869 0.0662839389258032
3 0.7452632812147322 0.8929726287836821 0.058634853764052156 0.10037953423772628
3 0.348579351824067 0.4617352297988179 0.05541701186299815 0.05965440468807692