0 0.571875 0.171875 0.11328125 0.0875
0 0.7375 0.19140625 0.13984375 0.06875
0 0.803125 0.2421875 0.08671875 0.03515625
0 0.07109375 0.6515625 0.13984375 0.06875
0 0.13671875 0.71953125 0.08671875 0.0671875
0 0.1734375 0.878125 0.13125 0.10390625
8 0.84765625 0.4734375 0.09140625 0.10546875
8 0.65859375 0.79921875 0.11328125 0.09765625
8 0.828125 0.821875 0.06875 0.0578125
1 0.57578125 0.6046875 0.05078125 0.05078125
1 0.74296875 0.63359375 0.0265625 0.03515625
1 0.78671875 0.63984375 0.0375 0.03515625
1 0.58203125 0.375 0.0421875 0.04140625
1 0.65078125 0.3 0.03359375 0.02890625