1 0.23757827191739253 0.25278243589859206 0.041170470779006776 0.033142139784752264
1 0.31127487053742076 0.23451827936461683 0.048901150162155814 0.028818512820281583
1 0.4093362694817606 0.16203750372405365 0.03799092370110611 0.029871590570540542
1 0.36596809902706534 0.14220019272301765 0.025490923701106106 0.029289393713693723
1 0.2491487918028949 0.12656453825595695 0.06638865909060954 0.04680653349844599
1 0.29796812134819967 0.10243352543567538 0.0722022824674041 0.022097631926869442
1 0.0667999419650507 0.10851666728734229 0.04563978246740408 0.020860463606069857
1 0.21068058117015784 0.18377987882649754 0.045694329545304765 0.023985463606069856
1 0.2854078457806545 0.19591169768541636 0.028506829545304768 0.02318494292790545
1 0.14774597889668165 0.07742502502139062 0.0190772824674041 0.01962329528527027
1 0.18009087459461054 0.05796439557572055 0.0222022824674041 0.019768844499481998
1 0.1009022065755473 0.12254062593101342 0.02702615016215577 0.027799668320799588
1 0.4226135653418453 0.11692405686720679 0.03626478246740419 0.020423815963434722
1 0.47416242857237006 0.11530374483271348 0.02694432954530477 0.023112168320799587
1 0.41808179829571673 0.01877765529563022 0.04407728246740419 0.020787688998964004
8 0.37692496428618505 0.051138545080382514 0.04429547077900686 0.03328768899896399
8 0.5220738230524831 0.05374550661953777 0.033576159090609535 0.045278266749222994
0 0.7127612784102143 0.13073172994551732 0.1508296631477993 0.23340331306795056
0 0.8821755259745825 0.0495460620367479 0.08636596834337454 0.0990921240734958
9 0.5123310357171103 0.38830244313730244 0.0419341298696164 0.07689213978475226
8 0.20022117898270247 0.7829986288264975 0.06405459172016936 0.09197348428423435
8 0.38322241396516876 0.5847857990093239 0.0434966298696164 0.07696491439185812
4 0.42321439407966643 0.7086021346174658 0.0575591298696164 0.07761988585581073
0 0.41871998864250487 0.8766436592245717 0.06375458279171564 0.07478598428423418
0 0.3318257349890569 0.7565730618296055 0.10163641233702041 0.09840757485477489
0 0.4571860194850558 0.6406676178682428 0.0669341298696164 0.0780565334984459
0 0.453630371351495 0.5760421916895604 0.05388865909060954 0.046224336641598994
0 0.31396785349458745 0.6168941317219817 0.03236821509696393 0.06551799214211726
7 0.12155070820369566 0.8178873591817905 0.02584547970746054 0.04960189371369381
8 0.7689496339333968 0.6683001964470713 0.030887535713814883 0.07013271753501123
0 0.9146202386392096 0.37268798180754414 0.0341216298696164 0.07652826674922295
0 0.7712309285756653 0.5823263091435184 0.03957278896022594 0.12049659057054055
0 0.8453894030081202 0.6717654906988842 0.026554591720169184 0.09022689371369381
0 0.9029582155072962 0.5488694921466264 0.040644365259120005 0.0924443651776464
9 0.8214508912369973 0.4332316836267897 0.040426176947516976 0.0799443651776464
9 0.9589975300350673 0.33471279280858013 0.02948867694751698 0.07943494292790536
9 0.7151929829571667 0.3491906315170939 0.04500458279171564 0.073912688998964
0 0.9368071099874093 0.48796622539740336 0.05190914772652348 0.11170378742738744