8 0.2472386414418913 0.5672728693163095 0.11272263192686945 0.07378414772652384
8 0.44300490570991496 0.5777269484545772 0.08081766046291676 0.05917617694751698
1 0.3642442049241267 0.5732246347375851 0.03892125889134022 0.06468979139585791
1 0.3331975661728317 0.5179507536501526 0.05334763192686944 0.07274775324641088
1 0.22755764991894672 0.351910922076253 0.0747517510334573 0.09653980925276535
1 0.16208035318593436 0.31401940990138844 0.05229455417661044 0.08365797970746058
9 0.9646402729544761 0.3569578956913383 0.04262845574818712 0.07724433847375849
9 0.9422987001666158 0.26586924552918256 0.08307367328319834 0.10761367694751697
9 0.7553723966091779 0.09919243992986523 0.0561815334984459 0.06655230032431156
9 0.7093921166253885 0.02880207345292952 0.06715326674922295 0.03395798863591428
8 0.7187306135250167 0.31513503976770946 0.06130568114108108 0.0760091209411625
1 0.9563333132773476 0.4177999383050121 0.025620738213175544 0.047284103084255236
0 0.16110412655469517 0.805026239446693 0.08990587014004517 0.12022277110331814
8 0.049263406124199736 0.721757997564368 0.07104455417661044 0.0839852621748646
9 0.7202159150155399 0.6693549354656383 0.08903257485477489 0.1014727711033185
0 0.6322942299455173 0.7272435275928448 0.10363873035529281 0.07987050649282175