8 0.37578125 0.19765625 0.0875 0.0984375
9 0.2359375 0.325 0.07421875 0.02890625
0 0.24453125 0.03125 0.11171875 0.0625
0 0.346875 0.03203125 0.103125 0.06328125
0 0.4109375 0.04375 0.0171875 0.0875
0 0.65703125 0.30546875 0.10859375 0.06796875
0 0.8375 0.3203125 0.0875 0.0375
0 0.5984375 0.7125 0.1046875 0.0984375
0 0.71015625 0.6546875 0.11875 0.08671875
0 0.73046875 0.57578125 0.08046875 0.07734375
0 0.6921875 0.41953125 0.121875 0.11640625
9 0.89375 0.36015625 0.09296875 0.040625
8 0.64296875 0.9453125 0.1 0.0875