8 0.64375 0.075 0.0515625 0.10234375
8 0.596875 0.03359375 0.084375 0.0671875
8 0.3203125 0.01640625 0.0671875 0.03203125
8 0.2625 0.3890625 0.1015625 0.09609375
9 0.453125 0.3171875 0.08125 0.071875
0 0.24140625 0.221875 0.08125 0.14921875
0 0.32734375 0.1703125 0.0859375 0.0765625
0 0.4015625 0.14375 0.0421875 0.10859375
0 0.47421875 0.1453125 0.0546875 0.09921875
0 0.02421875 0.26796875 0.0484375 0.09296875
9 0.7125 0.24453125 0.053125 0.0546875
9 0.74453125 0.30390625 0.0640625 0.0640625
8 0.80703125 0.02890625 0.08125 0.0578125
8 0.7640625 0.20234375 0.0515625 0.05625
8 0.48984375 0.50703125 0.0796875 0.03671875
8 0.4 0.74296875 0.05625 0.0734375
8 0.10546875 0.9421875 0.084375 0.08515625
9 0.32734375 0.6765625 0.06875 0.04609375
9 0.3109375 0.728125 0.0515625 0.0515625
9 0.2796875 0.7546875 0.046875 0.04453125
8 0.45 0.55859375 0.0515625 0.053125
8 0.50078125 0.61015625 0.084375 0.0765625
8 0.3859375 0.81796875 0.1078125 0.09296875
8 0.38359375 0.54765625 0.0546875 0.059375
8 0.14140625 0.51171875 0.096875 0.04609375
8 0.29609375 0.82578125 0.0546875 0.059375
8 0.2578125 0.59921875 0.0703125 0.09296875
8 0.59609375 0.6609375 0.0703125 0.09609375
8 0.48125 0.77421875 0.05625 0.05625
9 0.91171875 0.5890625 0.0609375 0.0609375
9 0.78046875 0.65546875 0.059375 0.053125