9 0.83515625 0.32578125 0.05390625 0.08125
9 0.72890625 0.31953125 0.0671875 0.0828125
9 0.6453125 0.08828125 0.0546875 0.08359375
4 0.42109375 0.8375 0.09296875 0.12578125
8 0.334375 0.5828125 0.08203125 0.11875
0 0.3203125 0.6859375 0.065625 0.08125
8 0.7796875 0.8515625 0.0515625 0.05078125
8 0.82109375 0.82421875 0.065625 0.06640625
8 0.84921875 0.7734375 0.05390625 0.04921875
8 0.59765625 0.5484375 0.03515625 0.0484375
8 0.92890625 0.8953125 0.04375 0.06015625
8 0.81875 0.64609375 0.14453125 0.18671875
8 0.71953125 0.46875 0.0546875 0.06328125
8 0.72734375 0.69453125 0.040625 0.053125
8 0.62421875 0.57421875 0.04296875 0.05546875
8 0.9578125 0.765625 0.0609375 0.0703125
8 0.6671875 0.659375 0.03359375 0.0421875
8 0.8515625 0.9734375 0.06640625 0.053125