8 0.5851599131695506 0.11746235233636262 0.04497753087881229 0.0434604949854351
8 0.525793273356965 0.09260475633471317 0.04782974623907634 0.03417642319868044
8 0.9215964844940867 0.42043762199891094 0.07810827962517095 0.05535274122451135
8 0.7402889970304991 0.31624553015389656 0.05269910266556703 0.0405628155185485
8 0.7317537683424 0.13039895836714194 0.1333868130112661 0.07725648495630519
9 0.5683350921742187 0.42602501009563687 0.057477530878812286 0.04382420783841656
9 0.6713869181841154 0.07116636236549248 0.07351170783841639 0.058341348904643334
1 0.5666659774344579 0.18055338572245747 0.04148881802583091 0.030869566772189706
0 0.9409091506663916 0.036007246932403925 0.11818169866721676 0.07201449386480785
0 0.949191320928825 0.13267319754658927 0.08673913354437915 0.08370506175762475
0 0.6642349623907631 0.3090755393250966 0.13209709765100222 0.08658602084968256
8 0.889791521178887 0.7247446887711007 0.08854567445232178 0.03848348997087001
8 0.815993971495456 0.8488701620489234 0.07590928213245363 0.03343227711788863
8 0.4995051534696252 0.8283664115867049 0.05100021034569906 0.03582985141192587
8 0.6762722419494273 0.830260217538342 0.0727388180258309 0.03177884890464355
9 0.5660334239235963 0.8037552050019297 0.05706835391920819 0.029761707838416383
8 0.8211301008832004 0.8104070556224325 0.06345474623907635 0.03463106426490725
8 0.6702890149106808 0.78586535985821 0.104397994985435 0.046750631037097
1 0.03303042649738572 0.32900553840065977 0.04819345909205776 0.04667642319868044
1 0.03580007383181869 0.2898293781341031 0.05417067445232167 0.03748327962517113
0 0.3394685754146643 0.8908844466221524 0.13375052586424746 0.08975648495630537