9 0.09296875 0.315625 0.06328125 0.02578125
9 0.26171875 0.2046875 0.05859375 0.05
0 0.46953125 0.16484375 0.03984375 0.0609375
0 0.68125 0.05859375 0.06171875 0.01953125
0 0.73046875 0.0734375 0.05546875 0.02109375
9 0.965625 0.18515625 0.04609375 0.03046875
9 0.70703125 0.14296875 0.05234375 0.02265625
9 0.74765625 0.1875 0.04609375 0.02890625
8 0.86328125 0.1109375 0.06015625 0.03515625
8 0.80078125 0.18515625 0.05546875 0.03515625
8 0.70078125 0.11171875 0.05859375 0.02421875
0 0.0515625 0.79375 0.103125 0.1234375
8 0.90078125 0.84375 0.05859375 0.0703125
8 0.68515625 0.571875 0.03515625 0.0625
8 0.82421875 0.5859375 0.04453125 0.09140625
8 0.7546875 0.5703125 0.04921875 0.09609375
8 0.8921875 0.3796875 0.04296875 0.08203125
9 0.65703125 0.77578125 0.03984375 0.08203125
0 0.80234375 0.75 0.05859375 0.0671875
0 0.85078125 0.78046875 0.05234375 0.065625