0 0.3408401860809124 0.43393902881725144 0.13788179508134385 0.06802507142762995
0 0.38456343588452063 0.562876506496117 0.07871587334017516 0.10292617694751698
8 0.05153731244614964 0.5319670202925394 0.07845225292686624 0.05761367694751698
8 0.12239016793053978 0.489319824270299 0.05961134933607006 0.04166139448011297
0 0.42280728268650797 0.2871810312528834 0.08495678298109546 0.10147277110331832
0 0.3884590328828997 0.15807991234031568 0.10039997579950315 0.07049550649282174
8 0.5671037459929792 0.6471991392084024 0.10041815651766228 0.07362050649282174
8 0.9602543031745716 0.6715898441623919 0.03942611436318479 0.0631818384737585
8 0.8307895169720222 0.7121347978952702 0.09246930113146803 0.05004663879807012
9 0.7081418364502547 0.5814496339333967 0.07837953005422929 0.04511367694751698
9 0.8379884177341481 0.6065296802005185 0.0848022468767418 0.0749102711033185
9 0.5698731802271799 0.31742981859155145 0.0674783914905479 0.05117276217486459
8 0.9935050811856975 0.19126141599705898 0.012989837628605016 0.048682961850553055