8 0.8145767658644786 0.6781920759376845 0.08056032218833345 0.040282748818873594
9 0.820389048349548 0.7644023944493388 0.07442073138263901 0.11188493030721922
0 0.8945499809108673 0.9374430795658814 0.05003767401194459 0.07044147477225664
0 0.7350645717165617 0.9904886404198375 0.055705792553055564 0.019022719160324896
0 0.7774547063095826 0.8622024881887365 0.0598854526972918 0.0910813569862416
0 0.8626992624460061 0.9810206431409852 0.05308993882958361 0.03795871371802946
0 0.9190434474758675 0.8257069713985136 0.0629740851061115 0.0896279843909035
0 0.5032464076756942 0.3146900488110244 0.029797909194305562 0.07285714664195542
0 0.4826052929343053 0.39528528438305416 0.03292290919430556 0.07296627404661712
0 0.07270426928295111 0.33640378067003907 0.03582970364722229 0.06370040145127884
0 0.4854373925737148 0.5087575073412122 0.03470361474138883 0.0823958377489479
0 0.043886325419374615 0.46597222958157997 0.0484751740119445 0.0703869110699257
0 0.04728538877399273 0.3871205432839108 0.041643292553055586 0.04516865626060227
1 0.5329462125778467 0.6175347958157995 0.03899107123840277 0.06537202885594055
8 0.38853451671749994 0.06986364373154853 0.0363024823325695 0.08401290145127882
4 0.7395436643252079 0.5090303589699762 0.05981271751493065 0.0879563569862416
0 0.7854413118360067 0.3175075470817439 0.05152743882958326 0.0673710384745874
0 0.6507565341005901 0.3597173505324557 0.06119337955902786 0.08019842068857255
0 0.6457741741088536 0.5737798505324557 0.06137521751493065 0.08801092068857255
0 0.809727571335312 0.5841965392771955 0.08604790919430556 0.07482143992586607
0 0.6787568603729859 0.2316841197697494 0.09553331838861112 0.14696925843752046
0 0.8560038125015967 0.5443726366447905 0.04669446846486132 0.06095734736759475
9 0.7181615864372913 0.3863096215838479 0.05792290919430556 0.07383929328391084
8 0.9782957333794092 0.5979019191289281 0.018933144376666888 0.07560020072563951
8 0.9072955151988886 0.45702889326821233 0.04854790919430556 0.07351191106992552
8 0.8269378276035761 0.348668267044677 0.06671733415618064 0.11629961179556503
8 0.7045056620440973 0.03242072975121598 0.07223867591180558 0.018134930307219375