8 0.1765625 0.1296875 0.0609375 0.10625
9 0.26484375 0.26640625 0.04765625 0.08125
0 0.13515625 0.28671875 0.0515625 0.159375
0 0.171875 0.36640625 0.05078125 0.084375
0 0.20703125 0.41953125 0.028125 0.11484375
0 0.24609375 0.44296875 0.03515625 0.10625
0 0.025 0.16328125 0.03671875 0.1
9 0.5671875 0.1625 0.053125 0.046875
9 0.75546875 0.16796875 0.065625 0.06796875
9 0.85390625 0.196875 0.03984375 0.05
9 0.88046875 0.26171875 0.0421875 0.03984375
9 0.65625 0.19453125 0.04453125 0.04453125
4 0.77734375 0.23125 0.078125 0.06328125
1 0.7140625 0.3390625 0.0828125 0.07109375
1 0.684375 0.26484375 0.0828125 0.046875
1 0.73203125 0.0796875 0.053125 0.04296875
9 0.88359375 0.23125 0.04375 0.04296875
9 0.4765625 0.41171875 0.06796875 0.0515625
9 0.28125 0.853125 0.0984375 0.17578125
9 0.30546875 0.68359375 0.06953125 0.14140625
5 0.01953125 0.68125 0.0390625 0.096875
0 0.73203125 0.66328125 0.05625 0.025
0 0.73671875 0.628125 0.09609375 0.05
0 0.796875 0.6859375 0.05859375 0.05625
0 0.7296875 0.7109375 0.046875 0.0484375
8 0.6125 0.94921875 0.0671875 0.0546875
8 0.6703125 0.75390625 0.0546875 0.0234375
8 0.6125 0.81015625 0.046875 0.0484375
9 0.69296875 0.89375 0.0421875 0.04140625
9 0.6984375 0.8265625 0.0671875 0.046875