8 0.23671875 0.16796875 0.13359375 0.08125
9 0.35546875 0.06796875 0.08984375 0.06015625
9 0.30078125 0.2328125 0.11796875 0.0671875
0 0.528125 0.44140625 0.08515625 0.0625
0 0.43671875 0.42734375 0.09765625 0.05546875
0 0.4515625 0.47421875 0.10234375 0.05078125
0 0.22265625 0.4703125 0.09140625 0.04921875
0 0.4734375 0.28984375 0.08046875 0.04453125
0 0.29296875 0.39296875 0.08828125 0.04453125
0 0.284375 0.29921875 0.09453125 0.05546875
0 0.29296875 0.03671875 0.090625 0.05078125
0 0.45546875 0.33203125 0.084375 0.04296875
0 0.459375 0.22421875 0.1015625 0.0546875
8 0.89375 0.13203125 0.06015625 0.09296875
8 0.825 0.409375 0.07109375 0.09296875
8 0.92109375 0.39296875 0.04296875 0.0546875
1 0.75703125 0.28203125 0.0328125 0.046875
1 0.853125 0.27109375 0.0171875 0.0296875
1 0.87734375 0.2671875 0.02421875 0.03203125
1 0.73515625 0.11171875 0.02734375 0.03671875
1 0.76484375 0.04375 0.02109375 0.028125
8 0.4140625 0.7953125 0.16875 0.0625
8 0.52578125 0.77578125 0.12109375 0.04453125
8 0.428125 0.83515625 0.1171875 0.0421875
8 0.496875 0.903125 0.0875 0.03125
8 0.371875 0.91796875 0.1296875 0.0390625
8 0.2703125 0.91484375 0.12109375 0.0390625
8 0.215625 0.93359375 0.12421875 0.03984375
8 0.18984375 0.8828125 0.128125 0.040625
8 0.30546875 0.86171875 0.09296875 0.03671875
8 0.121875 0.80078125 0.1046875 0.04140625
8 0.2578125 0.8328125 0.15078125 0.04765625