0 0.5521151938348124 0.9623690103115822 0.09644933674699843 0.0752619793768357
9 0.2806827256871921 0.6750433155591367 0.10609735253201383 0.11051183674699842
9 0.15000884933648062 0.7040266183170294 0.10418624203690507 0.07769933674699843
9 0.3163296122788987 0.9395076339608707 0.06668624203690507 0.07551521046687384
9 0.4036244859281871 0.970015274851767 0.07642526308359247 0.05996945029646596
8 0.3996140071866361 0.7652804496611816 0.11116428413027987 0.09056335779368574
9 0.6634196309770989 0.6693056099304115 0.08473756299888784 0.17155575256024883
8 0.3576521472562246 0.1383994312453301 0.11923438936371689 0.12217737884037314
8 0.2623172604527565 0.0923596181758551 0.10121243145709169 0.13358531570031093
9 0.23495518380557887 0.43802145769486367 0.0903211631118273 0.05353379465362344
0 0.06170812862861162 0.3376133920651399 0.08956229991529538 0.0939767841302798
0 0.12097744183926099 0.2857848525320139 0.05691639988706054 0.12166216837349922
0 0.19226861291418323 0.26657909719975487 0.06887036831702939 0.11301521046687402
5 0.8787682840596925 0.20923817812038398 0.08111276308359265 0.08258425782192055
5 0.8915805552475543 0.06827924915295397 0.05816111049510866 0.03608868942018657
5 0.770728270905513 0.19905256506502642 0.03921368942018653 0.058343121018452494