0 0.25023038426207317 0.8467396863754999 0.07599993949875791 0.17231133723582168
8 0.026641330694718125 0.416547150565734 0.049082915494652865 0.11121930113146802
8 0.11484739616592987 0.9408704396951496 0.05069086729005092 0.11825912060970083
0 0.18270251667743465 0.9215255420562819 0.058730626267041376 0.15694891588743615
0 0.3729294816532357 0.183413505460949 0.09733860831306043 0.08025110226293633
0 0.30632726805217675 0.015062960379605073 0.13452953610435348 0.02734427088084712
0 0.7729048149802324 0.852905411487632 0.07056703005422946 0.04415906615858276
0 0.8359769867214013 0.8173360710303565 0.07060339149054755 0.05040906615858276
0 0.6409623850476401 0.33028045686356367 0.06591589149054773 0.050381795081343925
0 0.9397968783101449 0.8030968299091512 0.08154998184962743 0.052035198672140126
0 0.7468896773003136 0.27542985128097763 0.07538179508134384 0.06606133723582168
0 0.6774538760706497 0.2914315803019346 0.05499657220870695 0.05344316256778665
8 0.5105997368195971 0.7506015263417962 0.08155907220870695 0.05359769867214013