8 0.027864883004536645 0.3146639675350113 0.05236245159900636 0.1399015620344933
8 0.28581880445111785 0.16804164040392483 0.04111587939029935 0.08626713978475227
1 0.10143821750988377 0.42905826137253944 0.025354524004105095 0.06210189371369381
1 0.09153649756411308 0.38483522642635143 0.025309072208706995 0.05428939371369381
1 0.08161659690018315 0.34373719148016335 0.028488614363184707 0.06380994292790546
1 0.21066426834676433 0.19111095926284366 0.02845225292686626 0.05755994292790545
8 0.33349271428842997 0.3015476532242064 0.022165891490547728 0.051018844499482
8 0.23370179254726117 0.26095257836943153 0.022165891490547728 0.051018844499482
8 0.2700614733636163 0.3243815316364192 0.028497704722264317 0.06537244292790545
8 0.288084765518094 0.31584343961813655 0.02845225292686617 0.05755994292790536
8 0.2559575458669109 0.46516919747601937 0.025327252926866262 0.05741439371369381
8 0.15413090457275483 0.6401627353176916 0.030069295081343927 0.06700771753501122
8 0.11912062119887583 0.4791139193542569 0.04113406010845857 0.08939213978475227
8 0.21364434348233757 0.08184512117350247 0.025354524004105095 0.06210189371369372
8 0.09588869603986147 0.17404327564056316 0.03480224687674203 0.07503854135632881
8 0.2189938770526083 0.37123510690547884 0.028497704722264317 0.06537244292790537
8 0.1866257628858153 0.5619671147633617 0.044404505853732526 0.114537688998964
0 0.3996105344540335 0.8915048732404169 0.04752950585373252 0.11468323821317554
4 0.6629973653451433 0.6169758699306482 0.20725902985783762 0.18304374813797325
4 0.8326978287498106 0.32714289019452786 0.12252950585373235 0.1181764193542568
8 0.9097456211988758 0.5159378705498208 0.135184041958086 0.14532111621110388
0 0.865958218000863 0.7889729561579626 0.06913179508134419 0.06882708271265763
9 0.9516730042034125 0.8312568095487848 0.07548178903121965 0.08630568114108109
1 0.48666562773997935 0.8377313639347921 0.07853406615858276 0.0739512303552928
1 0.6512099167711991 0.7625601976809072 0.05968407220870695 0.05589043507002245
8 0.6781536909716959 0.8325837533052598 0.08792724687674217 0.07751287799792798
8 0.8175843505144205 0.775779443337681 0.06600679508134384 0.0686815334984459
8 0.8976849409716958 0.8428085856036326 0.06755111436318444 0.06562930810555159
8 0.6845940676315208 0.9344737390372361 0.06444429508134383 0.06860875889134022
8 0.6982485432346323 0.7366184358940829 0.07205680718159221 0.034597631926869356