1 0.05709536352223878 0.4484375 0.06980788896415206 0.05
1 0.06372382179912474 0.4109375 0.08025406603337355 0.040625
8 0.5989464280852743 0.665625 0.07539614767057934 0.0671875
8 0.6119687285148157 0.7203125 0.054674211894930734 0.059375
8 0.5604958389848367 0.87109375 0.0962066146538925 0.046875
8 0.2076331105815627 0.8015625 0.10187676051544958 0.065625
9 0.3377499785148156 0.7203125 0.07770227611928178 0.0515625
9 0.6124854641541788 0.98359375 0.0798446302577247 0.0328125
0 0.33615758027840936 0.85390625 0.14077548620519006 0.0625
0 0.4102601435982495 0.821875 0.08263543758467104 0.05625
0 0.4609252069180895 0.78984375 0.10023901741285464 0.034375
0 0.4862217780398458 0.75078125 0.09587906603337366 0.040625
0 0.2150405760945379 0.9578125 0.08971095318850333 0.0421875
8 0.7997221975342937 0.32265625 0.04373671189493056 0.059375
8 0.8358135057657513 0.3703125 0.03904921189493038 0.059375
8 0.7684821636130958 0.278125 0.04028416327441171 0.053125
8 0.7448665219354103 0.15546875 0.03683161465389251 0.046875
9 0.7864675237444325 0.20390625 0.026801517412854636 0.034375
9 0.7654113952957301 0.21953125 0.03009029172311415 0.0375
9 0.9167415219354103 0.15546875 0.03526911465389269 0.046875
0 0.8891365796010409 0.40390625 0.05138543758467122 0.05625
4 0.8658518085701417 0.73828125 0.2682963828597167 0.3859375
1 0.8393135577771723 0.89921875 0.25268898801421213 0.1109375