9 0.05 0.013572141490547768 0.075 0.026998837235821648
1 0.384375 0.35536122833358597 0.109375 0.13188632513557322
1 0.5125 0.2600128877781146 0.134375 0.21328177088084707
1 0.79453125 0.3436849475919856 0.3140625 0.20026466217500313
1 0.7390625 0.11289348984465919 0.1625 0.21657039734428024
1 0.5953125 0.14408842680933437 0.1203125 0.15382495764913057
1 0.6125 0.027782170759210145 0.1125 0.04909200585373248
1 0.440625 0.27834473126045217 0.1125 0.14440450585373252
1 0.5859375 0.33075263465485666 0.190625 0.22298402380771334
1 0.25703125 0.7569641140685971 0.0484375 0.06278180113146821
1 0.15234375 0.6430738100102628 0.03125 0.0439318071815924
1 0.2375 0.616225484580102 0.01875 0.03448408430895533
1 0.20390625 0.67931129185989 0.075 0.07231133723582168
1 0.20625 0.6230749273985096 0.034375 0.059574987899751616
1 0.05859375 0.6597158884654857 0.0375 0.053343168617910844
1 0.11640625 0.44989598175143153 0.03125 0.0220568071815924
1 0.19609375 0.780047090064492 0.03125 0.0470568071815924
1 0.26640625 0.5398311562230749 0.03125 0.04393180718159222
1 0.1375 0.7007999515990063 0.03125 0.07518180718159222
1 0.09765625 0.6474431474424761 0.0265625 0.03765453610435347
8 0.08203125 0.8887584938516799 0.040625 0.07367384933607006
8 0.18359375 0.969036867191855 0.028125 0.05016362646343318
8 0.05546875 0.7948539577473264 0.0453125 0.040888620413308985
8 0.284375 0.6305606953524905 0.0390625 0.05647725897699054
0 0.18671875 0.8503050479100143 0.05 0.05185339149054755