9 0.8572500026623604 0.917313586243473 0.07456489532659702 0.05014677678548622
9 0.8396105206141312 0.8019970575581258 0.08248649810013901 0.05501611474138883
1 0.6832910514836801 0.6334256294621186 0.08808188145888884 0.027036585106111132
1 0.5880350625015968 0.5280276550133338 0.07808993882958344 0.0674070119678472
1 0.7549679893633329 0.5428564872696534 0.07936149810013901 0.05494337955902786
1 0.6911250013311803 0.4647665484400701 0.07630923328249999 0.05799564437666689
1 0.6489576447579164 0.3621675720914242 0.06856946846486114 0.06093880642076392
1 0.7048270914712844 0.3126591877827437 0.0829956443766667 0.07689111474138902
1 0.7509734332269093 0.4122240831093409 0.060538762917777864 0.051381968464861136
1 0.8875460596518053 0.45526818113322987 0.16777199430041706 0.1631935970739585
1 0.8057044861322916 0.04220317704916734 0.06046602773541672 0.04825696846486116
1 0.8935927718484024 0.6320670704759035 0.09465918977951375 0.04124455547083343
0 0.6550400713353121 0.571015895229688 0.0998558360560418 0.06322865824437507
8 0.15478027251399235 0.8392112364166321 0.07016833605604171 0.06253767401194459
8 0.09100740682267286 0.8924440327694099 0.05465243882958339 0.06686149810013901
8 0.039265028497916 0.7982206008736806 0.05109102773541672 0.048038762917777686