8 0.8603060776037793 0.3778048514480856 0.05337435079830257 0.08339430267345431
0 0.8574608977931846 0.7104264474458585 0.04109984387822081 0.05045453333863605
0 0.8166621428502687 0.6865253234404497 0.051331689733607536 0.1099204400063634
0 0.7679566818993042 0.8710270454328135 0.0623036818249421 0.07256589067472703
0 0.7552391645990986 0.7888867074315409 0.055035009885831696 0.04749316534054504
1 0.6921105400376185 0.19780717409290483 0.051782675893442945 0.044331802673454226
1 0.5845288503040111 0.08723220607890547 0.03564833992388792 0.031649989337999784
1 0.784497016805914 0.08877816677272239 0.043044345855386724 0.05984771467218155
1 0.9967105153230392 0.18343832813490288 0.006578969353921593 0.053270450668363535
0 0.5881233769957569 0.21377652474536002 0.058924013840164415 0.06627952800763603
0 0.7462675049429158 0.032109996101177166 0.0581600098858317 0.04752952800763601
8 0.6009377588972485 0.04916004141467808 0.03921900889724857 0.04262385200509067