8 0.5281558892425495 0.6874653498994835 0.19215223201781734 0.13790677168436433
8 0.44527811254777816 0.8916865692294446 0.03228633601209037 0.09015377404661713
8 0.6498565245465056 0.9082094142347866 0.10754087468172671 0.11464783175849824
8 0.701854281866688 0.9933668591592353 0.12854317067154533 0.013266281681529435
9 0.8064621552355501 0.7487674707655414 0.07263861600890849 0.06813493030721922
1 0.6721529792727756 0.469747114960426 0.03920795066836362 0.013864092558271323
1 0.44252637722791394 0.7923314099736174 0.02254770934118149 0.05857639183263199
8 0.5607309372215505 0.8433532513507623 0.09956474267981755 0.10031251324684405
8 0.4746779952657759 0.5144345884667382 0.08103291868236298 0.11840774881887359
8 0.24190711720246058 0.9696081502701525 0.05076361600890866 0.060783699459695126
1 0.2351871392425496 0.677234655712448 0.053724984006999675 0.05341766587924912
1 0.12275876989182315 0.8014856328469573 0.03793635200509069 0.03880952885594056
1 0.33837467922505043 0.8097966737686153 0.044549978675999566 0.07027778366526398
0 0.1229234965786404 0.6529935691446265 0.06028406667727224 0.08019842068857255
0 0.3651360792091421 0.9279663204105709 0.036773841343090474 0.07312996515360978
0 0.29685879388132363 0.8849405175080133 0.06179202267663593 0.07556548439090349
8 0.14177185188577796 0.846698929126093 0.041206802673454224 0.05141865626060209
8 0.4830364826145933 0.40061762512722704 0.06032042934436319 0.08332342068857237
0 0.4619160079567292 0.3350099832945951 0.05085452267663584 0.0751835384745874
0 0.48337228994272985 0.43892615697839243 0.09574885200509069 0.04082838584218216
8 0.17174554129536537 0.2857986346610558 0.05879429201145401 0.08639385698624161