8 0.6442137398351047 0.4972071900859051 0.07903418977951393 0.039971566677272106
8 0.6422310529053823 0.37846628075267785 0.1308162017473613 0.11711586935072642
8 0.8236447070656947 0.38760656544394945 0.07325696846486096 0.060211341343090474
0 0.8698098858272919 0.3240985961170855 0.06995013050895835 0.052362478675999566
0 0.8780958177230211 0.37808666211804 0.0670797036472223 0.06326361600890866
0 0.7780048987450697 0.3730168067711316 0.08659342306201392 0.09629429201145409
0 0.7263508265567363 0.33492591343090455 0.04484102773541672 0.0473840773392725
0 0.586742159478646 0.27628561541213276 0.06464568787965277 0.09291475334181776
0 0.5281153079393753 0.4419646120703149 0.06671602773541671 0.04763861600890884
8 0.8785841673624308 0.5757792747851309 0.24283166527513841 0.11546355736790748
0 0.37318749933440987 0.22850045404995228 0.08648432028847228 0.09160679201145401
0 0.3961736704965628 0.37716522071927033 0.06729790919430556 0.07263861600890867
9 0.3860083816463201 0.8464510227164068 0.07042290919430556 0.07267497867599956