9 0.06764025121122542 0.9192931478230818 0.10487050649282177 0.10360120435383635
9 0.19994068790127034 0.6613938238691318 0.08549321509696392 0.06700893992586607
9 0.3052999383050122 0.964932996919957 0.07587275324641088 0.05261905771188111
9 0.2760980389569306 0.5907241706037545 0.09226141233702041 0.09691469473518968
8 0.23116164001259074 0.5242832042690184 0.08702844155801355 0.06550100362819702
0 0.15862852637832411 0.2203794434692453 0.13951824188232517 0.12042660580511537
0 0.300802389608849 0.2146328965571374 0.05087275324641087 0.051746038474587405
0 0.3267257357932452 0.3114434091710091 0.052380706168510205 0.04867560217691826
0 0.21406209455954314 0.30599699573883077 0.07894320616851021 0.049603185116542825
0 0.29773984496658024 0.12874996025946825 0.03352161201270878 0.041770837748947985
0 0.2593398181812191 0.07849698911540878 0.0678420649348082 0.039846239200226806
8 0.413115023535655 0.4686805010963083 0.0506545649348082 0.03924603847458741
8 0.389188779624735 0.2623585792266095 0.06337275324641087 0.05218254809323426
4 0.6263782771858077 0.81848206053747 0.1650091655834313 0.14942462504240908
8 0.9396115194784652 0.6298709060061481 0.12077696104306952 0.12958335099579193
0 0.8137168157422918 0.6235440388531055 0.10648755357072233 0.10678076805616747
8 0.9654609533258413 0.2703768549176891 0.054079573863261746 0.056542665879249124
0 0.859068857141445 0.17637637297385642 0.057122753246410696 0.051964293283910834
9 0.9260284862002823 0.11619035192246421 0.057477309252765355 0.07227679328391079
9 0.530988316149329 0.4590921915703287 0.052380706168510115 0.04867560217691817
9 0.6434240864418683 0.40669882315134165 0.05717730032431163 0.05508929328391084
1 0.4785825162320544 0.23343991634258526 0.06655230032431163 0.05541667549789597
1 0.6618995767026357 0.25596221316987516 0.053834112012708955 0.04248016587924912
8 0.6646057909888208 0.187075803914048 0.07592730032431164 0.05574405771188107
8 0.9000110515388322 0.4618401578202468 0.059647735389503256 0.017698420688572546
8 0.8164682999172743 0.19897062478795496 0.05405230032431163 0.05498016587924912
8 0.5969348701270883 0.3856522023701019 0.06372730925276535 0.07249504809323426
8 0.964712705354436 0.3618649504711854 0.06800570616851047 0.04922123920022674
8 0.8713682597392326 0.11966258150404416 0.05706820616851012 0.04883929328391079
8 0.6372017654212755 0.09500735500250711 0.05248980032431163 0.05492560217691824
8 0.7217245900953163 0.2796700424813026 0.060193206168510115 0.048948420688572546