1 0.4383525477048738 0.9079142350735363 0.07326766693047429 0.10524742198083885
1 0.575190969649913 0.8571849739922598 0.0898641335443795 0.08583568068726599
1 0.7516554959098719 0.6277884803238379 0.06817098997087019 0.09093926051544958
1 0.6684769345479585 0.5553568803692664 0.04330738229073816 0.09431656603337366
1 0.45136364238637505 0.4876426786511011 0.11953491316955063 0.1404346494796016
1 0.5403555977175091 0.41406241576080244 0.13435827962517113 0.06008540818602892
1 0.11188961691783898 0.4033440852552504 0.08444920783841652 0.0605900192218769
1 0.3833397534317193 0.6742109424459111 0.08325042069139794 0.07300813206674697
1 0.5243451866595296 0.7222876735627185 0.04887542069139812 0.07120661465389251
1 0.25854931974169054 0.3108777035271876 0.036239028371529966 0.06586401741285455
1 0.31661788400659785 0.2513256411118586 0.03931856426490725 0.06446529172311406
1 0.1746109257724699 0.4527952086155702 0.04923913354437941 0.08370661465389251
1 0.7724490321989606 0.47786704545270037 0.06422763605166182 0.06265048620519006
1 0.8686109783588947 0.48055935549318 0.04887542069139812 0.07120661465389269
1 0.7561697804831009 0.1499534073930594 0.07985263605166182 0.06346935775648758
8 0.6819844712327587 0.25247754183465576 0.07929034639736088 0.09776247060135787
8 0.9534730263264659 0.28000715682723254 0.06185880548941895 0.1420923247398008