8 0.31640625 0.32890625 0.06875 0.0875
0 0.421875 0.35390625 0.0875 0.140625
8 0.70703125 0.153125 0.05859375 0.053125
0 0.06171875 0.71796875 0.0921875 0.09296875
0 0.30390625 0.59140625 0.0921875 0.08515625
0 0.1671875 0.76328125 0.07734375 0.09140625
8 0.01875 0.85546875 0.03671875 0.06640625
8 0.178125 0.87421875 0.07734375 0.05390625
8 0.221875 0.971875 0.06875 0.05546875
9 0.3265625 0.73671875 0.046875 0.07890625
0 0.96015625 0.58984375 0.0796875 0.0828125
0 0.90390625 0.8140625 0.12421875 0.09296875
0 0.78046875 0.6640625 0.10390625 0.1296875
9 0.859375 0.59375 0.096875 0.0890625
8 0.7484375 0.83828125 0.05625 0.08359375
8 0.75625 0.56640625 0.10703125 0.03359375
8 0.90859375 0.76796875 0.153125 0.19609375
0 0.58203125 0.88671875 0.18515625 0.2265625
0 0.61796875 0.721875 0.25625 0.225