1 0.45638447188333375 0.375 0.09295252583555573 0.1
1 0.6161822716545838 0.628125 0.06715243882958344 0.065625
1 0.6751175945085073 0.44140625 0.050872822188333444 0.0375
1 0.5695774157469102 0.50546875 0.10062086189159736 0.1609375
1 0.6580041361116324 0.51171875 0.08910017401194459 0.06875
1 0.5733629112815979 0.8359375 0.07674564437666671 0.075
1 0.9258501720151742 0.74140625 0.05457970364722229 0.0625
1 0.4086399157469101 0.50546875 0.07020470364722228 0.0625
1 0.7988992802039586 0.3890625 0.06715243882958326 0.065625
1 0.5222147193178825 0.65234375 0.11384560087368065 0.0578125
1 0.5995240613578479 0.7515625 0.054397865691319505 0.0546875
8 0.21738370858430617 0.746875 0.10814111474138892 0.08125
8 0.1101478643601393 0.503125 0.0747831008736806 0.0578125
8 0.3597543529609729 0.821875 0.05854115824437507 0.0984375
8 0.6616707307170488 0.33359375 0.080016114741389 0.08125
0 0.2979388050895838 0.515625 0.07278549620027785 0.10625