0 0.015625 0.17265625 0.03125 0.1109375
9 0.91015625 0.5453125 0.05078125 0.06875
9 0.90234375 0.46015625 0.05078125 0.0671875
9 0.79453125 0.39296875 0.05234375 0.0546875
9 0.7453125 0.43203125 0.05390625 0.065625
9 0.80078125 0.27265625 0.04609375 0.05625
9 0.76875 0.2375 0.05859375 0.0796875
9 0.809375 0.5 0.04921875 0.04921875
9 0.84296875 0.47109375 0.05703125 0.06875
8 0.63203125 0.56875 0.06015625 0.07421875
8 0.59765625 0.2546875 0.04921875 0.0671875
8 0.8921875 0.334375 0.05078125 0.06328125
8 0.725 0.0765625 0.04609375 0.065625
9 0.68359375 0.4953125 0.05078125 0.0546875
8 0.7984375 0.33359375 0.05234375 0.06171875
8 0.7375 0.36953125 0.06015625 0.0703125
8 0.6484375 0.46484375 0.06953125 0.07265625
9 0.65703125 0.65625 0.06640625 0.07421875
8 0.96171875 0.64609375 0.07578125 0.0546875