8 0.8558274505888217 0.5382933181006958 0.05069089067472703 0.061412343878220456
8 0.7913569652689574 0.4417485819408604 0.05054544000636341 0.04891234387822045
8 0.8822434052355501 0.6840223121691968 0.050654528007635945 0.05828734387822045
8 0.7986314739020045 0.6889909964655968 0.025490896005727137 0.04320617193911023
8 0.7162831452498675 0.5853659307619967 0.031722714672181594 0.04189833992388792
8 0.5252774319303214 0.4916344712939068 0.05061816534054522 0.05516234387822046
8 0.7461519112428678 0.6356869243362061 0.04749316534054522 0.055035009885831696
8 0.7728320425684589 0.6916040019028042 0.04436816534054522 0.05490767589344294
8 0.6899580972708665 0.4318244366934958 0.033285214672181596 0.0419620069200823
8 0.6198717692552763 0.5494695345260491 0.05392497867599957 0.0709146778706092
8 0.7387394005808676 0.6016302593171781 0.041334072008272396 0.06259284190105419
8 0.6952803019175947 0.5784129352106211 0.03012385200509069 0.03870967292769336
9 0.16880761390041368 0.7263675459319365 0.18909995735199914 0.14514003954332697
8 0.10197574458945809 0.5643251437644897 0.16528064934754477 0.11137253460041094
8 0.3701433945735498 0.6705300869209573 0.02612724267981754 0.0978936719391104
0 0.6764790419716832 0.1809304401535369 0.11359088001272681 0.0983340237259962
8 0.572899508633047 0.22419496190236674 0.05054544000636341 0.04891234387822054
8 0.737843255967547 0.20888434380385842 0.06319089067472686 0.061921679847775656
8 0.5665136959739103 0.16901271338524151 0.07581816000954511 0.07336851581733081
8 0.1449290499681833 0.22835846885963001 0.06012043467536321 0.0664818458553869