8 0.7901748714878118 0.752400902253887 0.1215866721120836 0.1260218413771451
0 0.9138513736720135 0.612071057333363 0.05414329255305574 0.04560516587924912
0 0.9124654859448604 0.8731722484403555 0.06261040919430556 0.0740029843909035
0 0.8984042923656244 0.8054391114170469 0.04774782218833344 0.03913691106992552
0 0.8925420309664579 0.4862253199472347 0.06682513050895836 0.0538541754978958
8 0.88525490140743 0.5641593469890767 0.06275587955902787 0.08025298439090349
8 0.9456637649145481 0.6561856450823109 0.054797909194305564 0.07373016587924912
8 0.7436297926499649 0.6022173637792997 0.03205008700597212 0.03546627404661713
8 0.8081280505337496 0.6193255074260302 0.04495013050895835 0.053090283665263985
8 0.8394865000969091 0.6493503133238127 0.02892508700597247 0.03535714664195542
8 0.8080410508180901 0.4215055663190376 0.05127286569131968 0.05643353847458741
8 0.7779522008943399 0.5048984196770822 0.03837282218833345 0.03880952885594056
8 0.8556791170224998 0.4239510092401287 0.06053876291777769 0.05207342068857255
1 0.5316687744138534 0.9075695187739576 0.0772184230620141 0.09793155771188111
1 0.4640286391552424 0.8238914340202346 0.055307055470833436 0.09560516587924894
1 0.26869991499079804 0.7169891256753812 0.13157992116215295 0.15291172359113023
1 0.36368641309093697 0.6671379478152325 0.13463087955902786 0.08276291469812272
1 0.0031652338059199154 0.5698586322139851 0.006330467611839831 0.07252976442797028
1 0.1782171193036104 0.8756795901960187 0.08782861474138892 0.0842510036281972
1 0.30474194529166587 0.9489038137871489 0.054797909194305564 0.07373016587924894
1 0.11314416527513846 0.5137400961864684 0.042188806420763926 0.06860615626060226
1 0.1759175754193746 0.4705828624285372 0.04527743882958339 0.06715278366526398
1 0.021324260449235865 0.6275446466419554 0.04264852089847173 0.08633929328391084
1 0.5730776372553813 0.7745313294810635 0.06875130642076392 0.06953373920022674
1 0.6625031599568049 0.7956374923650877 0.054797909194305564 0.0737301658792493
1 0.6044789865135413 0.4667833168671917 0.08292290919430556 0.07471231252120454
8 0.5197390041809717 0.5467039406436565 0.08837412860909737 0.10768850362819701
4 0.9321559237276041 0.1615626258450172 0.1343061840799308 0.202966287293461