9 0.25316358441231823 0.7984376157968189 0.06204901384016441 0.06839043507002263
8 0.28329941197891645 0.8272368579389362 0.04954901384016441 0.06780823821317554
8 0.04807554190324177 0.9881014675350113 0.05889483893530466 0.023797064929977553
0 0.8173481012182322 0.7448761997478217 0.14099636760421674 0.16875861621110372
0 0.6517310769979445 0.8522241652159185 0.10004771543676991 0.23547092721213972
9 0.6885161525873762 0.890725893090012 0.06762785178688588 0.09048375889134022
0 0.578974009317178 0.7744758467712843 0.0949543557412186 0.11047092721213972
0 0.940160860115481 0.7083287317985258 0.06912668479069169 0.0889940334984459
0 0.772893741559862 0.4719802011955638 0.0774193458553869 0.06286818114108109
0 0.7142827455141947 0.4504647661255413 0.0711693458553869 0.06257708271265763
0 0.6972743176435854 0.5028984073580356 0.09923067885919253 0.062324525640563164
8 0.5840103136892527 0.5164086356464139 0.06122134288963732 0.04807793507002245