9 0.6766959821863253 0.8982660866140467 0.10301735141192588 0.055322665083433975
4 0.7780802889293852 0.7650231394184372 0.12342077962517113 0.05951219810012063
4 0.8350433427694511 0.7643780082562014 0.0932786385589445 0.04233134215265544
1 0.10492628226546763 0.8978089789691008 0.04217077962517117 0.05525406603337366
1 0.09963102850454393 0.8653240275896199 0.029579851411925782 0.05147396879233561
8 0.002128172011546205 0.8570755156038322 0.00425634402309241 0.07647396879233562
1 0.7661990321989606 0.3958980031678187 0.054199418184115444 0.09332727611928186
1 0.7301849758516121 0.3736036013133679 0.04450616943775678 0.08189845318850333
0 0.30293581723440816 0.25870445612917936 0.06647209765100204 0.08616987336031982
0 0.24518080469799583 0.1525230551792397 0.07865384890464337 0.07588747060135784
0 0.3997222375300947 0.33709837177844015 0.05843227711788872 0.07794793758467104
0 0.12381793322781029 0.038454990389061576 0.08673913354437941 0.07690998077812315
8 0.27829220374828845 0.5158552148356066 0.06468227711788863 0.07827548620519006
8 0.3287839487337235 0.46952576944901947 0.03931856426490725 0.06446529172311415
8 0.2530170705996204 0.44619449005037726 0.07625627461060622 0.10072369629109837
0 0.16606526920032988 0.00770461838550848 0.05688649749271755 0.01540923677101696
8 0.3473460806287503 0.5286174864323326 0.0487844924781526 0.06808161465389269