8 0.2808368922893744 0.6942444724005646 0.09356946846486114 0.06098413879807012
8 0.13479377441385343 0.8909949671255589 0.06955008700597225 0.03557503571381489
9 0.6767845187142703 0.7410157012939509 0.09916615824437507 0.10012845941492117
8 0.9365569493757284 0.8627851558376081 0.08844555737069441 0.042152318181219076
8 0.9721502636802771 0.8110414236945156 0.019477351823611145 0.03157728246740419
8 0.9670854764455552 0.5921141456913384 0.040589938829583616 0.06630683847375848
8 0.954384148273298 0.667704480918686 0.06170121941479181 0.033876168019063256
8 0.574043991263194 0.5883798506453278 0.08263196846486132 0.06079322402541756
0 0.6450507415475344 0.3918827260507173 0.10138196846486114 0.06112050649282175
0 0.8481146580569439 0.7338459038090133 0.09487739532659738 0.05007391233702023
0 0.4365952765980549 0.7516729630650738 0.04981946846486114 0.060220479707460584
0 0.7452474972471176 0.553071416390915 0.12645470364722228 0.0646818831160271
7 0.9239407673830901 0.29671014244492744 0.0914627610179167 0.10467959172016936
7 0.6694182279641665 0.2180185320570717 0.10301720364722229 0.06427278003177213
7 0.5709261765773956 0.2186440491032003 0.09131729065319441 0.09842959172016937
7 0.814566420593472 0.2611936079489285 0.05083645459715278 0.03681025324641087
7 0.7900378928580553 0.3076595048646734 0.07274782218833345 0.03875458279171564
7 0.5848997172305902 0.12197360064532783 0.10265352773541672 0.04864778003177208
7 0.7144424000762499 0.09687991760873087 0.07267508700597229 0.035629582791715644