0 0.536515736141752 0.7978768802740621 0.13442215756743253 0.16948631908544912
0 0.5953833521479679 0.5349632689359395 0.13329199710451575 0.11168290944452863
0 0.4201500657540377 0.5813075246914762 0.1221019400324213 0.13973518657189174
9 0.9143775246025967 0.9410304199926529 0.133073673283198 0.10699540944452864
9 0.8229390796077766 0.722753118664793 0.1205394400324213 0.13972609621281223
9 0.8954968221641785 0.6027673507108121 0.06584763192686935 0.0722386143631848
9 0.4485555097154005 0.7046132144848217 0.11392556699689198 0.1318772347764936
9 0.6777400496239873 0.7931479527773567 0.10538532092583353 0.11620678298109563
8 0.47419324875714575 0.44970754586691086 0.06671661910658777 0.023819295081344016
8 0.795479821335609 0.9049934469236242 0.10153257485477489 0.10056360226293606
8 0.8961047518575176 0.7332679169675907 0.07667812406898662 0.10354315651766229
8 0.3680674890372361 0.6878893227978822 0.0580394400324213 0.13936248184962743
8 0.5769629919327202 0.5757064436039745 0.18162679735218495 0.2103749394987579
9 0.6189301298554456 0.822404181601922 0.09074062406898661 0.10362496974937904
4 0.30044549544737686 0.7125080485973854 0.09277831306795062 0.14737496974937905
0 0.2930910678209523 0.7727233859314029 0.07434933664159918 0.05354315651766246
8 0.30650505851532744 0.8593875937769251 0.04978598428423435 0.06277271077238851
9 0.4817958095532939 0.0104370093697739 0.08234161910658777 0.0208740187395478
9 0.7960082826698764 0.3626559559988106 0.09571922249741008 0.10990224082661779
9 0.6649636821745385 0.16649000400702074 0.08205482878371625 0.0848295179539809
0 0.6767102032669877 0.03486204415798808 0.0768579065339754 0.06972408831597617
0 0.623403266749223 0.03113078357027072 0.0905565334984459 0.06226156714054144
0 0.579278739246633 0.1388558833973201 0.13750861621110372 0.1351385901626879
0 0.8984054208019989 0.06361577020298093 0.14673806699689215 0.12723154040596185
0 0.7720677067816444 0.16742981441006693 0.1891096575674327 0.16980448165323567