8 0.3323798942796773 0.4699848251323212 0.1237318283578455 0.15939885771838505
0 0.6943675599289382 0.5841653192380033 0.11067190637700648 0.0887043557412186
0 0.49117171811496696 0.4427896082498576 0.07909435775648763 0.08118101581733086
0 0.7440377685445083 0.39828882764096024 0.09398237336031982 0.06775518577927472
0 0.8736334153105766 0.3605089378308032 0.12678822930778538 0.09871602570316255
0 0.6691573614901332 0.9307538177551284 0.08977955223856356 0.10656301779449713
0 0.7262096229100938 0.8430429121276406 0.13666784034363316 0.049225361672717585
0 0.5333094719601542 0.7741152041052445 0.08460072930778502 0.09699701680591417
0 0.8127347003634282 0.7158211789335546 0.10227955223856355 0.10707235376405233
0 0.4982361883776406 0.5918319447137044 0.10327548620519007 0.06657468775644108
0 0.4737916248306579 0.13204576783167818 0.12711577792830403 0.10496602570316256