9 0.04140625 0.16640625 0.0671875 0.08125
8 0.01171875 0.15703125 0.02265625 0.0828125
0 0.4375 0.13515625 0.08828125 0.11328125
5 0.9828125 0.08046875 0.034375 0.05859375
5 0.74140625 0.42265625 0.05078125 0.01328125
0 0.4546875 0.48359375 0.1109375 0.09609375
0 0.32265625 0.50078125 0.1078125 0.09296875
0 0.25625 0.44609375 0.09453125 0.034375
9 0.13125 0.85078125 0.09140625 0.10390625
0 0.1984375 0.59765625 0.0828125 0.13203125
0 0.3921875 0.7484375 0.15859375 0.18515625
0 0.5984375 0.834375 0.06015625 0.0890625
0 0.8328125 0.79140625 0.075 0.1
0 0.834375 0.66484375 0.065625 0.1
0 0.5828125 0.728125 0.04765625 0.05703125
8 0.90859375 0.8390625 0.065625 0.08671875