8 0.25078125 0.3046875 0.0890625 0.06796875
8 0.87734375 0.21171875 0.1234375 0.11171875
8 0.815625 0.28359375 0.10703125 0.11015625
9 0.5953125 0.03828125 0.096875 0.0765625
0 0.51953125 0.19921875 0.0625 0.0859375
0 0.584375 0.20859375 0.065625 0.1046875
0 0.659375 0.19140625 0.07578125 0.0984375
0 0.346875 0.43984375 0.1515625 0.146875
0 0.42734375 0.36875 0.121875 0.06015625
0 0.2125 0.44453125 0.1125 0.1046875
0 0.1671875 0.5734375 0.1171875 0.07109375
0 0.14296875 0.5140625 0.0875 0.07421875
0 0.42109375 0.71171875 0.115625 0.11328125
9 0.71875 0.56796875 0.09765625 0.09375
9 0.78828125 0.76328125 0.084375 0.0984375
8 0.53984375 0.6328125 0.09765625 0.10859375
8 0.634375 0.5078125 0.09375 0.08046875