8 0.178247773489979 0.8375493116202085 0.06624477711788872 0.07798375889134021
9 0.0723149883880245 0.525950377997928 0.027545989970870145 0.0886643937136938
9 0.3503981874509524 0.405909821545006 0.024011813011266002 0.07445634449948209
0 0.23080343830888223 0.5638421379227255 0.02736413354437941 0.08241439371369381
0 0.1459510651893441 0.5763185591390092 0.02075042069139794 0.06962329528527036
0 0.2860629028112163 0.4123010626536658 0.04031877461060622 0.09862159057054072
8 0.2806743723281153 0.30174455231458364 0.03121655925034226 0.10755994292790536
5 0.18314014278208646 0.3198887766740205 0.025165136051661863 0.06046661910658786
5 0.14794312569332763 0.48096967183545625 0.02976170783841652 0.05755994292790554
8 0.8240760651893441 0.6079027386229513 0.04842077962517131 0.05530823821317572
8 0.8498369316449648 0.6904626815508568 0.03927310015828454 0.06268409057054072
8 0.8676050371470186 0.05292629424730379 0.06010242570596276 0.027765435070022583
8 0.495436868962903 0.1263400996667685 0.060631274610606314 0.09956766046291672
8 0.6062222901165194 0.37870958250326076 0.04565949247815269 0.067662688998964
8 0.8164778285171792 0.41197165446255146 0.08455215940862679 0.17089900496239868
9 0.47318115492278734 0.5954710893276862 0.04887542069139794 0.07093323821317572
9 0.8804290167595544 0.4994395752645504 0.06509145407749273 0.09197348428423417
1 0.7516100318032493 0.6248676066960819 0.03582985141192587 0.051601041356328994
0 0.9380562779758186 0.13209156347772616 0.08794994404836273 0.18041955417661043
0 0.823371652348998 0.12127387985544562 0.09371655925034225 0.11047092721213972
0 0.6102529090794224 0.4821620682352371 0.09544419530200407 0.1698459272121397