0 0.43345439337516617 0.4690136119885066 0.09323210085908258 0.11141158510611113
0 0.234514525103229 0.6172186419081248 0.10704229534115868 0.13670252583555573
0 0.7795271319552055 0.5506928377684716 0.18024077792830423 0.10407317021222226
0 0.040351143430937 0.3543413546734027 0.080702286861874 0.09600479065319459
0 0.10245561963073357 0.6803752181805207 0.07037445499752559 0.09215243882958327
0 0.09434546924662077 0.820237151976111 0.11684001922187685 0.08543096656499997
0 0.15862148971169304 0.4871148742406943 0.07036781094499087 0.12180357123840277
0 0.3412735374277009 0.5008104322769789 0.08123006784239584 0.0908445119678472
0 0.5927142859573629 0.31861095564399255 0.0949650192218769 0.08492182028847228
0 0.5656803951841886 0.4175576019205204 0.0669285504295413 0.056178571238402954
8 0.7938950056542096 0.2616485215640618 0.11749511646291495 0.09793096656500007