9 0.20310652908884155 0.6443228857573642 0.04865767589344294 0.04538691106992569
8 0.2035667855146322 0.6138814176085297 0.04853034190105419 0.042261911069925696
8 0.01490680456344882 0.6870535666975558 0.02981360912689764 0.04215278366526398
0 0.030321580989458214 0.84262152041842 0.06064316197891643 0.06679068511654265
0 0.1437793141463632 0.8749751742319516 0.0663545118629981 0.058487111795565025
0 0.3582131121298282 0.24571671624991803 0.12091467787060939 0.0572718413771451
0 0.35721434482962267 0.3276661206964217 0.0839876808363588 0.07002481252120454
8 0.10894794117930111 0.27470484492052416 0.07359400889724857 0.0446974303072194
8 0.17449202813743941 0.2552529512737936 0.05433467292769345 0.03154266587924912
9 0.5062859258190808 0.728132368249351 0.08172484387822046 0.05278274881887359
9 0.826537417416124 0.7567359955691947 0.06383700692008212 0.03499504809323426
9 0.8394923566554396 0.649404645206375 0.05790534190105419 0.04258929328391083
9 0.8784394515222435 0.5934348982015999 0.0737213428896375 0.0478224303072194
9 0.7826043922072529 0.8776313381274662 0.07015067391627668 0.036775802902557685
9 0.872864636275754 0.902564361541111 0.048148339923887916 0.032886911069925875
1 0.7541264955141946 0.3894790628997226 0.09266234387822063 0.05316469473518968
1 0.778278919924763 0.35196913921592526 0.08134284190105419 0.04340774881887359