8 0.21840816825125256 0.6699558326738144 0.08993668249628843 0.13834709765100223
8 0.09274310493141248 0.6416299073635627 0.0695555834462281 0.07690949247815268
8 0.11533183514370875 0.5231837842440247 0.08287445499752559 0.09289820533113406
8 0.18323530811991579 0.5968736853393815 0.0755599219808388 0.0724038489046432
9 0.3333625401412344 0.42635293369002875 0.052292840343633 0.04520485141192587
8 0.5259838936023088 0.8887834228694761 0.055165534825709094 0.07025031551854824
8 0.1148205800553261 0.44363267656389277 0.05262038896415207 0.05145485141192587
8 0.14886919493636125 0.8209704148854102 0.08221935775648759 0.08039820533113406
8 0.014927340287862226 0.5952299319741691 0.029854680575724452 0.06735263605166182
8 0.14187448722530221 0.9842062007787875 0.03848264586155699 0.019841138558944493
8 0.05213695782666004 0.9103715471761484 0.049659163274411555 0.05448892319868044
8 0.9265648270031084 0.717215682107183 0.08267081637205784 0.2676254206913981
8 0.33881468000989756 0.35208871958340604 0.0767882293077851 0.09584134890464338
0 0.2173900593631112 0.3470411698999752 0.09027087516934218 0.11495506175762475
8 0.8845686725466656 0.10775186629101838 0.228487927407906 0.21550373258203676