9 0.9791183821698718 0.44932620882425844 0.04176323566025637 0.0634856473268119
9 0.8146094841873184 0.4495977665614744 0.1034158914905479 0.05600634727034191
9 0.716349246189371 0.4857998480468009 0.10974770472226432 0.07043286831702958
9 0.7872713211285525 0.7208126139024036 0.13491133118569748 0.10001395250377901
9 0.624779890606785 0.59741915848544 0.07856133723582168 0.07955026308359248
4 0.5046497186692245 0.7700970662650082 0.06597043364502539 0.06319722099021767
9 0.5341367098886257 0.5995724636624072 0.10359769867214012 0.08725634727034208
0 0.48087885792027707 0.31116938729757826 0.11433521077238851 0.05351838410204497
0 0.5241652496072164 0.2289337399707665 0.08178633118569749 0.09691977360693613
0 0.594727734481906 0.2678072531955332 0.07699883723582168 0.07945925782192056
6 0.9672306792056282 0.011461301760117126 0.06553864158874348 0.02292260352023425
0 0.6580731378763105 0.40947954272865933 0.1237102107723885 0.054064415672076115
0 0.861247093089554 0.13740160344964708 0.19111587939029917 0.09547764192396557
0 0.7546976321207739 0.22644796387416877 0.18540221057599665 0.1873011208772782
8 0.6491743399662961 0.22321581903701854 0.05172612646343318 0.031128173635170953
8 0.9373555960164204 0.1892378482585624 0.07525453005422947 0.04811825256024878
8 0.5968129301289841 0.3575599979338614 0.07218407220870696 0.057311242036904984
8 0.24001050174851585 0.8206787081183867 0.13487496974937896 0.09376395250377918
9 0.04581805669061303 0.35292060267318826 0.08803633118569745 0.09728379465362354
9 0.18958571652792516 0.21325261596854217 0.0909886143631847 0.06777830517696729