8 0.21070663838773768 0.7591684156014888 0.10703302434972928 0.140472352532014
0 0.3599975263750288 0.7272799207219864 0.04166139448011297 0.061741136803468065
0 0.19297189325900166 0.5926788656156063 0.06375458279171564 0.07551521046687384
0 0.22971396265803667 0.6408657366340588 0.03524775324641087 0.05200211575678075
0 0.430124840092021 0.8101904022355478 0.04812958279171564 0.07460515785015538
8 0.3780305060824894 0.7767184786003767 0.06531708279171564 0.07560621572854594
8 0.34820090989809316 0.6774241338902834 0.060520488635914305 0.06908319994353036
8 0.2830101067311125 0.8773261523767222 0.0319045649348082 0.03932010523343692
8 0.3037532548646734 0.8137564760401279 0.04465002678536116 0.05411064732681155
8 0.29989186931301426 0.7713869655167842 0.028725017856907443 0.03601309471009344
8 0.43040330397116905 0.9155681469738759 0.04788412094116268 0.060542657850155376
8 0.36220272889009103 0.8983281680911505 0.031959112012708776 0.04244510523343692
8 0.45230953165003457 0.8739189732681177 0.044895488635914305 0.0681731473268119
6 0.20789786931630946 0.2852681840173404 0.3516364123370203 0.11413517861449422
6 0.11414609496658026 0.1455693762095372 0.22829218993316053 0.2911387524190744
8 0.995520600241586 0.6592598358999523 0.00895879951682801 0.08234206314006212
8 0.9410042443146619 0.568347138587258 0.054270488635914306 0.06871917889684287
8 0.931081593745469 0.7152753464938831 0.06361821509696383 0.06770271046687384
7 0.6894597406645092 0.19702806250477767 0.19239778003177221 0.11266514192396557
7 0.7617671631477994 0.2707000519108468 0.06781479139585792 0.0398507262518895
7 0.8229268055993174 0.24226350974688488 0.0961852532464107 0.055551320961982856
7 0.906156316963403 0.1815527938771647 0.06002956493480838 0.04095819994353027
7 0.8889375892845374 0.22347498336793842 0.053643197240056395 0.03278167889684287
7 0.9424950117678275 0.2960549096339454 0.050654564934808376 0.040412168373499126
7 0.8000444590078839 0.3174154281909712 0.04577615016215582 0.02920165258848364
7 0.6953182284896446 0.130250086182301 0.10098184740221221 0.06207433674699834
7 0.6992420693990351 0.08677310196731654 0.04736592370110611 0.030855157850155468
7 0.7408704618505532 0.057198994032456464 0.04418637662320535 0.027548147326811767
7 0.7859432284896446 0.13552839135926825 0.08686480032431163 0.05813028939195171