9 0.25390625 0.334375 0.1078125 0.09453125
9 0.07421875 0.4515625 0.109375 0.1296875
8 0.37109375 0.45390625 0.1109375 0.11796875
8 0.16796875 0.028125 0.10390625 0.05625
8 0.2 0.4234375 0.096875 0.09140625
0 0.56328125 0.08046875 0.24921875 0.1609375
0 0.62109375 0.14140625 0.221875 0.184375
1 0.4578125 0.41953125 0.03828125 0.0765625
1 0.72734375 0.08984375 0.09375 0.0859375
0 0.3203125 0.73828125 0.07421875 0.0828125
0 0.0921875 0.63671875 0.08984375 0.09453125
0 0.0328125 0.7265625 0.065625 0.09296875
0 0.2859375 0.82734375 0.07109375 0.05625
8 0.04921875 0.5734375 0.078125 0.05
8 0.91953125 0.9359375 0.1609375 0.12734375