8 0.33135721562451687 0.7952528557040376 0.12942190637700665 0.08946835969555131
8 0.48306687980343954 0.8665800745636677 0.09267217887824372 0.04275518577927499
8 0.5454241169131407 0.9509431457044751 0.09242651741285464 0.038067685779274996
9 0.3877876000661131 0.7217079263505535 0.06215916327441153 0.0555443458553869
8 0.27961773744838553 0.300990861141245 0.11124511646291486 0.0996418557412186
0 0.4648968181810801 0.29579007209220964 0.09751680913596861 0.07569501977166349
4 0.940522017185712 0.9132641431958362 0.11895596562857591 0.0649776956651067
8 0.8911793571906607 0.24318906513494637 0.04143722749876275 0.046904174904859805
8 0.8605800531430748 0.09254973657976505 0.026712986205190248 0.06345500494291587
8 0.8202549462910984 0.040171494488430444 0.030663501809022265 0.04958350593149904
8 0.8037944646084639 0.09956108194086034 0.04727114767057934 0.06897017589344297
8 0.7716569940071062 0.027688670913346043 0.040693599050060314 0.055377341826692086
8 0.8516388223649518 0.17590340604741736 0.03123671189493038 0.060521005931499026
8 0.8224526113745322 0.14186132848081923 0.02959896879233561 0.02927100593149907
8 0.8121126549066686 0.22840366494466596 0.029258132066746968 0.08226867193911022
0 0.7619632479638351 0.34710192680766405 0.034361711894930556 0.06064833992388783