0 0.0265625 0.53046875 0.053125 0.18984375
0 0.04453125 0.334375 0.08828125 0.1625
0 0.15859375 0.64375 0.08671875 0.08828125
0 0.35859375 0.3578125 0.11875 0.1140625
0 0.0390625 0.0453125 0.078125 0.08984375
8 0.1984375 0.14765625 0.1359375 0.14296875
8 0.32734375 0.0796875 0.12578125 0.13515625
8 0.1375 0.23359375 0.1171875 0.13515625
8 0.28125 0.296875 0.06171875 0.084375
6 0.8453125 0.26953125 0.0671875 0.153125
6 0.8921875 0.421875 0.04453125 0.07421875
6 0.78515625 0.24765625 0.05625 0.1296875
9 0.96796875 0.371875 0.0265625 0.06640625
1 0.97734375 0.5140625 0.040625 0.13125
9 0.753125 0.54921875 0.028125 0.06875
9 0.3515625 0.8421875 0.20859375 0.10625