1 0.4640625 0.11640625 0.0703125 0.1015625
1 0.59921875 0.17421875 0.08671875 0.08046875
1 0.76875 0.4125 0.065625 0.08828125
1 0.68359375 0.48046875 0.04140625 0.0921875
1 0.46484375 0.53671875 0.11484375 0.13359375
1 0.5515625 0.61484375 0.1328125 0.05234375
1 0.1234375 0.603125 0.0828125 0.05625
1 0.40234375 0.346875 0.08125 0.06953125
1 0.54453125 0.30625 0.04765625 0.06796875
1 0.2671875 0.703125 0.03359375 0.0640625
1 0.3234375 0.765625 0.03671875 0.06171875
1 0.1875 0.55703125 0.04609375 0.08046875
1 0.78515625 0.56328125 0.0625 0.05859375
1 0.88125 0.565625 0.04609375 0.06796875
1 0.759375 0.88984375 0.078125 0.05859375
8 0.68828125 0.78359375 0.0765625 0.09375
8 0.96015625 0.7703125 0.0578125 0.1390625