9 0.3722042382550105 0.4329374892574078 0.11346676959604132 0.14635710085908257
9 0.949809030350087 0.874299389414378 0.08861988229073817 0.09669129353213642
8 0.6769047954602888 0.26169208955066353 0.10944920783841638 0.06190021370395282
8 0.757970590524866 0.340046140884716 0.09189799498543501 0.048499454997525594
8 0.7689668926490725 0.6643467780398458 0.10263691818411544 0.09586577792830404
8 0.7157616731321734 0.5515701390756937 0.07167642319868044 0.05055992198083885
8 0.2624812119285446 0.6565243962002413 0.09937552586424747 0.09101450361804453
8 0.8364128054229116 0.6499401192879899 0.07919941818411544 0.09463747060135788
0 0.3694432319202973 0.9539156343280251 0.11973348997087019 0.09216873134394987
0 0.5793946126281899 0.4492562873120999 0.11128449247815268 0.07135710085908258
0 0.06499113182851976 0.4105966632744115 0.08843802586424747 0.09044129353213641
0 0.4732428671805364 0.7151535249876281 0.14933006175762475 0.09207239258219672