9 0.4375 0.49375 0.04140625 0.0109375
8 0.178125 0.0484375 0.059375 0.07734375
8 0.38359375 0.3234375 0.03828125 0.06171875
8 0.2234375 0.17265625 0.02890625 0.03828125
8 0.20546875 0.2265625 0.0265625 0.03828125
8 0.1578125 0.27265625 0.0390625 0.05546875
8 0.3359375 0.08828125 0.03671875 0.04453125
8 0.33046875 0.24375 0.03359375 0.04453125
8 0.13359375 0.2234375 0.03828125 0.05546875
0 0.87890625 0.28984375 0.059375 0.06953125
0 0.87421875 0.109375 0.0609375 0.07890625
9 0.5640625 0.478125 0.02890625 0.04296875
8 0.10078125 0.74375 0.10234375 0.140625
8 0.290625 0.603125 0.08671875 0.1375
0 0.46484375 0.5484375 0.0703125 0.09765625
0 0.21640625 0.7390625 0.07890625 0.1234375
9 0.89609375 0.99140625 0.0390625 0.0171875
8 0.753125 0.63515625 0.03671875 0.05703125