7 0.45859375 0.28671875 0.05859375 0.053125
7 0.5296875 0.21640625 0.06484375 0.0515625
7 0.5109375 0.265625 0.05234375 0.046875
7 0.37421875 0.31328125 0.06875 0.0484375
7 0.31640625 0.2640625 0.05234375 0.05
7 0.5515625 0.340625 0.04375 0.03828125
7 0.58125 0.17890625 0.075 0.053125
7 0.33046875 0.28828125 0.0515625 0.03671875
7 0.1984375 0.26640625 0.075 0.05
7 0.2046875 0.22890625 0.075 0.0546875
7 0.31171875 0.20390625 0.11484375 0.075
7 0.3796875 0.26015625 0.09375 0.06328125
7 0.41796875 0.309375 0.07265625 0.05
7 0.50703125 0.1234375 0.04375 0.03671875
8 0.84140625 0.37890625 0.03125 0.05703125
8 0.74453125 0.08828125 0.02890625 0.053125
8 0.91484375 0.084375 0.03515625 0.053125
4 0.79296875 0.0171875 0.0390625 0.034375
0 0.75859375 0.34140625 0.04375 0.078125
0 0.85546875 0.13203125 0.0625 0.06015625
9 0.04296875 0.884375 0.0421875 0.04140625
9 0.58359375 0.7578125 0.03984375 0.028125
9 0.30546875 0.79140625 0.05234375 0.0296875
9 0.3171875 0.934375 0.0578125 0.0296875
9 0.40625 0.79609375 0.0578125 0.03984375
0 0.35625 0.88046875 0.09609375 0.03828125
8 0.19296875 0.803125 0.05859375 0.03515625
1 0.9796875 0.98515625 0.03984375 0.0296875
9 0.7953125 0.73671875 0.0765625 0.1296875
9 0.7453125 0.85390625 0.0296875 0.13515625