9 0.14312951778056696 0.6698090137949981 0.1044592578219206 0.08005457694917481
9 0.11991109663505753 0.7684746922881189 0.0761522472985769 0.0759474303072194
9 0.36978999929412837 0.7307836862128511 0.07157116311182729 0.05083830290255768
9 0.4023981019673165 0.6858060029104068 0.018901189420186527 0.056795637023308566
8 0.25832260729957557 0.6180332042690184 0.0890162683452643 0.08263393992586625
1 0.08550267342340952 0.27179066524627693 0.14121580517696725 0.09537204210278442
1 0.24105472340929207 0.2812326087155222 0.15520271046687392 0.06779267912609299
1 0.04201871295653555 0.21068203965571372 0.06547235253201389 0.10676092068857254
8 0.9225725855021676 0.07176822932712591 0.1548548289956649 0.11170637023308558
0 0.920241694470097 0.2489036482015999 0.1343287683452644 0.084216287293461
0 0.8256293315559138 0.01105525681268103 0.14344616311182748 0.02211051362536206