9 0.3387905754914103 0.6625726786144941 0.057122753246410876 0.053276189420186526
9 0.48363942532925447 0.6975986679499762 0.02916139448011279 0.06101309471009344
9 0.35957858807331194 0.770923504908736 0.04451365909060954 0.0462981473268119
9 0.10359164083325552 0.7857316446253886 0.03497501785690749 0.03637711575678075
0 0.4125184017903042 0.6950204285439071 0.08129663879807011 0.0968287683452644
8 0.0903455726520365 0.8725491051628499 0.05884889448011292 0.06274219468185863
8 0.04088668385067114 0.9776622684158515 0.08177336770134228 0.04467546316829711
0 0.46465187175853206 0.7997226100715858 0.06386367694751698 0.08176521046687384
0 0.4580376331226178 0.8650290916557344 0.0771818831160271 0.1293682525602488
4 0.46593905113838574 0.32275058639406246 0.0804432508107789 0.13736276308359247
4 0.3198198019491646 0.18129258653523683 0.05723184740221221 0.059526189420186525
0 0.37596111323382014 0.5044185443712749 0.08483074188232517 0.12044827886860787
0 0.14800766274735278 0.5709102814288567 0.0713216209411626 0.061907736775233244
9 0.6805007885597794 0.7098465809206291 0.17150462743398442 0.16764106826055974
9 0.9118677909954112 0.8062188649097347 0.14609552434972956 0.14274748407380997
8 0.6348275986233235 0.5038549151779659 0.12696369480442443 0.11978042093374804
8 0.6906329082798306 0.12937783092062913 0.12296594155801355 0.06959841041040424
9 0.7511419399364558 0.2470805413875031 0.14061709172016937 0.09716196828879457