0 0.26484375 0.4546875 0.09296875 0.20390625
8 0.1859375 0.19296875 0.03203125 0.08125
8 0.08125 0.415625 0.03203125 0.09375
1 0.12578125 0.48984375 0.02890625 0.07734375
1 0.128125 0.3546875 0.03125 0.07578125
7 0.28515625 0.871875 0.0296875 0.025
7 0.346875 0.8984375 0.0296875 0.01875
7 0.25546875 0.85 0.03359375 0.0296875
7 0.1953125 0.89609375 0.034375 0.02109375
7 0.19296875 0.85 0.0578125 0.0421875
7 0.1734375 0.8703125 0.03671875 0.021875
0 0.23671875 0.8875 0.0796875 0.03828125
0 0.325 0.8640625 0.03828125 0.0328125
0 0.27734375 0.828125 0.0625 0.040625
8 0.7703125 0.86953125 0.08046875 0.05390625
0 0.74453125 0.94140625 0.06171875 0.04453125