0 0.37946668975623016 0.5447028318643484 0.1227877139724833 0.12184842378986112
0 0.3194245455613455 0.4106011488022331 0.0956448606144387 0.1484994549975255
0 0.14684516271438816 0.5514352679786814 0.09876986061443871 0.14866322930778503
0 0.5709994584453697 0.30773734113660256 0.14342759618646853 0.13228795680654795
0 0.7148164019146149 0.45460461782171124 0.2283085384745874 0.06187363749381412
0 0.08209563803479888 0.7084532298736119 0.11504962504240901 0.16823210085908258
9 0.58993054083684 0.07825788105069428 0.08452382213985139 0.0980081320667471
9 0.744015317793864 0.40004659260694064 0.08008929328391083 0.06034435775648746
1 0.932281698826723 0.301280464724065 0.05799603847458741 0.05294793758467105
0 0.3382464343139346 0.6755334300098976 0.08743056733052797 0.09192190637700648
0 0.44130445772757954 0.7613713534610744 0.042881959163159955 0.1114221788782439
0 0.3787771758764141 0.7654280896662645 0.0587599303072194 0.07482293758467104
0 0.6580356338584477 0.5620762810961228 0.09524306733052797 0.09233134215265544
0 0.37820432323615966 0.2905475983726918 0.047385920688572544 0.06174972749876275
0 0.06737097224036781 0.4378474807781232 0.0693353317584982 0.10968926051544958
0 0.13509667478010573 0.3742519702626736 0.058070449544513056 0.09974105042954129
0 0.4832514657017638 0.14077557044438765 0.08670637023308565 0.1605081320667471