0 0.565625 0.60078125 0.11484375 0.11796875
0 0.428125 0.665625 0.14453125 0.090625
0 0.56015625 0.83359375 0.14296875 0.09375
0 0.33828125 0.4171875 0.12421875 0.1390625
0 0.49296875 0.26796875 0.05 0.2265625
0 0.7140625 0.89296875 0.1625 0.11015625
9 0.109375 0.40625 0.09296875 0.08046875
9 0.43984375 0.240625 0.05625 0.07890625
1 0.35078125 0.05546875 0.05 0.05625
0 0.69453125 0.6375 0.08671875 0.08359375
0 0.7859375 0.53125 0.109375 0.0390625
0 0.78671875 0.59375 0.07109375 0.05625
0 0.59765625 0.32109375 0.08671875 0.0921875
0 0.3109375 0.6109375 0.06015625 0.0453125
0 0.4421875 0.9171875 0.10625 0.06484375
0 0.38203125 0.8515625 0.09609375 0.0546875
0 0.16640625 0.5109375 0.15625 0.08046875