0 0.714903005927776 0.5530129352063673 0.16417268268618096 0.148478267088759
9 0.43616947859645777 0.5300538421742187 0.0853204293443632 0.08370506175762475
8 0.9586615492520945 0.626534317892817 0.05381589067472703 0.060920779625171305
8 0.5279575366009122 0.49990099241164554 0.0911704400063634 0.04951191818411545
8 0.5078428419000955 0.7509633872387961 0.0854113360120902 0.09151756175762475
9 0.47989549065086434 0.13040919483978577 0.09482269867918128 0.09491534639736088
9 0.46707676997136494 0.22459946404011566 0.06008407200827239 0.06266513605166191
9 0.5304489266390922 0.21862826035833427 0.03808180267345414 0.051091138558944316
9 0.5714375533100011 0.18856032713052398 0.04414998933799978 0.0356479949854351
9 0.5711562899825008 0.14556884507721263 0.052253390674726855 0.0608753155185485
9 0.5860187686585003 0.07722802203681675 0.055232940006363404 0.04846624373179385
8 0.4012501332750027 0.44150816772189716 0.07260225334181776 0.0645913489046432
9 0.8319216146562731 0.10079486882988904 0.05843066534054486 0.05480717194503919
9 0.8316301659770919 0.1930051008832004 0.05530566534054522 0.054716243731793845
9 0.950544345321455 0.1151876409332128 0.05534202800763595 0.05784124373179385
9 0.4040784253262276 0.06411895361527441 0.06951361600890867 0.06762542069139796
0 0.06552697788036914 0.8834550091712 0.08899086935072646 0.13067098997087
5 0.05094860632161417 0.2796480475718598 0.10189721264322835 0.213938131037097
5 0.19262002060791178 0.43856370948776924 0.16002952800763603 0.060887338875513564
5 0.19938128731700075 0.1261546377010145 0.2053613040260897 0.19809783386094854
5 0.23526205394654792 0.4007287403665815 0.11399086935072641 0.13139841567683314