8 0.4948403326702726 0.012866208118386716 0.049055665340545215 0.02573241623677343
8 0.484221553349772 0.09297312414339863 0.025436352005090514 0.03895608418674958
8 0.8204152340467704 0.2969810007764589 0.041188621339908596 0.05080363680346807
8 0.8070901727402694 0.49554730339317743 0.0597386266709087 0.03470819994353036
8 0.5022844940722239 0.503137079419188 0.049055665340545215 0.0559461631118273
8 0.6516941480744511 0.5108523269295263 0.0658613573360908 0.024134720990217674
8 0.6261203413828613 0.32862365585460407 0.060138616008908664 0.06908319994353027
8 0.5372765647278609 0.4197939584007354 0.06925907733927232 0.04775423151356133
9 0.8171789566756814 0.029797196420799393 0.08526588534372692 0.05959439284159879
9 0.6756294453771343 0.2835239874811049 0.041134077339272504 0.046116136803468065
9 0.6635390727243611 0.38664128220531563 0.044259077339272326 0.04629814732681181
9 0.7948237933640895 0.18042283233237252 0.05383407200827221 0.06403167889684287
9 0.8731022400143175 0.054687813987108216 0.049001121339908596 0.05125866311182732
9 0.7266368673615442 0.16563156121509798 0.05043635200509069 0.04041216837349917
9 0.6976482540181356 0.09305090592519125 0.04887385200509069 0.04032116311182732
9 0.6215028300047726 0.014694747651512751 0.05223520934118149 0.029389495303025502
9 0.8847964547262699 0.387826537678749 0.056613626670908704 0.03452618942018652
9 0.9739332150103405 0.12069297460927395 0.0521335699793191 0.05309417889684287
9 0.8334430400620427 0.40879846131391995 0.03815452800763595 0.05843412628012441
9 0.7177238493395907 0.012817946385505808 0.0348477146721816 0.025635892771011616
9 0.7198772426798176 0.05501257963094943 0.03477498933799979 0.03637711575678067
0 0.6873498374044967 0.48454045591107386 0.0817954400063634 0.051607273606936135
0 0.7267026913987698 0.44003232173844165 0.09901930267345413 0.05573333148532651
0 0.4203686860279987 0.18190609250278036 0.10766814401654479 0.12806335779368574
0 0.2841628447644501 0.7042500713149187 0.06776930267345423 0.053913226251889414
0 0.12536910009545016 0.6962996053746113 0.07561816534054513 0.05749325256024882
9 0.38804401213394835 0.9647864819370844 0.05655908267027261 0.029838689420186526