8 0.46249007631620265 0.03883438774109875 0.08595734736759475 0.048258939925866204
8 0.6814235816736802 0.24281259272790745 0.060049611795565026 0.0660813569862416
8 0.781981631581013 0.14072679227242046 0.03979167549789579 0.06693452885594056
8 0.9356770612552602 0.19693713065434065 0.04793155771188111 0.07658234736759484
8 0.8184746922881189 0.10367322557486473 0.06399306733052797 0.0896279843909034
8 0.28088043385059847 0.17719993937771203 0.06399306733052797 0.0896279843909034
5 0.4361482209744235 0.703569010336437 0.18627483901489228 0.2842906983633867
5 0.6712870796899456 0.9227406178708328 0.1499156983633867 0.15451876425833433
5 0.5851933230665237 0.9707316845683887 0.11835318511654265 0.058536630863222784
5 0.9219046717000628 0.7033235399101678 0.11788693756361361 0.24756945916315995
8 0.24281485010836565 0.9704712458236487 0.08984623920022683 0.05905750835270247
8 0.12102667406231556 0.8349256154237622 0.08397818511654279 0.08096231252120453
0 0.305270243206942 0.7107316911918107 0.08699405771188111 0.07794643992586607
0 0.15642600463968742 0.649997543916883 0.17133434137714504 0.12458831614940155