9 0.47662613251355734 0.0022151215213683656 0.09700226502711473 0.004430243042736731
9 0.21061985831306052 0.07112428901185434 0.07218407220870696 0.05605368182494201
9 0.557660047419035 0.488335716350991 0.056595433645025395 0.061667011862997965
8 0.2935959847764936 0.0958749382135516 0.07853406615858276 0.07349584980971957
8 0.4324130450813439 0.048021075552250755 0.07231133723582168 0.077928681824942
1 0.9230834968767422 0.03584213874721183 0.022156801131468028 0.04932883794672147
1 0.9755545119038567 0.055584294374699715 0.020585210772388507 0.04770267095052709
1 0.8863647468767419 0.03733831315778002 0.014335210772388507 0.04744800296574954
4 0.7791168909013726 0.4074200028913874 0.0379454275949012 0.07809050790866542
4 0.9567055597156753 0.3079744653252268 0.02868860226293606 0.09802100593149898
0 0.8751010357115699 0.2503476491273352 0.04098861436318444 0.06415534190105418
8 0.10869686923495854 0.8192036447530728 0.05488748789975158 0.03660334486680341
8 0.22098324579658754 0.7779008710270767 0.04856476502711464 0.023848676882026076
8 0.21225366129124038 0.8892203730042432 0.05480567466803503 0.02254084486680341
8 0.2504576432390636 0.8743792815974805 0.05012726502711464 0.023912343878220454
8 0.3952747186692244 0.7833020009514021 0.03453862646343318 0.029525673916276675
8 0.3531644867214012 0.7983022598486507 0.037618174668035034 0.02184050790866543
8 0.2111809989198455 0.7048453730042431 0.043949987899751616 0.036157675893442945
8 0.3628394685710286 0.8494827578714844 0.05172612646343309 0.03022601087441501
8 0.29112809503446174 0.8805364396964264 0.031386355386194255 0.024710839923887916
8 0.17637524862525789 0.9008409639167141 0.031377265027114645 0.023148339923887918
8 0.2688707790722707 0.6813959441450507 0.08475679508134401 0.06906301779449713
8 0.19338548662320534 0.8696718769585757 0.037627265027114644 0.023403007908665074
8 0.13645423057308115 0.8891832223196712 0.05485112646343313 0.03035334486680341
8 0.28457811318483434 0.829228607681204 0.03292158430895542 0.020087006920082473
8 0.32216901677563053 0.8433255997725386 0.02821590359079611 0.01677100593149916
0 0.6953888690385668 0.9250160211801763 0.10054542154477701 0.0978246877564409
0 0.793911685688129 0.6670350834237351 0.12592721662612086 0.16446835969555132