9 0.23490882678226743 0.8646672576807463 0.06308180267345431 0.05364021046687384
8 0.6138197887094071 0.35038130468285705 0.09158861067790855 0.08809080517696728
8 0.71277381468809 0.19921989406069135 0.061882929344363194 0.0847992052052021
8 0.3074179840865415 0.654973010240995 0.05857611600890866 0.06899219468185844
8 0.5522021307288153 0.48966434158514716 0.0442227146721816 0.0431731473268119
8 0.5833435900699968 0.5492514441877482 0.039535214672181594 0.042900131541796324
8 0.6628043707431328 0.6015034599021766 0.060065890674726855 0.06283319994353036
8 0.36604590738381587 0.39294271807703307 0.056795440006363315 0.05015118942018652
8 0.3860236947405875 0.5666455285862593 0.05054544000636341 0.04978716837349921
8 0.6980873427354968 0.5473465809206292 0.05694089067472685 0.06265118942018652
8 0.19967492536599848 0.252091662970653 0.06638861600890866 0.06944722099021768
8 0.23808891812535787 0.936678765573254 0.058394302673454225 0.05336719468185862