9 0.20247384982908018 0.5657399749271754 0.06395485141192578 0.05181856426490725
0 0.3058415760764038 0.8291241764973858 0.07663670783841656 0.058432277117888634
0 0.2448672529695009 0.344910649379497 0.11606292069139794 0.07206887978345575
0 0.09267060398571526 0.442912577197031 0.0883470976510021 0.08531302586424747
9 0.5080826553184987 0.4354520475053528 0.0876029515702104 0.11339256175762476
9 0.5459045672344082 0.29111702579774046 0.04851170783841656 0.05761392319868044
8 0.09898410312778544 0.27967679130365364 0.0474947771178887 0.07631845909205773
8 0.579790170757905 0.41642691435668483 0.04946645407749273 0.09042642319868044
8 0.11250836018741442 0.029858647730144378 0.06717077962517118 0.055034492478152605
8 0.23883856182413182 0.390868007059629 0.1299101235152495 0.1723871285298145
0 0.033544622723826745 0.35421613855894435 0.06708924544765349 0.16468227711788871