1 0.06817446291098338 0.7355846729276935 0.0636331320667471 0.0836693458553869
8 0.4216138076656305 0.26508641950483336 0.04414614767057934 0.06884284190105419
8 0.03341776684702766 0.23601575444862427 0.04619332654882312 0.10790534190105419
9 0.11002345318850329 0.04658052273741301 0.07629690637700656 0.08730368182494201
0 0.18385818012143923 0.29515728558899423 0.16346935775648763 0.08461903361182799
0 0.25065285447712726 0.21602288391583907 0.08279256784239583 0.09224584980971962
0 0.2911716338757694 0.14127489330737925 0.11759029172311405 0.042211357718384954
0 0.2995363325417169 0.06287797927693439 0.10747166327441153 0.05739068874502422
8 0.754842387493814 0.2568361566904332 0.12867827792830422 0.10502969269935694
8 0.9115803883983252 0.28738977281177513 0.09388719810012063 0.1254403517868859
8 0.5482482287419582 0.3162416957022875 0.08534435775648763 0.08143568380210837
8 0.8343738364984457 0.4058585885153752 0.08904256784239592 0.09250051779449713
8 0.9977353547600407 0.2990222925834386 0.004529290479918657 0.09438666996194396
9 0.9362638851189647 0.41624694326801065 0.09628850180902263 0.052257519771663395