4 0.22327165140422492 0.9141909594149211 0.16385886137453215 0.17161808117015767
0 0.2949319674375984 0.8778206314911742 0.0584476650834338 0.10248980032431163
8 0.38930276515360634 0.8974530673671449 0.07218926051544958 0.06682503571381489
9 0.29973889190482816 0.3086342548679687 0.1235680540475859 0.15358074188232518
9 0.20209700927225419 0.18728931452777106 0.09010710085908258 0.11084777110331831
9 0.15830830845860006 0.3812341834403387 0.07637879353213632 0.08719208279171564
9 0.14212230721540461 0.6303983863624381 0.0806635018090223 0.04980117694751698
9 0.030029458107543823 0.34914661201270886 0.060058916215087646 0.09810230925276535
9 0.21748074909548887 0.028037045453047593 0.08847600180902226 0.0499375446422687
8 0.8045824429001964 0.46367372564368015 0.11041295680654813 0.1408625535707225
8 0.799920355608781 0.20945382994575126 0.09003185775648745 0.07962504464226869
8 0.7370530269122513 0.5883913076246169 0.09931832654882307 0.10788641233702041
8 0.8439514801007547 0.5480311347342897 0.07515048620519024 0.06375458279171564
8 0.7072194419956851 0.4862151529982343 0.08649077792830404 0.10141822402541756
8 0.7840596602221939 0.2584407548646734 0.09866322930778519 0.09538641233702042
8 0.5687257507929695 0.6370628124958808 0.0463703889641522 0.050763659090609536
8 0.6660079438047075 0.4370139939076248 0.06971935775648763 0.07927048863591431
8 0.6603887075995174 0.4994730835991993 0.06774742198083886 0.07143071509696383
8 0.7082031671195989 0.28839526176453223 0.05796298620519007 0.06345457386326192
8 0.6599836731124926 0.3430730791349724 0.05796298620519007 0.06345457386326192