9 0.5758855791349724 0.674062130372258 0.0670977711033185 0.08475679508134384
8 0.7266373758058359 0.8505468414392341 0.11114778003177221 0.1021988251355733
8 0.5776504508869139 0.8646962207313376 0.06462733603812651 0.12223861436318444
8 0.1288437946422687 0.08519663573501116 0.0825591298696163 0.07547269867214013
8 0.07668700527500577 0.14097445794371816 0.06951365909060951 0.04414997579950315
8 0.1908955555993173 0.1934404069104459 0.04796594155801359 0.06277271077238851
8 0.460422851459402 0.23640811514875165 0.07765344155801372 0.06294542759490121
8 0.21637106818121907 0.08625007562655256 0.07954322402541773 0.0817045179539809
8 0.45345405681713336 0.15050243140553027 0.07140344155801373 0.0629090661585828
0 0.37599725852141663 0.1892381993595112 0.08954551542127547 0.11769656010845857
0 0.30158363960884893 0.22326828659533282 0.13987279788867965 0.13673745159900638
0 0.12589784699517514 0.2297597019917898 0.12449325973923261 0.1507090480082102
9 0.1350635304322186 0.8891483375304092 0.12600121266133196 0.1475931383672897
9 0.32492487134160913 0.844289313722696 0.07954322402541773 0.08170451795398108
9 0.38653097848634926 0.5689029734618122 0.08889095048646736 0.08019656010845858
9 0.49166808643857307 0.9073882356602564 0.07663641233702041 0.09418633723582168
0 0.2564246927725343 0.5009029280858807 0.18245003571381496 0.06980448165323558