9 0.103125 0.121875 0.0484375 0.0734375
9 0.21796875 0.1421875 0.05234375 0.08203125
1 0.3828125 0.30234375 0.02578125 0.08671875
1 0.4859375 0.4 0.06484375 0.0765625
1 0.475 0.2328125 0.053125 0.07890625
1 0.5515625 0.2984375 0.05703125 0.075
1 0.653125 0.34296875 0.06015625 0.0671875
1 0.70390625 0.28828125 0.07578125 0.08046875
1 0.60546875 0.23984375 0.05078125 0.05859375
1 0.565625 0.10234375 0.16015625 0.1640625
1 0.9765625 0.19375 0.046875 0.06015625
1 0.3890625 0.0921875 0.0390625 0.09375
0 0.44453125 0.33203125 0.0609375 0.0984375
8 0.16484375 0.82578125 0.0609375 0.06875
8 0.11015625 0.88828125 0.06484375 0.053125
8 0.203125 0.9421875 0.046875 0.05