9 0.015514722090688488 0.7722003316792004 0.031029444181376976 0.030599336641599174
9 0.28152823469360777 0.9426218777930402 0.07609113855894431 0.040993181141081435
9 0.4041343235691214 0.777752394956548 0.10417067445232178 0.04074062406898662
9 0.4093279404204533 0.7065130957423363 0.07894335391920819 0.031763730355292806
0 0.32900159441880383 0.6517400126153937 0.12686402837152996 0.06988446856846871
9 0.44793974333608244 0.07666077584996014 0.17496655925034227 0.11425520678164432
9 0.3217085492877195 0.2588633079006641 0.1255288489046434 0.07762419396136275
1 0.7583648339939625 0.6964979710541772 0.08108016693047411 0.1052012303552928
1 0.8212369070343584 0.70761309946639 0.05111988229073816 0.09444351282028159
1 0.896148327330045 0.78760450641465 0.06785274122451135 0.07961903349844608
1 0.7903529683962718 0.7769281796978482 0.06835284639736088 0.0968065334984459
9 0.8713863565595048 0.887842100914132 0.05659699247815268 0.06817211124870504
7 0.7793713189502677 0.5644474503760127 0.06210284639736088 0.09651543507002244
0 0.8240619741357526 0.06258546733012352 0.18864862602253218 0.12517093466024704