8 0.08736886632260658 0.8575984842842341 0.06173913354437941 0.08401543507002245
1 0.1369406204792417 0.9760926961329759 0.0577503155185485 0.04781460773404831
1 0.41441944813849113 0.7823289263835702 0.06183006175762475 0.08714043507002245
1 0.5030620624825406 0.8793002797743924 0.046386918184115444 0.09266268899896417
1 0.18434550323219828 0.7583498091390092 0.045386707838416515 0.05828768899896399
1 0.14931963387358382 0.7075664050862333 0.050528848904643334 0.07413101282028159
1 0.33460156749710557 0.8277633968140655 0.055398205331134064 0.08059933664159899
1 0.294683609658689 0.7697304189399722 0.05204588479802066 0.07264128742738726
0 0.8346279627199674 0.9649027548577003 0.2030006310370968 0.07019449028459945
0 0.9172836868557199 0.9040543006574445 0.06266513605166182 0.06221320967712849
0 0.8313007227490974 0.8984891972666225 0.06096624373179367 0.05745293507002245
0 0.8239345036279098 0.9402764369275403 0.06551735141192587 0.052983758891340216
0 0.754016808721617 0.9237567169113297 0.14224498746358769 0.1158519400324213
8 0.3236948789255259 0.29204422063538316 0.0721598079967011 0.12038958271265772
1 0.9385840930321485 0.3222435285315381 0.06789820533113407 0.08118153349844608
1 0.9453017913036537 0.150914338084832 0.055489133544379496 0.08372433664159913
1 0.8707169799417404 0.215317132336645 0.05852320533113371 0.0807448858558109
1 0.5741317657686106 0.6672776228261323 0.09117056927947224 0.022970927212139714
1 0.770472939033798 0.25589928287476427 0.06137542069139794 0.07151543507002263
1 0.7172737311953815 0.19724772084027098 0.07740959765100222 0.08630568114108117
1 0.814279111836767 0.15261377108794 0.05172763605166182 0.06170378742738745
1 0.8508410859725195 0.06849563626558643 0.1610571719450391 0.06523550992479746
1 0.8132480900626475 0.6534485250168813 0.07700042069139812 0.07224318114108108
0 0.9726198034111011 0.25456803101273745 0.054760393177797795 0.10432793507002262