4 0.1413571704562355 0.01796875 0.09833934091247101 0.0359375
0 0.6867120687065306 0.32578125 0.033924013840164594 0.065625
0 0.6609679693911026 0.25 0.08251802273741297 0.1078125
0 0.12974319121648217 0.11640625 0.09428319368794011 0.128125
0 0.1987452006080223 0.1609375 0.07167868182494201 0.071875
8 0.25697548916276614 0.34375 0.08402217292769346 0.0296875
8 0.3156753740300074 0.19296875 0.08443334980971962 0.078125
8 0.34719067638773454 0.04609375 0.1287563527754691 0.0921875
8 0.45923164482743506 0.68671875 0.13991402866891214 0.1359375
0 0.3631511877936221 0.4953125 0.12027269072219049 0.1140625
0 0.9375 0.0546875 0.125 0.109375
9 0.9620828238780017 0.33203125 0.07583435224399651 0.053125
4 0.8663650069944444 0.8234375 0.08353137749004844 0.209375
0 0.8985434956257379 0.76953125 0.030891855741218423 0.10625
8 0.9455922505686537 0.79296875 0.035486513840164234 0.065625