8 0.14004269613805734 0.23519767749670542 0.07857951795398091 0.07857951795398091
8 0.0797091841360048 0.2653164486721401 0.06121021077238853 0.04722952400410509
8 0.012751736583612266 0.20554601805217673 0.02550347316722453 0.047029536104353474
8 0.1495535306434045 0.3461942648307229 0.047220433645025484 0.05964771077238851
8 0.3425899374556545 0.46997771935659555 0.0722386143631848 0.06291815651766246
8 0.20784327449508438 0.26449935811666875 0.07233860831306052 0.08010565651766247
8 0.3687984343323965 0.3966902102814093 0.0644170240041051 0.06131020472226432
0 0.2945387777165382 0.40328966822512735 0.08502950585373252 0.11299087939029935
0 0.22498025663929938 0.40757264724608444 0.12890677088084707 0.13512040944452863
0 0.08699444330938697 0.35598690046753817 0.11647949375348406 0.14754768657189174
4 0.5613864310127468 0.19467877926866237 0.21868740924813695 0.25907605991206684
4 0.8292375272255589 0.08217073067127702 0.2665249455488823 0.156232861043535
8 0.7025774949318344 0.6353588423039872 0.10385222872636941 0.12559996369925486
8 0.5818145012765463 0.8463821798343965 0.09102497579950324 0.06927724082661797
8 0.8246797539088249 0.5970053903121973 0.09715680113146803 0.04900110226293641
8 0.8015735311343837 0.674217330105543 0.08178633118569749 0.09266019867214012
8 0.6202775584581386 0.8153548936318471 0.09738406010845857 0.08806360226293641
8 0.9067326880448296 0.862335474522957 0.07860678903121965 0.08326701795398109
8 0.9885695370863121 0.6276473780155574 0.016024975799503238 0.06884090359079628
8 0.8137053715916593 0.7375713029781799 0.06760565651766229 0.07226588544042353
8 0.8499155823640479 0.6909053812370111 0.06600679508134384 0.06600679508134402
8 0.7029718837901036 0.8361491826630669 0.058157933645025396 0.05971134328594587
8 0.7733889229195192 0.8185894988216497 0.05814884328594587 0.05814884328594587