0 0.5981951814084485 0.5953683895753553 0.07282957386326191 0.058035131926869356
0 0.43450127962473506 0.2957942669541108 0.06717959172016937 0.09211903349844608
1 0.43956706047058136 0.04935591459674593 0.038509120941162676 0.05955909057054058
9 0.8387273092527654 0.10931968940873955 0.025845479707460584 0.04960189371369372
9 0.8429977978886797 0.17509023862295128 0.025818206168510473 0.04803939371369372
9 0.7886472629856435 0.23656924007069335 0.028752291395857908 0.03724744292790545
9 0.7577830466708636 0.21249388523212911 0.028915932629559826 0.04662244292790545
9 0.803496741475288 0.32703157423109314 0.024146612012708957 0.04171661910658786
9 0.7891984622542949 0.3575902154635875 0.02910684740221221 0.05755994292790545
9 0.7872017654212755 0.15375674007069334 0.025600017856907444 0.035539393713693725
9 0.8086227978886795 0.17348919726662243 0.028970479707460584 0.04974744292790545
8 0.6820369784896446 0.12153709139460092 0.03061480032431163 0.05450771753501131
8 0.6916922167185218 0.3616355525194714 0.025818206168510115 0.04803939371369372
8 0.8493489837646504 0.27062106244426887 0.027326159090609536 0.04498716832079959
8 0.7796752321397973 0.4828256559102936 0.024228432629560002 0.046404119106587774
9 0.71724382142763 0.17079438275092979 0.027217064934808022 0.038737168320799584
8 0.7964558088457283 0.2814279758026697 0.02886138555165907 0.04349744292790545
8 0.758614889608849 0.2601501352321291 0.032095479707460586 0.049892992142117086
8 0.7013284951287361 0.19815524937631826 0.03524775324641087 0.051601041356328904