3 0.79296875 0.715625 0.0875 0.08671875
3 0.62890625 0.846875 0.08359375 0.09140625
8 0.79609375 0.82734375 0.08125 0.07578125
8 0.70859375 0.7625 0.0703125 0.09609375
8 0.5390625 0.58203125 0.0796875 0.09453125
8 0.80859375 0.61015625 0.07734375 0.0703125
8 0.52421875 0.15078125 0.05546875 0.13515625
8 0.246875 0.84375 0.0484375 0.09765625
8 0.82890625 0.509375 0.0578125 0.09453125
8 0.75703125 0.49765625 0.078125 0.109375
8 0.6359375 0.69140625 0.07578125 0.08203125
8 0.56171875 0.40546875 0.0828125 0.12109375
8 0.8359375 0.24375 0.0640625 0.0890625