8 0.13384793101129736 0.6981621302246179 0.04785684740221226 0.057341027735416716
8 0.18099171226088545 0.6369330362847915 0.05690456493480815 0.03880923328249999
8 0.033606423300659605 0.7590652222645833 0.04834777110331836 0.08546602773541671
1 0.009834417008061102 0.9581755227014236 0.019668834016122204 0.05396145459715278
0 0.35607353287773646 0.6281723660725691 0.06614319724005649 0.031214938829583438
8 0.4862677731385038 0.7750811208222219 0.05687729139585791 0.037246733282499986
8 0.5839825243563197 0.8141962125778468 0.04731137662320535 0.026091027735416716
8 0.5968428088523188 0.7037853894395829 0.053534103084255234 0.024673998100139018
8 0.6301638234628154 0.718628486229201 0.050436376623205346 0.026163762917777687
8 0.7488671846647452 0.808015681708298 0.038045470779006864 0.03212282218833344
8 0.7124211700542487 0.7932453201010411 0.037881829545304765 0.022747822188333443
8 0.5616341915646041 0.8865621750587842 0.04591251785690744 0.03542966014423641
8 0.7320439233006596 0.7428089090068744 0.053670470779006864 0.03248649810013902
8 0.6693217808491415 0.712250546449687 0.034811376623205346 0.025800087005972118
8 0.5665786103944462 0.6927758074676037 0.03168637662320535 0.025727351823611144
8 0.6111978149413988 0.9103984121410065 0.09026253571381489 0.0708229526972918
8 0.5754217763849148 0.7230263519205204 0.03790910308425506 0.024310322188333445
8 0.5257763323912691 0.7038776148382981 0.05679547077900686 0.03255923328249999
8 0.6536052776027307 0.7625960385659022 0.03475682954530477 0.022675087005972296
8 0.6913234659143334 0.7492232163775688 0.028425008928453722 0.017842116641249996
1 0.16779365178700884 0.185080248765729 0.042370506492821744 0.10094555737069447
1 0.23528906899529325 0.25535507475378455 0.041852309252765355 0.07125805737069442
4 0.692178222810897 0.34233743674229106 0.07729097727182861 0.13299564437666672
0 0.885670898540598 0.21835115682267286 0.055252336038126515 0.12311149810013892
9 0.9282868668839729 0.10334309945197839 0.05169095941492117 0.09803876291777783
8 0.6700419444006827 0.17885681820118 0.04484094155801373 0.06351829255305556
8 0.7498715405850789 0.07938218864215214 0.05613299756436803 0.0840853656913195
8 0.8012061696439163 0.1359763743376035 0.05465231818121907 0.08873649810013892