8 0.24759909774611297 0.810240255370771 0.126021841377145 0.12016814401654478
0 0.3879289426666371 0.9322345287237248 0.04560516587924912 0.05363407733927232
0 0.12682775155964449 0.9338857460216353 0.07400298439090336 0.06177384134309065
0 0.19456088858295306 0.9190425433640893 0.039136911069925694 0.047311352005090866
0 0.5137746800527653 0.9094702854073603 0.0538541754978958 0.06622498400699968
8 0.43584065301092334 0.903092468730088 0.08025298439090331 0.061846566677272105
8 0.3438143549176891 0.964547042051225 0.07373016587924912 0.05396134134309065
8 0.3977826362207003 0.7619674820575882 0.03546627404661713 0.031649989337999784
8 0.38067449257396985 0.8266385093889065 0.053090283665263985 0.044349984006999674
8 0.3506496866761873 0.8583334047183158 0.03535714664195542 0.028524989337999785
8 0.5784944336809624 0.8242509480824053 0.05643353847458741 0.05063634667409076
8 0.49510158032291784 0.7951441560709512 0.03880952885594056 0.03793635200509069
8 0.5760489907598714 0.8718981074156325 0.05207342068857255 0.05995680267345449
1 0.09243048122604247 0.5536437153484993 0.09793155771188107 0.07610906134627218
1 0.17610856597976554 0.4850578946928625 0.09560516587924908 0.054215880012726814
1 0.2830108743246188 0.28856525003977096 0.15291172359113023 0.12985222668681723
1 0.33286205218476744 0.382933415380316 0.08276291469812272 0.13372156667727228
1 0.43014136778601486 0.01438395739177004 0.07252976442797028 0.01958634134309046
1 0.12432040980398132 0.19996473201781736 0.08425100362819707 0.0868829293443631
1 0.051096186212851134 0.3272897533418178 0.0737301658792491 0.053961341343090476
1 0.48625990381353157 0.13070893873326966 0.06860615626060226 0.041406797342454116
1 0.5294171375714628 0.19295494740608757 0.06715278366526398 0.044513616008908664
1 0.3724553533580446 0.03247033871736131 0.08633929328391084 0.05723179201145402
1 0.22546867051893651 0.5934885600334076 0.06953373920022674 0.06796929734245402
1 0.20436250763491232 0.683123224697635 0.07373016587924912 0.053961341343090476
1 0.5332166831328082 0.6212981234086329 0.07471231252120454 0.08208634134309048
8 0.4532960593563436 0.5375220127307243 0.10768850362819701 0.0871556493475449
4 0.8384373741549828 0.939647039385725 0.20296628729346117 0.12070592122855003