9 0.4698065908289909 0.34780379430068764 0.1587599303072194 0.08097552616718495
9 0.061361662968842226 0.41757390785015547 0.09604167549789593 0.07108531570031093
8 0.511116192542573 0.9279386153332577 0.0750744110699257 0.051152247298576724
9 0.6841170835725967 0.18876053619641842 0.05766865626060227 0.043901189420186615
9 0.6375843678708328 0.3521181099304115 0.08617560217691818 0.05647678413027979
9 0.6471081900106842 0.44623213097709885 0.06353671034428618 0.033327710466874015
9 0.7258433144201211 0.49058064142985547 0.048075401451278844 0.037105157850155376
9 0.7012078690519592 0.27629833355146505 0.05437996515360979 0.03903167889684287
4 0.7154018330244425 0.3925148677523321 0.07718254809323426 0.06686825256024873
1 0.875411750084818 0.37532590970453256 0.08677580290255768 0.07366428413027978
1 0.7854935890148923 0.32330911242007304 0.052455366604888455 0.07322466837349921
9 0.6850546233131285 0.4835270046263873 0.05120040145127884 0.03728716837349921
0 0.9236434412766286 0.707152033353821 0.03337798439090349 0.06275760523343692
0 0.7481970079741844 0.6618486966774098 0.04900298439090349 0.06366765785015538
9 0.7598984329239261 0.9299539545699176 0.029761911069925696 0.04851309471009344
8 0.898045729751216 0.7555594412745636 0.026746038474587407 0.05145608418674961
8 0.7246603373704298 0.9255625861823009 0.0230208377489479 0.03408657366340577
8 0.7801439563375709 0.8399127834949953 0.05234623920022674 0.07009966837349921
0 0.8865899076961826 0.9746662785509657 0.043080366604888454 0.05066744289806877
0 0.8149802586071566 0.7881451571442838 0.03332342068857237 0.06119510523343692
0 0.7671578282999372 0.7136310045558002 0.023402783665263983 0.04502407366340577
8 0.7439683541606528 0.7863481677382147 0.049603185116542825 0.08085515785015537
8 0.7294371174074967 0.8837391072289883 0.03590278366526398 0.0457521157567804
8 0.84106655425332 0.686749257116049 0.04900298439090349 0.06366765785015538