8 0.8568771034569899 0.38319383705137466 0.10190949247815269 0.07028257485477489
8 0.97421875 0.08599996753050208 0.0515625 0.08365156203449328
4 0.8032112311953815 0.2012503242310931 0.17681856426490725 0.07065075599585598
1 0.9113960850480829 0.7017105506574446 0.029716243731793667 0.05599744292790554
1 0.8200078700835303 0.8589536623204342 0.033295884798020835 0.07176799214211727
8 0.7709636501709198 0.5945251352321291 0.0329321719450391 0.05926799214211727
8 0.7783742995504169 0.8492126352321291 0.03596624373179384 0.05628854135632899
0 0.3144944090129155 0.029471446028277337 0.1227388180258309 0.03536391935425688
0 0.26858852711788866 0.08740807051154868 0.15125627461060623 0.10378858767505643
8 0.15587792695960415 0.02130357340703281 0.19144335391920828 0.037003502066914606
8 0.48703699874635875 0.03360679011347458 0.1396989974927175 0.028351940032421308
0 0.17834555581862305 0.7666524607105858 0.17175063103709695 0.11098465756743252
0 0.3403464844940868 0.4621212801886771 0.09575042069139794 0.07311647642635144
7 0.4324885203874641 0.4648524820079227 0.05403428213245363 0.03372433664159917