8 0.5528069947216989 0.3589410458157995 0.0733750446422686 0.0884474303072194
8 0.4439290523529064 0.15994549590846677 0.08647506249917622 0.1232589399258662
8 0.3753128348170153 0.6572445926430894 0.054434129869616224 0.07685516587924912
8 0.43062544642268696 0.8738889448200077 0.060493215096963836 0.06613592068857237
8 0.663428669233584 0.5236434412766287 0.06254663879807013 0.0943154843909035
8 0.726896879866321 0.5812947393698629 0.0417704886359143 0.06704365626060209
8 0.7506067098153675 0.9108284719466677 0.0669341298696164 0.0772916754978958
8 0.6546299622509996 0.824714867955651 0.08573867694751698 0.08107143992586643
8 0.6199342191541537 0.2683730987183572 0.05281708279171564 0.07367560217691826
8 0.6319199760540126 0.19461814018816948 0.05901253571381489 0.07076885698624169
8 0.34658999675029384 0.4430903234057958 0.04316934740221221 0.05772321996293321
8 0.39918316274076215 0.4144767392850448 0.04242505357072242 0.10454365626060227