0 0.08984375 0.31484375 0.0515625 0.1265625
0 0.2609375 0.1359375 0.08359375 0.1
0 0.01015625 0.19921875 0.0203125 0.0828125
9 0.0078125 0.353125 0.01484375 0.08828125
9 0.3828125 0.02265625 0.0515625 0.04453125
9 0.39921875 0.11953125 0.04140625 0.08984375
8 0.22421875 0.0359375 0.04765625 0.07109375
8 0.29453125 0.04765625 0.06171875 0.09453125
9 0.81015625 0.27734375 0.0484375 0.0515625
9 0.70703125 0.28359375 0.0625 0.0515625
9 0.6078125 0.134375 0.04921875 0.0546875
5 0.2484375 0.9140625 0.05703125 0.08984375
0 0.38671875 0.86328125 0.04453125 0.09296875
8 0.603125 0.92265625 0.0625 0.04296875
8 0.525 0.921875 0.05390625 0.053125
8 0.65234375 0.78046875 0.05703125 0.05
8 0.68515625 0.81953125 0.03203125 0.04140625
8 0.64921875 0.8875 0.0328125 0.04453125
8 0.740625 0.76171875 0.046875 0.028125
8 0.81640625 0.61015625 0.046875 0.046875
8 0.6671875 0.72890625 0.0609375 0.046875
8 0.753125 0.6015625 0.04453125 0.04140625
0 0.73203125 0.90703125 0.05078125 0.03671875
0 0.76875 0.65234375 0.08828125 0.0515625
0 0.78125 0.70078125 0.10078125 0.08125
0 0.7578125 0.8046875 0.11328125 0.0734375