8 0.18145551882026137 0.4853158521647404 0.040301347832553215 0.06896816861791084
6 0.182051085018153 0.4040885780624395 0.027292011862998056 0.056395445745273956
6 0.2336891808735399 0.4637499243734474 0.028854511862998145 0.056404536104353475
6 0.2540534190105418 0.40763173458010193 0.03468801779449713 0.08455680718159223
0 0.4727848784786316 0.21676233664664646 0.16488485376405215 0.09781130698520064
0 0.9420110168430951 0.4803678570365143 0.07652800790866543 0.03793633723582168
0 0.5260080375661607 0.18114299921443308 0.054780341901054186 0.040934072208707
0 0.5917961581361268 0.35804638767991875 0.14655134783255336 0.06958631303532484
0 0.6185151670333754 0.40037933342519266 0.18704901384016442 0.06669766237139481
0 0.5412576472617119 0.3062020865484506 0.12442167984777566 0.06320904800821019
0 0.9029564926228073 0.3653241191367627 0.1230501808363588 0.06788745764913048
0 0.7516486606075847 0.37069235430603975 0.11048651384016459 0.0662522347764936
0 0.8064860578321158 0.27884574277152546 0.15994268577927465 0.0915340359079618
9 0.6435986690477228 0.8051168304001305 0.05946784190105418 0.040961343285945875
9 0.46708524859148726 0.7861254150036736 0.05908583992388792 0.031586343285945874
9 0.4692698311010014 0.7822328005422929 0.01756950197716627 0.00947499394987581