8 0.6467014183263198 0.20759512256931095 0.04560516587924912 0.05388865909060954
6 0.7074851509031246 0.22451384131972282 0.03870040145127884 0.0350295649348082
6 0.647304108252186 0.29201103287773644 0.03880952885594056 0.0381545649348082
6 0.68164439191745 0.33518828855977933 0.06079365626060227 0.04166139448011297
4 0.7554316438163665 0.7020933705407161 0.07427580290255768 0.07000458279171565
4 0.8538344274816305 0.744152411125795 0.060902783665263985 0.04478639448011297
4 0.7494247243937384 0.8882490588523189 0.04969246515360979 0.036782979707460584
9 0.7179143187661083 0.9708803267092263 0.04160714664195542 0.028834112012708957
8 0.802487693090727 0.6840740276027306 0.05508929328391084 0.05717730032431163
6 0.5617138047166562 0.10198209659472864 0.08874009618646853 0.12647277110331837
6 0.39955854509800937 0.09675049472499422 0.2334920901960187 0.19350098944998845
0 0.3672297832867458 0.8902299391256768 0.06995040145127884 0.03557503571381489
0 0.3373388974445636 0.7953810892878327 0.06348214664195542 0.029215941558013724
0 0.24475952784445018 0.7633828413164275 0.05723214664195542 0.02910684740221221
7 0.33795396713734427 0.723451542209932 0.0789980192372937 0.026363676947516977
7 0.5868775951749781 0.8449644833642038 0.03541171034428636 0.03028751785690744
7 0.12797876641170483 0.7099186964292776 0.03492063702330857 0.016225017856907442