6 0.2138107269577612 0.6676348147271257 0.2239820735222316 0.17654108260730722
6 0.17163936653323955 0.7757117391794474 0.11999325256024873 0.07836434389007821
6 0.2760237586689666 0.8046514299291051 0.07926183674699834 0.10213681301126591
6 0.22719214554302186 0.8396091031277855 0.1709943104386391 0.09700669530200443
6 0.07523501091157313 0.8456498176301196 0.15047002182314625 0.08248955423577727
6 0.020004602955536903 0.7089969152811216 0.040009205911073806 0.06013116943775678
6 0.09541225354846913 0.9596524816576 0.06356124203690505 0.07360263605166181
6 0.14681512982859352 0.9207203622989855 0.1266072736069362 0.08479620031656906
6 0.1877432376928664 0.8875525096334185 0.10106124203690507 0.0746937746106063
6 0.057758877056583245 0.775905618962903 0.09684417889684287 0.05585284639736088
0 0.9459161136200549 0.45759062952075824 0.06139106826055958 0.17025031551854858
0 0.8773327135918201 0.4299490143187789 0.1373165314288567 0.16154055674305995
6 0.7027947161520688 0.3601546545270759 0.1590851156156063 0.18713159012915473
0 0.2005467605939309 0.06915015944188038 0.15046897881213822 0.13830031888376076
0 0.2644055922910189 0.1872880851810968 0.04461382096198285 0.09644910266556703
0 0.20302077125844892 0.21013220328607002 0.043976784130279875 0.08551160266556704
0 0.19521524751033842 0.1432856840857401 0.04637374203690507 0.07310253087881238
0 0.1446846264918859 0.18063257139104322 0.10303253669052861 0.1621028463973609