6 0.746875 0.325 0.2140625 0.1703125
6 0.7828125 0.21796875 0.11484375 0.075
6 0.6765625 0.1859375 0.0734375 0.1
6 0.7234375 0.15234375 0.16640625 0.0921875
6 0.87734375 0.15078125 0.15 0.07734375
6 0.96015625 0.28984375 0.0796875 0.0578125
6 0.8484375 0.0359375 0.05859375 0.07109375
6 0.79921875 0.0734375 0.12265625 0.08125
6 0.76015625 0.10546875 0.09609375 0.07109375
6 0.896875 0.22109375 0.09375 0.05390625
0 0.02578125 0.5140625 0.0515625 0.16875
0 0.09609375 0.54375 0.12890625 0.1578125
6 0.275 0.61875 0.1484375 0.1828125
0 0.7953125 0.92890625 0.1421875 0.1421875
0 0.72421875 0.8046875 0.0390625 0.0953125
0 0.784375 0.78359375 0.0390625 0.08359375
0 0.79609375 0.85078125 0.0421875 0.07109375
0 0.84453125 0.81484375 0.09375 0.15859375