8 0.640625 0.1671875 0.1078125 0.11953125
8 0.78046875 0.23515625 0.1578125 0.178125
0 0.425 0.625 0.0484375 0.15
0 0.28359375 0.57890625 0.1109375 0.11171875
0 0.40703125 0.796875 0.05390625 0.0890625
0 0.20234375 0.796875 0.121875 0.20078125
0 0.1046875 0.56875 0.059375 0.10546875
0 0.2921875 0.7859375 0.08359375 0.0953125
0 0.3796875 0.965625 0.1125 0.06875
7 0.46875 0.57890625 0.03828125 0.11953125
7 0.97578125 0.55 0.0484375 0.08125
0 0.74140625 0.5609375 0.0953125 0.09140625
0 0.90703125 0.55859375 0.1421875 0.09921875